t,x,y,fh,fv,r,s,frame:
0,229,240,0,0,0,-117,0
1,229,240,0,0,0,-117,0
2,229,240,0,0,0,-117,0
3,229,240,0,0,0,-117,0
4,229,240,0,0,0,-117,0
5,229,240,0,0,0,-117,0
6,229,240,0,0,0,-117,0
7,229,240,0,0,0,-117,0
8,229,240,0,0,0,-117,0
9,229,240,0,0,0,-117,0
10,229,240,0,0,0,-117,0
11,229,240,0,0,0,-117,0
12,229,240,0,0,0,-117,0
13,229,240,0,0,0,-117,0
14,229,241,0,0,0,-117,0
15,228,243,0,0,0,-117,0
16,228,243,0,0,0,-117,0
17,228,243,0,0,0,-117,0
18,228,243,0,0,0,-117,0
19,228,243,0,0,0,-117,0
20,228,243,0,0,0,-117,0
21,228,243,0,0,0,-117,0
22,229,243,0,0,0,-117,0
23,229,242,0,0,0,-117,0
24,229,242,0,0,0,-117,0
25,229,242,0,0,0,-117,0
26,229,241,0,0,0,-117,0
27,229,241,0,0,0,-117,0
28,229,241,0,0,0,-117,0
29,229,241,0,0,0,-117,0
30,229,241,0,0,0,-117,0
31,229,241,0,0,0,-117,0
32,229,241,0,0,0,-117,0
33,229,242,0,0,0,-117,0
34,229,242,0,0,0,-117,0
35,229,242,0,0,0,-117,0
36,229,242,0,0,0,-117,0
37,229,242,0,0,0,-117,0
38,229,242,0,0,0,-117,0
39,229,242,0,0,0,-117,0
40,-352,94,1,0,0,-117,0
41,-352,94,1,0,0,-117,0
42,-352,94,1,0,0,-117,0
43,-352,94,1,0,0,-117,0
44,-352,95,1,0,0,-117,0
45,-352,95,1,0,0,-117,0
46,-352,95,1,0,0,-117,0
47,-352,95,1,0,0,-117,0
48,-352,95,1,0,0,-117,0
49,-352,95,1,0,0,-117,0
50,-352,95,1,0,0,-117,0
51,-352,95,1,0,0,-117,0
52,-351,95,1,0,0,-117,0
53,-351,95,1,0,0,-117,0
54,-351,95,1,0,0,-117,0
55,-351,95,1,0,0,-117,0
56,-351,95,1,0,0,-117,0
57,-351,95,1,0,0,-117,0
58,-351,96,1,0,0,-117,0
59,-351,98,1,0,0,-117,0
60,-351,99,1,0,0,-117,0
61,-351,100,1,0,0,-117,0
62,-351,100,1,0,0,-117,0
63,-351,100,1,0,0,-117,0
64,-351,100,1,0,0,-117,0
65,-351,100,1,0,0,-117,0
66,-351,100,1,0,0,-117,0
67,-351,100,1,0,0,-117,0
68,-351,100,1,0,0,-117,0
69,-351,100,1,0,0,-117,0
70,-351,100,1,0,0,-117,0
71,-351,100,1,0,0,-117,0
72,-351,100,1,0,0,-117,0
73,-351,100,1,0,0,-117,0
74,-351,100,1,0,0,-117,0
75,-351,100,1,0,0,-117,0
76,-351,100,1,0,0,-117,0
77,-351,100,1,0,0,-117,0
78,-351,100,1,0,0,-117,0
79,-351,100,1,0,0,-117,0
80,-351,100,1,0,0,-117,0
81,320,-85,0,0,0,-117,0
82,320,-85,0,0,0,-117,0
83,320,-85,0,0,0,-117,0
84,320,-85,0,0,0,-117,0
85,320,-85,0,0,0,-117,0
86,320,-85,0,0,0,-117,0
87,320,-85,0,0,0,-117,0
88,319,-84,0,0,0,-117,0
89,319,-82,0,0,0,-117,0
90,318,-79,0,0,0,-117,0
91,318,-78,0,0,0,-117,0
92,318,-78,0,0,0,-117,0
93,318,-77,0,0,0,-117,0
94,318,-77,0,0,0,-117,0
95,318,-78,0,0,0,-117,0
96,318,-78,0,0,0,-117,0
97,318,-78,0,0,0,-117,0
98,319,-79,0,0,0,-117,0
99,319,-80,0,0,0,-117,0
100,319,-80,0,0,0,-117,0
101,319,-80,0,0,0,-117,0
102,319,-80,0,0,0,-117,0
103,319,-80,0,0,0,-117,0
104,319,-80,0,0,0,-117,0
105,319,-80,0,0,0,-117,0
106,319,-80,0,0,0,-117,0
107,319,-80,0,0,0,-117,0
108,319,-80,0,0,0,-117,0
109,319,-80,0,0,0,-117,0
110,320,-80,0,0,0,-117,0
111,320,-80,0,0,0,-117,0
112,321,-81,0,0,0,-117,0
113,321,-82,0,0,0,-117,0
114,321,-82,0,0,0,-117,0
115,321,-82,0,0,0,-117,0
116,321,-82,0,0,0,-117,0
117,321,-81,0,0,0,-117,0
118,321,-81,0,0,0,-117,0
119,321,-81,0,0,0,-117,0
120,321,-81,0,0,0,-117,0
121,321,-81,0,0,0,-117,0
122,321,-81,0,0,0,-117,0
123,321,-81,0,0,0,-117,0
124,321,-81,0,0,0,-117,0
125,-360,-148,1,0,0,-117,0
126,-360,-148,1,0,0,-117,0
127,-360,-148,1,0,0,-117,0
128,-360,-148,1,0,0,-117,0
129,-360,-148,1,0,0,-117,0
130,-360,-147,1,0,0,-117,0
131,-360,-144,1,0,0,-117,0
132,-360,-142,1,0,0,-117,0
133,-360,-141,1,0,0,-117,0
134,-360,-141,1,0,0,-117,0
135,-360,-141,1,0,0,-117,0
136,-360,-141,1,0,0,-117,0
137,-360,-141,1,0,0,-117,0
138,-360,-141,1,0,0,-117,0
139,-360,-141,1,0,0,-117,0
140,-360,-143,1,0,0,-117,0
141,-360,-145,1,0,0,-117,0
142,-360,-146,1,0,0,-117,0
143,-360,-146,1,0,0,-117,0
144,-360,-146,1,0,0,-117,0
145,-360,-146,1,0,0,-117,0
146,-360,-146,1,0,0,-117,0
147,-360,-146,1,0,0,-117,0
148,-360,-145,1,0,0,-117,0
149,-360,-144,1,0,0,-117,0
150,-360,-143,1,0,0,-117,0
151,-360,-142,1,0,0,-117,0
152,-360,-142,1,0,0,-117,0
153,-360,-142,1,0,0,-117,0
154,-360,-142,1,0,0,-117,0
155,-360,-142,1,0,0,-117,0
156,-360,-142,1,0,0,-117,0
157,-360,-142,1,0,0,-117,0
158,-360,-142,1,0,0,-117,0
159,-360,-143,1,0,0,-117,0
160,-359,-145,1,0,0,-117,0
161,-358,-146,1,0,0,-117,0
162,-358,-148,1,0,0,-117,0
163,-358,-149,1,0,0,-117,0
164,-358,-149,1,0,0,-117,0
165,-358,-149,1,0,0,-117,0
166,-358,-149,1,0,0,-117,0
167,-358,-148,1,0,0,-117,0
168,-358,-147,1,0,0,-117,0
169,-358,-147,1,0,0,-117,0
170,-358,-147,1,0,0,-117,0
171,-358,-147,1,0,0,-117,0
172,-358,-147,1,0,0,-117,0
173,-358,-147,1,0,0,-117,0
174,-358,-147,1,0,0,-117,0
175,-358,-147,1,0,0,-117,0
176,-358,-147,1,0,0,-117,0
177,-358,-147,1,0,0,-117,0
178,-358,-148,1,0,0,-117,0
179,-358,-148,1,0,0,-117,0
180,-358,-149,1,0,0,-117,0
181,-358,-149,1,0,0,-117,0
182,-358,-149,1,0,0,-117,0
183,-358,-149,1,0,0,-117,0
184,-358,-148,1,0,0,-117,0
185,-358,-145,1,0,0,-117,0
186,-358,-143,1,0,0,-117,0
187,-358,-142,1,0,0,-117,0
188,-358,-142,1,0,0,-117,0
189,-358,-142,1,0,0,-117,0
190,-358,-142,1,0,0,-117,0
191,-358,-142,1,0,0,-117,0
192,-358,-142,1,0,0,-117,0
193,-358,-142,1,0,0,-117,0
194,-358,-145,1,0,0,-117,0
195,-357,-148,1,0,0,-117,0
196,-357,-149,1,0,0,-117,0
197,-357,-150,1,0,0,-117,0
198,-357,-150,1,0,0,-117,0
199,-357,-150,1,0,0,-117,0
200,-357,-150,1,0,0,-117,0
201,-357,-150,1,0,0,-117,0
202,-357,-148,1,0,0,-117,0
203,-357,-147,1,0,0,-117,0
204,-357,-146,1,0,0,-117,0
205,-357,-146,1,0,0,-117,0
206,-357,-145,1,0,0,-117,0
207,-357,-145,1,0,0,-117,0
208,-357,-145,1,0,0,-117,0
209,-357,-145,1,0,0,-117,0
210,-357,-145,1,0,0,-117,0
211,-357,-145,1,0,0,-117,0
212,-357,-145,1,0,0,-117,0
213,-357,-146,1,0,0,-117,0
214,-357,-147,1,0,0,-117,0
215,-356,-148,1,0,0,-117,0
216,-356,-149,1,0,0,-117,0
217,-356,-149,1,0,0,-117,0
218,-356,-149,1,0,0,-117,0
219,-356,-149,1,0,0,-117,0
220,-356,-149,1,0,0,-117,0
221,-356,-148,1,0,0,-117,0
222,-356,-147,1,0,0,-117,0
223,-356,-145,1,0,0,-117,0
224,-356,-144,1,0,0,-117,0
225,-356,-143,1,0,0,-117,0
226,-356,-142,1,0,0,-117,0
227,-356,-141,1,0,0,-117,0
228,-356,-141,1,0,0,-117,0
229,-356,-141,1,0,0,-117,0
230,-356,-141,1,0,0,-117,0
231,-356,-142,1,0,0,-117,0
232,-356,-143,1,0,0,-117,0
233,-356,-146,1,0,0,-117,0
234,-355,-147,1,0,0,-117,0
235,-354,-148,1,0,0,-117,0
236,-354,-148,1,0,0,-117,0
237,-354,-148,1,0,0,-117,0
238,-354,-148,1,0,0,-117,0
239,-354,-148,1,0,0,-117,0
240,-354,-147,1,0,0,-117,0
241,-354,-146,1,0,0,-117,0
242,-354,-145,1,0,0,-117,0
243,-354,-144,1,0,0,-117,0
244,-354,-144,1,0,0,-117,0
245,-354,-144,1,0,0,-117,0
246,-354,-144,1,0,0,-117,0
247,-354,-144,1,0,0,-117,0
248,-354,-144,1,0,0,-117,0
249,-354,-144,1,0,0,-117,0
250,-354,-144,1,0,0,-117,0
251,-354,-144,1,0,0,-117,0
252,-354,-144,1,0,0,-117,0
253,-354,-144,1,0,0,-117,0
254,-354,-146,1,0,0,-117,0
255,-354,-147,1,0,0,-117,0
256,-354,-148,1,0,0,-117,0
257,-354,-148,1,0,0,-117,0
258,-354,-148,1,0,0,-117,0
259,-354,-148,1,0,0,-117,0
260,-354,-148,1,0,0,-117,0
261,-354,-148,1,0,0,-117,0
262,-354,-146,1,0,0,-117,0
263,-354,-144,1,0,0,-117,0
264,-354,-143,1,0,0,-117,0
265,-354,-142,1,0,0,-117,0
266,-354,-142,1,0,0,-117,0
267,-354,-142,1,0,0,-117,0
268,-354,-142,1,0,0,-117,0
269,-354,-142,1,0,0,-117,0
270,-354,-142,1,0,0,-117,0
271,-354,-142,1,0,0,-117,0
272,-354,-143,1,0,0,-117,0
273,-354,-144,1,0,0,-117,0
274,-354,-144,1,0,0,-117,0
275,-354,-145,1,0,0,-117,0
276,-354,-145,1,0,0,-117,0
277,-354,-145,1,0,0,-117,0
278,-354,-145,1,0,0,-117,0
279,-354,-145,1,0,0,-117,0
280,-354,-145,1,0,0,-117,0
281,-354,-145,1,0,0,-117,0
282,-354,-145,1,0,0,-117,0
283,-354,-144,1,0,0,-117,0
284,-354,-144,1,0,0,-117,0
285,-354,-144,1,0,0,-117,0
286,-354,-143,1,0,0,-117,0
287,-354,-143,1,0,0,-117,0
288,-354,-143,1,0,0,-117,0
289,-354,-143,1,0,0,-117,0
290,-354,-143,1,0,0,-117,0
291,-354,-144,1,0,0,-117,0
292,-354,-145,1,0,0,-117,0
293,-353,-146,1,0,0,-117,0
294,-353,-147,1,0,0,-117,0
295,-353,-147,1,0,0,-117,0
296,-353,-147,1,0,0,-117,0
297,-353,-147,1,0,0,-117,0
298,-353,-147,1,0,0,-117,0
299,-353,-145,1,0,0,-117,0
300,-353,-145,1,0,0,-117,0
301,-353,-144,1,0,0,-117,0
302,-353,-142,1,0,0,-117,0
303,-353,-141,1,0,0,-117,0
304,-353,-140,1,0,0,-117,0
305,-353,-139,1,0,0,-117,0
306,-353,-139,1,0,0,-117,0
307,-353,-139,1,0,0,-117,0
308,-353,-139,1,0,0,-117,0
309,-353,-140,1,0,0,-117,0
310,-353,-142,1,0,0,-117,0
311,-352,-143,1,0,0,-117,0
312,-352,-145,1,0,0,-117,0
313,-352,-146,1,0,0,-117,0
314,-351,-146,1,0,0,-117,0
315,-351,-146,1,0,0,-117,0
316,-351,-146,1,0,0,-117,0
317,-351,-146,1,0,0,-117,0
318,-351,-144,1,0,0,-117,0
319,-351,-144,1,0,0,-117,0
320,-351,-143,1,0,0,-117,0
321,-351,-143,1,0,0,-117,0
322,-351,-143,1,0,0,-117,0
323,-351,-143,1,0,0,-117,0
324,-351,-143,1,0,0,-117,0
325,-351,-143,1,0,0,-117,0
326,-351,-144,1,0,0,-117,0
327,-351,-144,1,0,0,-117,0
328,-351,-145,1,0,0,-117,0
329,-351,-145,1,0,0,-117,0
330,-351,-145,1,0,0,-117,0
331,-351,-145,1,0,0,-117,0
332,-351,-145,1,0,0,-117,0
333,-351,-144,1,0,0,-117,0
334,-351,-144,1,0,0,-117,0
335,-351,-143,1,0,0,-117,0
336,-351,-143,1,0,0,-117,0
337,-351,-143,1,0,0,-117,0
338,-351,-143,1,0,0,-117,0
339,-351,-143,1,0,0,-117,0
340,-351,-143,1,0,0,-117,0
341,-351,-143,1,0,0,-117,0
342,-351,-143,1,0,0,-117,0
343,-351,-143,1,0,0,-117,0
344,-351,-143,1,0,0,-117,0
345,-351,-143,1,0,0,-117,0
346,-351,-143,1,0,0,-117,0
347,-351,-143,1,0,0,-117,0
348,-351,-143,1,0,0,-117,0
349,-351,-143,1,0,0,-117,0
350,-351,-143,1,0,0,-117,0
351,-351,-143,1,0,0,-117,0
352,-351,-143,1,0,0,-117,0
353,-351,-143,1,0,0,-117,0
354,-351,-143,1,0,0,-117,0
355,-351,-143,1,0,0,-117,0
356,-351,-143,1,0,0,-117,0
357,-351,-143,1,0,0,-117,0
358,-351,-143,1,0,0,-117,0
