t,x,y,fh,fv,r,s,frame:
0,-177,78,0,0,75,-48,0
1,-177,78,0,0,75,-48,0
2,-177,78,0,0,75,-48,0
3,-177,78,0,0,75,-48,0
4,-177,78,0,0,75,-48,0
5,-177,78,0,0,75,-48,0
6,-177,79,0,0,75,-48,0
7,-177,79,0,0,75,-48,0
8,-177,79,0,0,75,-48,0
9,-177,79,0,0,75,-48,0
10,-177,79,0,0,75,-48,0
11,-177,80,0,0,75,-48,0
12,-177,80,0,0,75,-48,0
13,-177,80,0,0,75,-48,0
14,-177,80,0,0,75,-48,0
15,-177,80,0,0,75,-48,0
16,-177,80,0,0,75,-48,0
17,-177,80,0,0,75,-48,0
18,-177,81,0,0,75,-48,0
19,-178,82,0,0,75,-48,0
20,-178,82,0,0,75,-48,0
21,-178,82,0,0,75,-48,0
22,-178,82,0,0,75,-48,0
23,-178,82,0,0,75,-48,0
24,-179,82,0,0,75,-48,0
25,-179,77,0,0,75,-48,0
26,-178,77,0,0,75,-48,0
27,-178,77,0,0,75,-48,0
28,-177,77,0,0,75,-48,0
29,-177,78,0,0,75,-48,0
30,-177,78,0,0,75,-48,0
31,-177,78,0,0,75,-48,0
32,-177,78,0,0,75,-48,0
33,-176,78,0,0,75,-48,0
34,-176,78,0,0,75,-48,0
35,-176,79,0,0,75,-48,0
36,-175,79,0,0,75,-48,0
37,-175,79,0,0,75,-48,0
38,-175,79,0,0,75,-48,0
39,-175,79,0,0,75,-48,0
40,-175,79,0,0,75,-48,0
41,-174,79,0,0,75,-48,0
42,-174,79,0,0,75,-48,0
43,-174,79,0,0,75,-48,0
44,-174,79,0,0,75,-48,0
45,-174,79,0,0,75,-48,0
46,-173,79,0,0,75,-48,0
47,-172,79,0,0,75,-48,0
48,-172,79,0,0,75,-48,0
49,-172,79,0,0,75,-48,0
50,-172,79,0,0,75,-48,0
51,-172,79,0,0,75,-48,0
52,-172,79,0,0,75,-48,0
53,-172,79,0,0,75,-48,0
54,-171,79,0,0,75,-48,0
55,-171,79,0,0,75,-48,0
56,-171,79,0,0,75,-48,0
57,-171,79,0,0,75,-48,0
58,-171,79,0,0,75,-48,0
59,-171,79,0,0,75,-48,0
60,-171,79,0,0,75,-48,0
61,-171,79,0,0,75,-48,0
62,-171,79,0,0,75,-48,0
63,-171,79,0,0,75,-48,0
64,-171,79,0,0,75,-48,0
65,-171,79,0,0,75,-48,0
66,-171,79,0,0,75,-48,0
67,-171,79,0,0,75,-48,0
68,-170,79,0,0,75,-48,0
69,-170,78,0,0,75,-48,0
70,-169,78,0,0,75,-48,0
71,-169,78,0,0,75,-48,0
72,-169,78,0,0,75,-48,0
73,-169,78,0,0,75,-48,0
74,-169,78,0,0,75,-48,0
75,-169,78,0,0,75,-48,0
76,-169,78,0,0,75,-48,0
77,-169,78,0,0,75,-48,0
78,-169,78,0,0,75,-48,0
79,-169,78,0,0,75,-48,0
80,-168,78,0,0,75,-48,0
81,-168,78,0,0,75,-48,0
82,-168,77,0,0,75,-48,0
83,-168,77,0,0,75,-48,0
84,-168,77,0,0,75,-48,0
85,-168,77,0,0,75,-48,0
86,-167,77,0,0,75,-48,0
87,-167,77,0,0,75,-48,0
88,-167,77,0,0,75,-48,0
89,-166,76,0,0,75,-48,0
90,-166,76,0,0,75,-48,0
91,-166,76,0,0,75,-48,0
92,-166,76,0,0,75,-48,0
93,-166,76,0,0,75,-48,0
94,-166,76,0,0,75,-48,0
95,-166,76,0,0,75,-48,0
96,-166,76,0,0,75,-48,0
97,-166,76,0,0,75,-48,0
98,-166,76,0,0,75,-48,0
99,-166,76,0,0,75,-48,0
100,-166,76,0,0,75,-48,0
101,-166,76,0,0,75,-48,0
102,-167,76,0,0,75,-48,0
103,-168,76,0,0,75,-48,0
104,-168,76,0,0,75,-48,0
105,-168,76,0,0,75,-48,0
106,-168,76,0,0,75,-48,0
107,-168,76,0,0,75,-48,0
108,-169,76,0,0,75,-48,0
109,-169,76,0,0,75,-48,0
110,-170,76,0,0,75,-48,0
111,-171,76,0,0,75,-48,0
112,-171,76,0,0,75,-48,0
113,-171,76,0,0,75,-48,0
114,-171,76,0,0,75,-48,0
115,-171,76,0,0,75,-48,0
116,-171,76,0,0,75,-48,0
117,-171,76,0,0,75,-48,0
118,-171,76,0,0,75,-48,0
119,-171,76,0,0,75,-48,0
120,-172,76,0,0,75,-48,0
121,-172,76,0,0,75,-48,0
122,-172,76,0,0,75,-48,0
123,-172,77,0,0,75,-48,0
124,-172,77,0,0,75,-48,0
125,-172,77,0,0,75,-48,0
126,-172,77,0,0,75,-48,0
127,-173,77,0,0,75,-48,0
128,-173,77,0,0,75,-48,0
129,-173,77,0,0,75,-48,0
130,-173,77,0,0,75,-48,0
131,-173,77,0,0,75,-48,0
132,-174,78,0,0,75,-48,0
133,-175,78,0,0,75,-48,0
134,-175,78,0,0,75,-48,0
135,-175,78,0,0,75,-48,0
136,-175,78,0,0,75,-48,0
137,-175,78,0,0,75,-48,0
138,-175,78,0,0,75,-48,0
139,-175,78,0,0,75,-48,0
140,-176,78,0,0,75,-48,0
141,-176,78,0,0,75,-48,0
142,-176,78,0,0,75,-48,0
143,-176,78,0,0,75,-48,0
144,-176,78,0,0,75,-48,0
145,-176,78,0,0,75,-48,0
146,-176,79,0,0,75,-48,0
147,-177,79,0,0,75,-48,0
148,-177,79,0,0,75,-48,0
149,-177,79,0,0,75,-48,0
150,-178,79,0,0,75,-48,0
151,-178,79,0,0,75,-48,0
152,-178,79,0,0,75,-48,0
153,-178,79,0,0,75,-48,0
154,-178,79,0,0,75,-48,0
155,-178,79,0,0,75,-48,0
156,-178,79,0,0,75,-48,0
157,-178,79,0,0,75,-48,0
158,-178,79,0,0,75,-48,0
