t,x,y,fh,fv,r,s,frame:
0,22,53,0,0,0,0,0
1,22,53,0,0,0,0,0
2,23,54,0,0,0,0,0
3,23,54,0,0,0,0,0
4,23,55,0,0,0,0,0
5,23,56,0,0,0,0,0
6,23,57,0,0,0,0,0
7,20,58,0,0,0,0,0
8,18,60,0,0,0,0,0
9,17,61,0,0,0,0,0
10,16,62,0,0,0,0,0
11,16,62,0,0,0,0,0
12,15,63,0,0,0,0,0
13,12,65,0,0,0,0,0
14,10,66,0,0,0,0,0
15,8,67,0,0,0,0,0
16,6,69,0,0,0,0,0
17,6,69,0,0,0,0,0
18,6,69,0,0,0,0,0
19,6,69,0,0,0,0,0
20,6,69,0,0,0,0,0
21,4,70,0,0,0,0,0
22,2,71,0,0,0,0,0
23,0,72,0,0,0,0,0
24,-1,72,0,0,0,0,0
25,-3,73,0,0,0,0,0
26,-4,74,0,0,0,0,0
27,-6,75,0,0,0,0,0
28,-7,75,0,0,0,0,0
29,-9,76,0,0,0,0,0
30,-11,76,0,0,0,0,0
31,-13,76,0,0,0,0,0
32,-15,76,0,0,0,0,0
33,-17,76,0,0,0,0,0
34,-21,76,0,0,0,0,0
35,-24,76,0,0,0,0,0
36,-27,76,0,0,0,0,0
37,-28,76,0,0,0,0,0
38,-29,76,0,0,0,0,0
39,-29,76,0,0,0,0,0
40,-29,76,0,0,0,0,0
41,-29,76,0,0,0,0,0
42,-29,76,0,0,0,0,0
43,-30,76,0,0,0,0,0
44,-32,76,0,0,0,0,0
45,-33,76,0,0,0,0,0
46,-33,76,0,0,0,0,0
47,-33,76,0,0,0,0,0
48,-33,76,0,0,0,0,0
49,-33,76,0,0,0,0,0
50,-33,76,0,0,0,0,0
51,-34,75,0,0,0,0,0
52,-35,74,0,0,0,0,0
53,-36,73,0,0,0,0,0
54,-36,72,0,0,0,0,0
55,-36,71,0,0,0,0,0
56,-37,70,0,0,0,0,0
57,-37,70,0,0,0,0,0
58,-37,69,0,0,0,0,0
59,-37,68,0,0,0,0,0
60,-37,68,0,0,0,0,0
61,-37,67,0,0,0,0,0
62,-37,66,0,0,0,0,0
63,-37,64,0,0,0,0,0
64,-36,63,0,0,0,0,0
65,-35,61,0,0,0,0,0
66,-34,58,0,0,0,0,0
67,-33,57,0,0,0,0,0
68,-32,56,0,0,0,0,0
69,-30,55,0,0,0,0,0
70,-28,53,0,0,0,0,0
71,-27,53,0,0,0,0,0
72,-26,53,0,0,0,0,0
73,-25,52,0,0,0,0,0
74,-24,52,0,0,0,0,0
75,-23,51,0,0,0,0,0
76,-22,50,0,0,0,0,0
77,-21,50,0,0,0,0,0
78,-18,49,0,0,0,0,0
79,-16,48,0,0,0,0,0
80,-13,47,0,0,0,0,0
81,-12,47,0,0,0,0,0
82,-11,47,0,0,0,0,0
83,-9,46,0,0,0,0,0
84,-7,45,0,0,0,0,0
85,-5,44,0,0,0,0,0
86,-2,44,0,0,0,0,0
87,-1,43,0,0,0,0,0
88,1,42,0,0,0,0,0
89,4,41,0,0,0,0,0
90,6,39,0,0,0,0,0
91,10,37,0,0,0,0,0
92,12,36,0,0,0,0,0
93,14,35,0,0,0,0,0
94,15,34,0,0,0,0,0
95,17,32,0,0,0,0,0
96,18,32,0,0,0,0,0
97,20,31,0,0,0,0,0
98,22,30,0,0,0,0,0
99,25,29,0,0,0,0,0
100,26,28,0,0,0,0,0
101,27,28,0,0,0,0,0
102,28,27,0,0,0,0,0
103,30,27,0,0,0,0,0
104,31,26,0,0,0,0,0
105,32,26,0,0,0,0,0
106,34,26,0,0,0,0,0
107,36,26,0,0,0,0,0
108,37,26,0,0,0,0,0
109,39,26,0,0,0,0,0
110,40,27,0,0,0,0,0
111,41,27,0,0,0,0,0
112,42,28,0,0,0,0,0
113,43,28,0,0,0,0,0
114,44,29,0,0,0,0,0
115,45,30,0,0,0,0,0
116,45,30,0,0,0,0,0
117,45,32,0,0,0,0,0
118,46,33,0,0,0,0,0
119,46,33,0,0,0,0,0
120,47,34,0,0,0,0,0
121,47,35,0,0,0,0,0
122,47,36,0,0,0,0,0
123,47,36,0,0,0,0,0
124,47,37,0,0,0,0,0
125,47,37,0,0,0,0,0
126,47,37,0,0,0,0,0
127,47,37,0,0,0,0,0
128,47,38,0,0,0,0,0
129,47,39,0,0,0,0,0
130,47,39,0,0,0,0,0
131,47,40,0,0,0,0,0
132,47,40,0,0,0,0,0
133,46,40,0,0,0,0,0
134,46,40,0,0,0,0,0
135,44,41,0,0,0,0,0
136,43,41,0,0,0,0,0
137,43,42,0,0,0,0,0
138,43,42,0,0,0,0,0
139,42,42,0,0,0,0,0
140,41,42,0,0,0,0,0
141,41,42,0,0,0,0,0
142,40,43,0,0,0,0,0
143,39,43,0,0,0,0,0
144,39,43,0,0,0,0,0
145,38,43,0,0,0,0,0
146,37,43,0,0,0,0,0
147,36,44,0,0,0,0,0
148,36,45,0,0,0,0,0
149,35,45,0,0,0,0,0
150,34,46,0,0,0,0,0
151,33,47,0,0,0,0,0
152,32,48,0,0,0,0,0
153,32,48,0,0,0,0,0
154,32,48,0,0,0,0,0
155,32,48,0,0,0,0,0
156,32,48,0,0,0,0,0
157,32,48,0,0,0,0,0
158,32,48,0,0,0,0,0
159,31,48,0,0,0,0,0
160,30,48,0,0,0,0,0
161,30,48,0,0,0,0,0
162,29,49,0,0,0,0,0
163,29,50,0,0,0,0,0
164,28,50,0,0,0,0,0
165,28,50,0,0,0,0,0
166,27,50,0,0,0,0,0
167,27,51,0,0,0,0,0
168,27,51,0,0,0,0,0
169,27,51,0,0,0,0,0
170,26,51,0,0,0,0,0
171,25,52,0,0,0,0,0
172,24,53,0,0,0,0,0
173,23,54,0,0,0,0,0
174,23,54,0,0,0,0,0
175,23,54,0,0,0,0,0
176,23,54,0,0,0,0,0
177,23,54,0,0,0,0,0
178,23,54,0,0,0,0,0
179,23,54,0,0,0,0,0
180,23,54,0,0,0,0,0
181,23,54,0,0,0,0,0
182,23,54,0,0,0,0,0
183,23,54,0,0,0,0,0
184,22,54,0,0,0,0,0
185,22,54,0,0,0,0,0
186,22,54,0,0,0,0,0
187,22,54,0,0,0,0,0
188,22,54,0,0,0,0,0
189,22,54,0,0,0,0,0
190,22,54,0,0,0,0,0
191,22,54,0,0,0,0,0
192,22,54,0,0,0,0,0
193,22,54,0,0,0,0,0
194,22,54,0,0,0,0,0
