t,x,y,fh,fv,r,s,frame:
0,398,44,1,0,0,-35,0
1,398,44,1,0,0,-35,0
2,398,44,1,0,0,-35,0
3,398,44,1,0,0,-35,0
4,397,43,1,0,0,-35,0
5,391,35,1,0,0,-35,0
6,385,29,1,0,0,-35,0
7,379,25,1,0,0,-35,0
8,375,24,1,0,0,-35,0
9,372,22,1,0,0,-35,0
10,372,22,1,0,0,-35,0
11,372,22,1,0,0,-35,0
12,372,22,1,0,0,-35,0
13,370,21,1,0,0,-35,0
14,363,19,1,0,0,-35,0
15,352,16,1,0,0,-35,0
16,343,14,1,0,0,-35,0
17,338,13,1,0,0,-35,0
18,329,11,1,0,0,-35,0
19,328,11,1,0,0,-35,0
20,328,11,1,0,0,-35,0
21,328,11,1,0,0,-35,0
22,328,11,1,0,0,-35,0
23,326,11,1,0,0,-35,0
24,323,14,1,0,0,-35,0
25,318,17,1,0,0,-35,0
26,315,21,1,0,0,-35,0
27,313,24,1,0,0,-35,0
28,312,25,1,0,0,-35,0
29,311,27,1,0,0,-35,0
30,311,30,1,0,0,-35,0
31,309,35,1,0,0,-35,0
32,308,38,1,0,0,-35,0
33,307,39,1,0,0,-35,0
34,307,39,1,0,0,-35,0
35,307,39,1,0,0,-35,0
36,307,39,1,0,0,-35,0
37,307,39,1,0,0,-35,0
38,307,39,1,0,0,-35,0
39,307,39,1,0,0,-35,0
40,307,39,1,0,0,-35,0
41,304,38,1,0,0,-35,0
42,298,34,1,0,0,-35,0
43,291,31,1,0,0,-35,0
44,282,26,1,0,0,-35,0
45,275,23,1,0,0,-35,0
46,268,20,1,0,0,-35,0
47,261,17,1,0,0,-35,0
48,255,15,1,0,0,-35,0
49,248,14,1,0,0,-35,0
50,241,14,1,0,1,-35,0
51,235,14,1,0,2,-35,0
52,230,15,1,0,3,-35,0
53,221,19,1,0,4,-35,0
54,215,22,1,0,5,-35,0
55,207,26,1,0,6,-35,0
56,201,30,1,0,7,-35,0
57,200,32,1,0,8,-35,0
58,200,34,1,0,9,-35,0
59,199,38,1,0,10,-35,0
60,199,42,1,0,11,-35,0
61,198,44,1,0,12,-35,0
62,195,53,1,0,13,-35,0
63,195,55,1,0,14,-35,0
64,193,58,1,0,15,-35,0
65,193,59,1,0,16,-35,0
66,193,59,1,0,17,-35,0
67,193,59,1,0,18,-35,0
68,193,59,1,0,18,-35,0
69,193,59,1,0,18,-35,0
70,193,59,1,0,18,-35,0
71,193,59,1,0,18,-35,0
72,193,59,1,0,18,-35,0
73,192,60,1,0,18,-35,0
74,191,61,1,0,18,-35,0
75,191,62,1,0,18,-35,0
76,191,62,1,0,18,-35,0
77,191,62,1,0,18,-35,0
78,191,62,1,0,18,-35,0
79,191,62,1,0,18,-35,0
80,191,62,1,0,18,-35,0
81,191,62,1,0,18,-35,0
82,189,59,1,0,18,-35,0
83,185,56,1,0,18,-35,0
84,180,52,1,0,18,-35,0
85,176,47,1,0,18,-35,0
86,171,43,1,0,18,-35,0
87,167,39,1,0,18,-35,0
88,164,36,1,0,18,-35,0
89,161,33,1,0,19,-35,0
90,157,30,1,0,20,-35,0
91,150,25,1,0,21,-35,0
92,144,21,1,0,21,-35,0
93,137,18,1,0,21,-35,0
94,131,15,1,0,21,-35,0
95,124,13,1,0,21,-35,0
96,122,13,1,0,21,-35,0
97,114,13,1,0,21,-35,0
98,108,17,1,0,21,-35,0
99,103,22,1,0,21,-35,0
100,101,28,1,0,21,-35,0
101,101,33,1,0,21,-35,0
102,102,36,1,0,21,-35,0
103,104,37,1,0,21,-35,0
104,104,37,1,0,21,-35,0
105,104,37,1,0,21,-35,0
106,104,37,1,0,21,-35,0
107,103,37,1,0,21,-35,0
108,98,37,1,0,21,-35,0
109,91,35,1,0,21,-35,0
110,88,34,1,0,21,-35,0
111,86,32,1,0,21,-35,0
112,86,29,1,0,21,-35,0
113,86,26,1,0,21,-35,0
114,87,23,1,0,21,-35,0
115,87,21,1,0,21,-35,0
116,88,21,1,0,21,-35,0
117,88,21,1,0,21,-35,0
118,89,24,1,0,21,-35,0
119,89,26,1,0,21,-35,0
120,89,28,1,0,21,-35,0
121,89,29,1,0,21,-35,0
122,85,29,1,0,21,-35,0
123,80,28,1,0,21,-35,0
124,74,26,1,0,21,-35,0
125,66,25,1,0,21,-35,0
126,65,24,1,0,21,-35,0
127,65,24,1,0,21,-35,0
128,69,19,1,0,21,-35,0
129,74,16,1,0,21,-35,0
130,77,15,1,0,21,-35,0
131,78,15,1,0,21,-35,0
132,78,15,1,0,21,-35,0
133,79,22,1,0,21,-35,0
134,80,28,1,0,21,-35,0
135,80,33,1,0,21,-35,0
136,80,35,1,0,21,-35,0
137,79,35,1,0,21,-35,0
138,79,35,1,0,21,-35,0
139,79,35,1,0,21,-35,0
140,78,32,1,0,21,-35,0
141,76,27,1,0,21,-35,0
142,74,21,1,0,21,-35,0
143,74,17,1,0,21,-35,0
144,75,14,1,0,21,-35,0
145,79,14,1,0,21,-35,0
146,86,14,1,0,21,-35,0
147,94,16,1,0,21,-35,0
148,95,18,1,0,21,-35,0
149,95,18,1,0,21,-35,0
150,94,21,1,0,21,-35,0
151,88,26,1,0,21,-35,0
152,80,30,1,0,21,-35,0
153,71,31,1,0,21,-35,0
154,65,31,1,0,21,-35,0
155,61,30,1,0,21,-35,0
156,60,29,1,0,21,-35,0
157,61,27,1,0,21,-35,0
158,61,22,1,0,21,-35,0
159,64,15,1,0,21,-35,0
160,67,10,1,0,21,-35,0
161,70,7,1,0,21,-35,0
162,70,7,1,0,21,-35,0
163,71,7,1,0,21,-35,0
164,73,12,1,0,21,-35,0
165,75,17,1,0,21,-35,0
166,76,20,1,0,21,-35,0
167,76,21,1,0,21,-35,0
168,72,22,1,0,21,-35,0
169,67,22,1,0,21,-35,0
170,63,22,1,0,21,-35,0
171,61,20,1,0,21,-35,0
172,57,16,1,0,21,-35,0
173,54,12,1,0,21,-35,0
174,53,9,1,0,21,-35,0
175,53,7,1,0,21,-35,0
176,55,4,1,0,21,-35,0
177,60,2,1,0,21,-35,0
178,71,0,1,0,21,-35,0
179,75,0,1,0,21,-35,0
180,77,1,1,0,21,-35,0
181,78,4,1,0,21,-35,0
182,78,8,1,0,21,-35,0
183,78,13,1,0,21,-35,0
184,76,17,1,0,21,-35,0
185,74,20,1,0,21,-35,0
186,72,21,1,0,21,-35,0
187,72,21,1,0,21,-35,0
188,72,21,1,0,21,-35,0
189,71,21,1,0,21,-35,0
190,70,19,1,0,21,-35,0
191,70,15,1,0,21,-35,0
192,70,11,1,0,21,-35,0
193,72,8,1,0,21,-35,0
194,75,6,1,0,21,-35,0
195,77,5,1,0,21,-35,0
196,79,5,1,0,21,-35,0
197,80,5,1,0,21,-35,0
198,83,8,1,0,21,-35,0
199,87,14,1,0,21,-35,0
200,87,15,1,0,21,-35,0
201,87,17,1,0,21,-35,0
202,85,19,1,0,21,-35,0
203,82,20,1,0,21,-35,0
204,78,21,1,0,21,-35,0
205,74,21,1,0,21,-35,0
206,73,20,1,0,21,-35,0
207,72,20,1,0,21,-35,0
208,72,19,1,0,21,-35,0
209,74,16,1,0,21,-35,0
210,79,13,1,0,21,-35,0
211,84,11,1,0,21,-35,0
212,86,11,1,0,21,-35,0
213,86,11,1,0,21,-35,0
214,86,12,1,0,21,-35,0
215,86,13,1,0,21,-35,0
216,86,17,1,0,21,-35,0
217,84,21,1,0,21,-35,0
218,81,24,1,0,21,-35,0
219,79,25,1,0,21,-35,0
220,77,26,1,0,21,-35,0
221,76,26,1,0,21,-35,0
222,74,26,1,0,21,-35,0
223,71,23,1,0,21,-35,0
224,70,21,1,0,21,-35,0
225,70,18,1,0,21,-35,0
226,70,16,1,0,21,-35,0
227,70,15,1,0,21,-35,0
228,70,15,1,0,21,-35,0
229,70,15,1,0,21,-35,0
230,73,17,1,0,21,-35,0
231,75,19,1,0,21,-35,0
232,76,21,1,0,21,-35,0
233,76,23,1,0,21,-35,0
234,76,24,1,0,21,-35,0
235,76,24,1,0,21,-35,0
236,75,24,1,0,21,-35,0
237,75,24,1,0,21,-35,0
238,71,24,1,0,21,-35,0
239,68,23,1,0,21,-35,0
240,65,21,1,0,21,-35,0
241,64,20,1,0,21,-35,0
242,64,20,1,0,21,-35,0
243,65,18,1,0,21,-35,0
244,67,18,1,0,21,-35,0
245,70,17,1,0,21,-35,0
246,71,17,1,0,21,-35,0
247,72,17,1,0,21,-35,0
248,72,19,1,0,21,-35,0
249,72,20,1,0,21,-35,0
250,72,20,1,0,21,-35,0
251,72,22,1,0,21,-35,0
252,70,24,1,0,21,-35,0
253,68,26,1,0,21,-35,0
254,66,28,1,0,21,-35,0
255,64,30,1,0,21,-35,0
256,62,31,1,0,21,-35,0
257,62,31,1,0,21,-35,0
258,62,31,1,0,21,-35,0
259,62,31,1,0,21,-35,0
260,62,31,1,0,21,-35,0
261,62,30,1,0,21,-35,0
262,62,29,1,0,21,-35,0
263,63,28,1,0,21,-35,0
264,65,27,1,0,21,-35,0
265,66,27,1,0,21,-35,0
266,67,27,1,0,21,-35,0
267,68,28,1,0,21,-35,0
268,68,29,1,0,21,-35,0
269,68,31,1,0,21,-35,0
270,68,31,1,0,21,-35,0
271,67,33,1,0,21,-35,0
272,65,34,1,0,21,-35,0
273,64,35,1,0,21,-35,0
274,63,36,1,0,21,-35,0
275,62,36,1,0,21,-35,0
276,62,36,1,0,21,-35,0
277,62,36,1,0,21,-35,0
278,62,35,1,0,21,-35,0
279,63,33,1,0,21,-35,0
280,64,30,1,0,21,-35,0
281,66,28,1,0,21,-35,0
282,68,27,1,0,21,-35,0
283,68,27,1,0,21,-35,0
284,68,27,1,0,21,-35,0
285,69,28,1,0,21,-35,0
286,69,30,1,0,21,-35,0
287,69,32,1,0,21,-35,0
288,69,34,1,0,21,-35,0
289,69,36,1,0,21,-35,0
290,69,36,1,0,21,-35,0
291,69,37,1,0,21,-35,0
292,69,37,1,0,21,-35,0
293,69,37,1,0,21,-35,0
294,69,37,1,0,21,-35,0
295,69,37,1,0,21,-35,0
296,69,37,1,0,21,-35,0
297,69,37,1,0,21,-35,0
298,69,37,1,0,21,-35,0
299,69,37,1,0,21,-35,0
300,69,37,1,0,21,-35,0
301,69,37,1,0,21,-35,0
302,67,40,1,0,21,-35,0
303,67,42,1,0,21,-35,0
304,65,45,1,0,21,-35,0
305,65,47,1,0,21,-35,0
306,65,48,1,0,21,-35,0
307,65,48,1,0,21,-35,0
308,64,48,1,0,21,-35,0
309,64,48,1,0,21,-35,0
310,64,48,1,0,21,-35,0
311,64,48,1,0,21,-35,0
312,64,47,1,0,21,-35,0
