t,x,y,fh,fv,r,s,frame:
0,-542,-47,0,0,0,-120,0
1,-542,-47,0,0,0,-120,0
2,-542,-47,0,0,0,-120,0
3,-542,-47,0,0,0,-120,0
4,-542,-47,0,0,0,-120,0
5,-542,-47,0,0,0,-120,0
6,-542,-46,0,0,0,-120,0
7,-542,-46,0,0,0,-120,0
8,-542,-46,0,0,0,-120,0
9,-542,-46,0,0,0,-120,0
10,-542,-46,0,0,0,-120,0
11,-542,-45,0,0,0,-120,0
12,-541,-45,0,0,0,-120,0
13,-541,-45,0,0,0,-120,0
14,-541,-45,0,0,0,-120,0
15,-541,-45,0,0,0,-120,0
16,-541,-45,0,0,0,-120,0
17,-541,-45,0,0,0,-120,0
18,-540,-45,0,0,0,-120,0
19,-540,-45,0,0,0,-120,0
20,-540,-45,0,0,0,-120,0
21,-539,-45,0,0,0,-120,0
22,-539,-45,0,0,0,-120,0
23,-539,-45,0,0,0,-120,0
24,-539,-45,0,0,0,-120,0
25,-539,-45,0,0,0,-120,0
26,-539,-45,0,0,0,-120,0
27,-539,-45,0,0,0,-120,0
28,-538,-45,0,0,0,-120,0
29,-538,-45,0,0,0,-120,0
30,-538,-45,0,0,0,-120,0
31,-538,-45,0,0,0,-120,0
32,-538,-45,0,0,0,-120,0
33,-538,-45,0,0,0,-120,0
34,-538,-45,0,0,0,-120,0
35,-538,-45,0,0,0,-120,0
36,-538,-45,0,0,0,-120,0
37,-538,-45,0,0,0,-120,0
38,-538,-45,0,0,0,-120,0
39,-538,-45,0,0,0,-120,0
40,-538,-45,0,0,0,-120,0
41,-538,-45,0,0,0,-120,0
42,-538,-45,0,0,0,-120,0
43,-538,-46,0,0,0,-120,0
44,-538,-46,0,0,0,-120,0
45,-538,-46,0,0,0,-120,0
46,-538,-46,0,0,0,-120,0
47,-537,-46,0,0,0,-120,0
48,-537,-46,0,0,0,-120,0
49,-537,-46,0,0,0,-120,0
50,-537,-46,0,0,0,-120,0
51,-537,-46,0,0,0,-120,0
52,-537,-46,0,0,0,-120,0
53,-536,-46,0,0,0,-120,0
54,-536,-45,0,0,0,-120,0
55,-536,-45,0,0,0,-120,0
56,-536,-45,0,0,0,-120,0
57,-536,-45,0,0,0,-120,0
58,-535,-45,0,0,0,-120,0
59,-535,-45,0,0,0,-120,0
60,-535,-45,0,0,0,-120,0
61,-535,-45,0,0,0,-120,0
62,-535,-45,0,0,0,-120,0
63,-535,-45,0,0,0,-120,0
64,-534,-45,0,0,0,-120,0
65,-534,-45,0,0,0,-120,0
66,-534,-45,0,0,0,-120,0
67,-534,-45,0,0,0,-120,0
68,-534,-45,0,0,0,-120,0
69,-534,-45,0,0,0,-120,0
70,-533,-45,0,0,0,-120,0
71,-533,-45,0,0,0,-120,0
72,-533,-45,0,0,0,-120,0
73,-533,-45,0,0,0,-120,0
74,-533,-45,0,0,0,-120,0
75,-533,-45,0,0,0,-120,0
76,-533,-45,0,0,0,-120,0
77,-533,-45,0,0,0,-120,0
78,-533,-45,0,0,0,-120,0
79,-533,-45,0,0,0,-120,0
80,-533,-45,0,0,0,-120,0
81,-533,-45,0,0,0,-120,0
82,-533,-45,0,0,0,-120,0
83,-533,-45,0,0,0,-120,0
84,-533,-45,0,0,0,-120,0
85,-533,-45,0,0,0,-120,0
86,-533,-45,0,0,0,-120,0
87,-533,-45,0,0,0,-120,0
88,-533,-45,0,0,0,-120,0
89,-532,-45,0,0,0,-120,0
90,-532,-46,0,0,0,-120,0
91,-532,-46,0,0,0,-120,0
92,-532,-46,0,0,0,-120,0
93,-532,-46,0,0,0,-120,0
94,-532,-46,0,0,0,-120,0
95,-532,-46,0,0,0,-120,0
96,-532,-46,0,0,0,-120,0
97,-532,-46,0,0,0,-120,0
98,-532,-46,0,0,0,-120,0
99,-532,-46,0,0,0,-120,0
100,-532,-46,0,0,0,-120,0
101,-532,-46,0,0,0,-120,0
102,-532,-46,0,0,0,-120,0
103,-532,-46,0,0,0,-120,0
104,-532,-46,0,0,0,-120,0
105,-532,-46,0,0,0,-120,0
106,-532,-47,0,0,0,-120,0
107,-533,-47,0,0,0,-120,0
108,-533,-47,0,0,0,-120,0
109,-533,-47,0,0,0,-120,0
110,-533,-47,0,0,0,-120,0
111,-533,-47,0,0,0,-120,0
112,-533,-47,0,0,0,-120,0
113,-533,-47,0,0,0,-120,0
114,-533,-47,0,0,0,-120,0
115,-534,-47,0,0,0,-120,0
116,-534,-47,0,0,0,-120,0
117,-534,-47,0,0,0,-120,0
118,-534,-47,0,0,0,-120,0
119,-534,-47,0,0,0,-120,0
120,-534,-47,0,0,0,-120,0
121,-535,-47,0,0,0,-120,0
122,-535,-47,0,0,0,-120,0
123,-535,-47,0,0,0,-120,0
124,-535,-47,0,0,0,-120,0
125,-535,-47,0,0,0,-120,0
126,-536,-47,0,0,0,-120,0
127,-536,-47,0,0,0,-120,0
128,-536,-47,0,0,0,-120,0
129,-536,-47,0,0,0,-120,0
130,-536,-47,0,0,0,-120,0
131,-536,-46,0,0,0,-120,0
132,-537,-46,0,0,0,-120,0
133,-537,-46,0,0,0,-120,0
134,-537,-46,0,0,0,-120,0
135,-537,-46,0,0,0,-120,0
136,-537,-46,0,0,0,-120,0
137,-537,-46,0,0,0,-120,0
138,-537,-46,0,0,0,-120,0
139,-538,-46,0,0,0,-120,0
140,-538,-46,0,0,0,-120,0
141,-538,-46,0,0,0,-120,0
142,-538,-45,0,0,0,-120,0
143,-538,-45,0,0,0,-120,0
144,-538,-45,0,0,0,-120,0
145,-538,-45,0,0,0,-120,0
146,-538,-45,0,0,0,-120,0
147,-538,-45,0,0,0,-120,0
148,-538,-45,0,0,0,-120,0
149,-539,-45,0,0,0,-120,0
150,-539,-45,0,0,0,-120,0
151,-539,-45,0,0,0,-120,0
152,-539,-45,0,0,0,-120,0
153,-539,-45,0,0,0,-120,0
154,-539,-44,0,0,0,-120,0
155,-540,-44,0,0,0,-120,0
156,-540,-44,0,0,0,-120,0
157,-540,-44,0,0,0,-120,0
158,-540,-44,0,0,0,-120,0
159,-540,-44,0,0,0,-120,0
160,-540,-44,0,0,0,-120,0
161,-540,-44,0,0,0,-120,0
162,-541,-44,0,0,0,-120,0
163,-541,-44,0,0,0,-120,0
164,-541,-43,0,0,0,-120,0
165,-541,-43,0,0,0,-120,0
166,-541,-43,0,0,0,-120,0
167,-541,-43,0,0,0,-120,0
168,-541,-43,0,0,0,-120,0
169,-542,-43,0,0,0,-120,0
170,-542,-42,0,0,0,-120,0
171,-542,-42,0,0,0,-120,0
172,-542,-42,0,0,0,-120,0
173,-542,-42,0,0,0,-120,0
174,-543,-42,0,0,0,-120,0
175,-543,-42,0,0,0,-120,0
176,-543,-42,0,0,0,-120,0
177,-543,-42,0,0,0,-120,0
178,-543,-42,0,0,0,-120,0
179,-543,-42,0,0,0,-120,0
180,-544,-42,0,0,0,-120,0
181,-544,-42,0,0,0,-120,0
182,-544,-42,0,0,0,-120,0
183,-545,-42,0,0,0,-120,0
184,-545,-42,0,0,0,-120,0
185,-546,-42,0,0,0,-120,0
186,-546,-42,0,0,0,-120,0
187,-546,-42,0,0,0,-120,0
188,-546,-42,0,0,0,-120,0
189,-546,-42,0,0,0,-120,0
190,-547,-42,0,0,0,-120,0
191,-548,-42,0,0,0,-120,0
192,-548,-42,0,0,0,-120,0
193,-549,-42,0,0,0,-120,0
194,-549,-42,0,0,0,-120,0
195,-549,-42,0,0,0,-120,0
196,-549,-42,0,0,0,-120,0
197,-549,-42,0,0,0,-120,0
198,-549,-42,0,0,0,-120,0
199,-549,-42,0,0,0,-120,0
200,-549,-42,0,0,0,-120,0
201,-549,-42,0,0,0,-120,0
202,-549,-42,0,0,0,-120,0
203,-549,-42,0,0,0,-120,0
204,-549,-42,0,0,0,-120,0
205,-549,-42,0,0,0,-120,0
206,-549,-42,0,0,0,-120,0
207,-549,-42,0,0,0,-120,0
208,-550,-42,0,0,0,-120,0
209,-550,-42,0,0,0,-120,0
210,-550,-42,0,0,0,-120,0
211,-550,-43,0,0,0,-120,0
212,-550,-43,0,0,0,-120,0
213,-550,-44,0,0,0,-120,0
214,-550,-44,0,0,0,-120,0
215,-550,-44,0,0,0,-120,0
216,-550,-44,0,0,0,-120,0
217,-550,-45,0,0,0,-120,0
218,-550,-45,0,0,0,-120,0
219,-550,-45,0,0,0,-120,0
220,-550,-45,0,0,0,-120,0
221,-550,-45,0,0,0,-120,0
222,-550,-46,0,0,0,-120,0
223,-550,-46,0,0,0,-120,0
224,-550,-46,0,0,0,-120,0
225,-550,-46,0,0,0,-120,0
226,-550,-46,0,0,0,-120,0
227,-550,-46,0,0,0,-120,0
228,-550,-46,0,0,0,-120,0
229,-550,-46,0,0,0,-120,0
230,-549,-47,0,0,0,-120,0
231,-549,-47,0,0,0,-120,0
232,-549,-47,0,0,0,-120,0
233,-549,-47,0,0,0,-120,0
234,-548,-47,0,0,0,-120,0
235,-548,-47,0,0,0,-120,0
236,-548,-47,0,0,0,-120,0
237,-548,-47,0,0,0,-120,0
238,-547,-47,0,0,0,-120,0
239,-547,-47,0,0,0,-120,0
240,-547,-46,0,0,0,-120,0
241,-546,-46,0,0,0,-120,0
242,-546,-46,0,0,0,-120,0
243,-545,-46,0,0,0,-120,0
244,-545,-46,0,0,0,-120,0
245,-545,-46,0,0,0,-120,0
246,-544,-45,0,0,0,-120,0
247,-544,-45,0,0,0,-120,0
248,-544,-45,0,0,0,-120,0
249,-543,-45,0,0,0,-120,0
250,-543,-44,0,0,0,-120,0
251,-543,-44,0,0,0,-120,0
252,-543,-44,0,0,0,-120,0
253,-543,-44,0,0,0,-120,0
254,-542,-44,0,0,0,-120,0
255,-542,-44,0,0,0,-120,0
256,-542,-44,0,0,0,-120,0
257,-542,-44,0,0,0,-120,0
258,-542,-43,0,0,0,-120,0
259,-541,-43,0,0,0,-120,0
260,-541,-43,0,0,0,-120,0
261,-541,-43,0,0,0,-120,0
262,-541,-43,0,0,0,-120,0
263,-540,-43,0,0,0,-120,0
264,-540,-43,0,0,0,-120,0
265,-540,-43,0,0,0,-120,0
266,-540,-43,0,0,0,-120,0
267,-540,-43,0,0,0,-120,0
268,-540,-43,0,0,0,-120,0
269,-540,-43,0,0,0,-120,0
270,-539,-43,0,0,0,-120,0
271,-539,-43,0,0,0,-120,0
272,-539,-43,0,0,0,-120,0
273,-539,-43,0,0,0,-120,0
274,-539,-43,0,0,0,-120,0
275,-539,-43,0,0,0,-120,0
276,-539,-43,0,0,0,-120,0
277,-539,-43,0,0,0,-120,0
278,-539,-43,0,0,0,-120,0
279,-539,-43,0,0,0,-120,0
280,-539,-43,0,0,0,-120,0
281,-539,-43,0,0,0,-120,0
282,-539,-43,0,0,0,-120,0
283,-539,-43,0,0,0,-120,0
284,-539,-43,0,0,0,-120,0
285,-539,-43,0,0,0,-120,0
286,-539,-43,0,0,0,-120,0
287,-539,-43,0,0,0,-120,0
288,-539,-43,0,0,0,-120,0
289,-539,-43,0,0,0,-120,0
290,-539,-43,0,0,0,-120,0
291,-539,-43,0,0,0,-120,0
292,-539,-43,0,0,0,-120,0
293,-539,-43,0,0,0,-120,0
294,-539,-43,0,0,0,-120,0
295,-539,-43,0,0,0,-120,0
296,-539,-43,0,0,0,-120,0
297,-539,-43,0,0,0,-120,0
298,-539,-43,0,0,0,-120,0
299,-539,-43,0,0,0,-120,0
300,-539,-43,0,0,0,-120,0
301,-539,-43,0,0,0,-120,0
302,-539,-43,0,0,0,-120,0
303,-539,-43,0,0,0,-120,0
304,-539,-43,0,0,0,-120,0
305,-539,-44,0,0,0,-120,0
306,-539,-44,0,0,0,-120,0
307,-539,-44,0,0,0,-120,0
308,-540,-44,0,0,0,-120,0
309,-540,-44,0,0,0,-120,0
310,-541,-44,0,0,0,-120,0
311,-542,-44,0,0,0,-120,0
312,-543,-44,0,0,0,-120,0
313,-543,-44,0,0,0,-120,0
314,-544,-44,0,0,0,-120,0
315,-545,-44,0,0,0,-120,0
316,-545,-44,0,0,0,-120,0
317,-546,-43,0,0,0,-120,0
318,-547,-43,0,0,0,-120,0
319,-549,-42,0,0,0,-120,0
320,-550,-42,0,0,0,-120,0
321,-552,-41,0,0,0,-120,0
322,-552,-41,0,0,0,-120,0
323,-553,-41,0,0,0,-120,0
324,-553,-41,0,0,0,-120,0
325,-553,-41,0,0,0,-120,0
326,-553,-41,0,0,0,-120,0
327,-553,-41,0,0,0,-120,0
328,-553,-41,0,0,0,-120,0
