t,x,y,fh,fv,r,s,frame:
0,-289,72,1,0,66,-37,0
1,-289,72,1,0,66,-37,0
2,-289,72,1,0,66,-37,0
3,-289,72,1,0,66,-37,0
4,-289,72,1,0,66,-37,0
5,-289,72,1,0,66,-37,0
6,-289,72,1,0,66,-37,0
7,-289,72,1,0,66,-37,0
8,-289,72,1,0,66,-37,0
9,-289,72,1,0,66,-37,0
10,-289,72,1,0,66,-37,0
11,-289,72,1,0,66,-37,0
12,-289,72,1,0,66,-37,0
13,-289,72,1,0,66,-37,0
14,-289,72,1,0,66,-37,0
15,-289,72,1,0,66,-37,0
16,-289,72,1,0,66,-37,0
17,-289,72,1,0,66,-37,0
18,-289,72,1,0,66,-37,0
19,-289,72,1,0,66,-37,0
20,-289,72,1,0,66,-37,0
21,-289,72,1,0,66,-37,0
22,-289,72,1,0,66,-37,0
23,-289,72,1,0,66,-37,0
24,-289,72,1,0,66,-37,0
25,-289,72,1,0,66,-37,0
26,-289,72,1,0,66,-37,0
27,-289,72,1,0,66,-37,0
28,-289,72,1,0,66,-37,0
29,-289,72,1,0,66,-37,0
30,-289,72,1,0,66,-37,0
31,-289,72,1,0,66,-37,0
32,-289,72,1,0,66,-37,0
33,-289,72,1,0,66,-37,0
34,-289,72,1,0,66,-37,0
35,-289,72,1,0,66,-37,0
36,-289,72,1,0,66,-37,0
37,-289,72,1,0,66,-37,0
38,-289,72,1,0,66,-37,0
39,-289,72,1,0,66,-37,0
40,-289,72,1,0,66,-37,0
41,-289,72,1,0,66,-37,0
42,-289,72,1,0,66,-37,0
43,-289,72,1,0,66,-37,0
44,-289,72,1,0,66,-37,0
45,-289,72,1,0,66,-37,0
46,-289,72,1,0,66,-37,0
47,-289,72,1,0,66,-37,0
48,-289,72,1,0,66,-37,0
49,-289,72,1,0,66,-37,0
50,-289,72,1,0,66,-37,0
51,-289,72,1,0,66,-37,0
52,-289,72,1,0,66,-37,0
53,-289,72,1,0,66,-37,0
54,-289,72,1,0,66,-37,0
55,-289,72,1,0,66,-37,0
56,-289,72,1,0,66,-37,0
57,-289,72,1,0,66,-37,0
58,-289,72,1,0,66,-37,0
59,-289,72,1,0,66,-37,0
60,-289,72,1,0,66,-37,0
61,-289,72,1,0,66,-37,0
62,-289,72,1,0,66,-37,0
63,-289,72,1,0,66,-37,0
64,-289,72,1,0,66,-37,0
65,-289,72,1,0,66,-37,0
66,-289,72,1,0,66,-37,0
67,-289,72,1,0,66,-37,0
68,-289,72,1,0,66,-37,0
69,-289,72,1,0,66,-37,0
70,-289,72,1,0,66,-37,0
71,-289,72,1,0,66,-37,0
72,-289,72,1,0,66,-37,0
73,-289,72,1,0,66,-37,0
74,-289,72,1,0,66,-37,0
75,-289,72,1,0,66,-37,0
76,-289,72,1,0,65,-37,0
77,-289,72,1,0,64,-37,0
78,-289,72,1,0,63,-37,0
79,-289,72,1,0,62,-37,0
80,-289,72,1,0,61,-37,0
81,-289,72,1,0,60,-37,0
82,-288,70,1,0,59,-37,0
83,-283,65,1,0,58,-37,0
84,-280,60,1,0,57,-37,0
85,-277,57,1,0,56,-37,0
86,-273,55,1,0,55,-37,0
87,-270,52,1,0,54,-37,0
88,-268,51,1,0,53,-37,0
89,-262,50,1,0,52,-37,0
90,-253,50,1,0,51,-37,0
91,-238,49,1,0,50,-37,0
92,-233,49,1,0,49,-37,0
93,-223,49,1,0,48,-37,0
94,-213,49,1,0,47,-37,0
95,-208,49,1,0,46,-37,0
96,-201,49,1,0,45,-37,0
97,-192,49,1,0,44,-37,0
98,-179,49,1,0,43,-37,0
99,-170,51,1,0,42,-37,0
100,-164,51,1,0,41,-37,0
101,-157,51,1,0,40,-37,0
102,-153,51,1,0,39,-37,0
103,-151,51,1,0,38,-37,0
104,-150,51,1,0,37,-37,0
105,-149,51,1,0,36,-37,0
106,-149,51,1,0,35,-37,0
107,-149,51,1,0,34,-37,0
108,-149,51,1,0,33,-37,0
109,-149,51,1,0,32,-37,0
110,-149,51,1,0,31,-37,0
111,-149,51,1,0,30,-37,0
112,-149,51,1,0,29,-37,0
113,-149,51,1,0,28,-37,0
114,-149,51,1,0,27,-37,0
115,-149,51,1,0,26,-37,0
116,-149,51,1,0,25,-37,0
117,-149,51,1,0,24,-37,0
118,-149,51,1,0,23,-37,0
119,-149,51,1,0,22,-37,0
120,-149,51,1,0,21,-37,0
121,-149,51,1,0,20,-37,0
122,-149,51,1,0,19,-37,0
123,-149,51,1,0,18,-37,0
124,-149,51,1,0,17,-37,0
125,-149,51,1,0,16,-37,0
126,-149,51,1,0,15,-37,0
127,-149,51,1,0,14,-37,0
128,-149,51,1,0,13,-37,0
129,-149,51,1,0,12,-37,0
130,-149,51,1,0,11,-37,0
131,-150,53,1,0,10,-37,0
132,-151,57,1,0,9,-37,0
133,-152,63,1,0,8,-37,0
134,-152,64,1,0,7,-37,0
135,-152,64,1,0,6,-37,0
136,-152,64,1,0,5,-37,0
137,-152,64,1,0,4,-37,0
138,-152,64,1,0,3,-37,0
139,-152,64,1,0,2,-37,0
140,-152,64,1,0,2,-37,0
141,-152,64,1,0,2,-37,0
142,-152,64,1,0,2,-37,0
143,-152,64,1,0,2,-37,0
144,-152,64,1,0,2,-37,0
145,-152,64,1,0,2,-37,0
146,-152,64,1,0,2,-37,0
147,-152,64,1,0,2,-37,0
148,-152,64,1,0,2,-37,0
149,-152,64,1,0,2,-37,0
150,-152,64,1,0,2,-37,0
151,-152,64,0,0,2,-37,0
152,-152,64,0,0,2,-37,0
153,-152,64,0,0,2,-37,0
154,-152,64,0,0,2,-37,0
155,-152,64,0,0,2,-37,0
156,-152,64,0,0,2,-37,0
157,-152,64,0,0,2,-37,0
158,-152,64,0,0,2,-37,0
159,-152,64,0,0,2,-37,0
160,-152,64,0,0,2,-37,0
161,-152,64,0,0,2,-37,0
162,-152,64,0,0,2,-37,0
163,-152,64,0,0,2,-37,0
164,-152,64,0,0,2,-37,0
165,-152,64,0,0,2,-37,0
166,-152,64,0,0,2,-37,0
167,-152,64,0,0,2,-37,0
168,-152,64,0,0,2,-37,0
169,-152,64,0,0,2,-37,0
170,-152,64,0,0,2,-37,0
171,-152,64,0,0,2,-37,0
172,-152,64,0,0,2,-37,0
173,-152,64,0,0,2,-37,0
174,-152,64,0,0,2,-37,0
175,-152,64,0,0,2,-37,0
176,-152,64,0,0,2,-37,0
177,-152,64,0,0,2,-37,0
178,-152,64,0,0,2,-37,0
179,-152,64,0,0,2,-37,0
180,-152,64,0,0,2,-37,0
181,-152,64,0,0,2,-37,0
182,-152,64,0,0,2,-37,0
183,-152,64,0,0,2,-37,0
184,-152,64,0,0,2,-37,0
185,-152,64,0,0,2,-37,0
186,-152,64,0,0,2,-37,0
187,-152,64,0,0,2,-37,0
188,-152,64,0,0,2,-37,0
189,-152,64,0,0,2,-37,0
190,-152,64,0,0,2,-37,0
191,-152,64,0,0,2,-37,0
192,-152,64,0,0,2,-37,0
193,-152,64,0,0,2,-37,0
194,-152,64,0,0,2,-37,0
195,-152,64,0,0,2,-37,0
196,-152,64,0,0,2,-37,0
197,-152,64,0,0,2,-37,0
198,-152,64,0,0,2,-37,0
199,-152,69,0,0,2,-37,0
200,-152,69,0,0,2,-37,0
201,-152,70,0,0,2,-37,0
202,-153,71,0,0,2,-37,0
203,-154,72,0,0,2,-37,0
204,-154,73,0,0,2,-37,0
205,-154,73,0,0,2,-37,0
206,-154,73,0,0,2,-37,0
207,-154,73,0,0,2,-37,0
208,-158,74,0,0,2,-37,0
209,-167,76,0,0,2,-37,0
210,-170,78,0,0,2,-37,0
211,-171,78,0,0,2,-37,0
212,-171,78,0,0,2,-37,0
213,-171,78,0,0,2,-37,0
214,-171,78,0,0,2,-37,0
215,-171,78,0,0,2,-37,0
216,-171,78,0,0,2,-37,0
217,-171,78,0,0,2,-37,0
218,-171,78,0,0,2,-37,0
219,-171,78,0,0,2,-37,0
220,-171,78,0,0,2,-37,0
221,-171,78,0,0,2,-37,0
222,-171,78,0,0,2,-37,0
223,-171,78,0,0,2,-37,0
224,-171,78,0,0,2,-37,0
225,-171,78,0,0,2,-37,0
226,-171,78,0,0,2,-37,0
227,-171,78,0,0,2,-37,0
228,-171,78,0,0,2,-37,0
229,-171,78,0,0,2,-37,0
230,-171,78,0,0,2,-37,0
231,-171,78,0,0,2,-37,0
232,-171,78,0,0,2,-37,0
233,-171,78,0,0,2,-37,0
234,-171,78,0,0,2,-37,0
235,-171,78,0,0,2,-37,0
236,-171,78,0,0,2,-37,0
237,-171,78,0,0,2,-37,0
238,-171,78,0,0,2,-37,0
239,-171,78,0,0,2,-37,0
240,-171,78,0,0,2,-37,0
241,-171,78,0,0,2,-37,0
242,-171,78,0,0,2,-37,0
243,-171,78,0,0,2,-37,0
244,-171,78,0,0,2,-37,0
245,-171,78,0,0,2,-37,0
246,-171,78,0,0,2,-37,0
247,-171,78,0,0,2,-37,0
248,-171,78,0,0,2,-37,0
249,-171,78,0,0,2,-37,0
250,-171,78,0,0,2,-37,0
251,-171,78,0,0,2,-37,0
252,-171,78,0,0,2,-37,0
253,-171,78,0,0,2,-37,0
254,-171,78,0,0,2,-37,0
255,-171,78,0,0,2,-37,0
256,-171,78,0,0,2,-37,0
257,-171,78,0,0,2,-37,0
258,-171,78,0,0,2,-37,0
259,-171,78,0,0,2,-37,0
260,-171,78,0,0,2,-37,0
261,-171,78,0,0,2,-37,0
262,-171,78,0,0,2,-37,0
263,-171,78,0,0,2,-37,0
264,-171,78,0,0,2,-37,0
265,-171,78,0,0,2,-37,0
266,-171,78,0,0,2,-37,0
267,-171,78,0,0,2,-37,0
268,-171,78,0,0,2,-37,0
269,-171,78,0,0,2,-37,0
270,-171,78,0,0,2,-37,0
271,-171,78,0,0,2,-37,0
272,-171,78,0,0,2,-37,0
273,-171,78,0,0,2,-37,0
274,-171,78,0,0,2,-37,0
275,-171,78,0,0,2,-37,0
276,-171,78,0,0,2,-37,0
277,-171,78,0,0,2,-37,0
278,-171,78,0,0,2,-37,0
279,-171,78,0,0,2,-37,0
280,-171,78,0,0,2,-37,0
281,-171,78,0,0,2,-37,0
282,-171,78,0,0,2,-37,0
283,-171,78,0,0,2,-37,0
284,-171,78,0,0,2,-37,0
285,-171,78,0,0,2,-37,0
286,-171,78,0,0,2,-37,0
287,-171,78,0,0,2,-37,0
288,-171,78,0,0,2,-37,0
289,-171,78,0,0,2,-37,0
290,-171,78,0,0,2,-37,0
291,-171,78,0,0,2,-37,0
292,-171,78,0,0,2,-37,0
293,-171,78,0,0,2,-37,0
294,-171,78,0,0,2,-37,0
295,-171,78,0,0,2,-37,0
296,-171,78,0,0,2,-37,0
297,-171,78,0,0,2,-37,0
298,-171,78,0,0,2,-37,0
299,-171,78,0,0,2,-37,0
300,-171,78,0,0,2,-37,0
301,-171,78,0,0,2,-37,0
302,-171,78,0,0,2,-37,0
303,-171,78,0,0,2,-37,0
304,-171,78,0,0,2,-37,0
305,-171,78,0,0,2,-37,0
306,-171,78,0,0,2,-37,0
307,-171,78,0,0,2,-37,0
308,-173,78,0,0,2,-37,0
309,-175,78,0,0,2,-37,0
310,-181,78,0,0,2,-37,0
311,-184,78,0,0,2,-37,0
312,-186,78,0,0,2,-37,0
313,-190,77,0,0,2,-37,0
314,-192,77,0,0,2,-37,0
315,-192,77,0,0,2,-37,0
316,-192,77,0,0,2,-37,0
317,-192,77,0,0,2,-37,0
318,-192,77,0,0,2,-37,0
319,-192,77,0,0,2,-37,0
320,-192,77,0,0,2,-37,0
321,-192,77,0,0,2,-37,0
322,-192,77,0,0,2,-37,0
323,-192,77,0,0,2,-37,0
324,-192,77,0,0,2,-37,0
325,-192,77,0,0,2,-37,0
326,-192,77,0,0,2,-37,0
327,-192,77,0,0,2,-37,0
328,-192,77,0,0,2,-37,0
329,-192,77,0,0,2,-37,0
330,-192,77,0,0,2,-37,0
331,-192,77,0,0,2,-37,0
332,-192,77,0,0,2,-37,0
333,-192,77,0,0,2,-37,0
334,-192,77,0,0,2,-37,0
335,-192,77,0,0,2,-37,0
336,-194,76,0,0,2,-37,0
337,-197,76,0,0,2,-37,0
338,-199,76,0,0,2,-37,0
339,-199,76,0,0,2,-37,0
340,-199,76,0,0,2,-37,0
341,-199,76,0,0,2,-37,0
342,-199,76,0,0,2,-37,0
343,-199,76,0,0,2,-37,0
344,-199,76,0,0,2,-37,0
345,-200,76,0,0,2,-37,0
346,-208,75,0,0,2,-37,0
347,-211,75,0,0,2,-37,0
348,-216,74,0,0,2,-37,0
349,-223,74,0,0,2,-37,0
350,-227,73,0,0,2,-37,0
351,-227,73,0,0,2,-37,0
352,-227,73,0,0,2,-37,0
353,-227,73,0,0,2,-37,0
354,-227,73,0,0,2,-37,0
355,-227,73,0,0,2,-37,0
356,-227,73,0,0,2,-37,0
357,-227,73,0,0,2,-37,0
358,-227,73,0,0,2,-37,0
359,-227,73,0,0,2,-37,0
360,-227,73,0,0,2,-37,0
361,-227,73,0,0,2,-37,0
362,-227,73,0,0,2,-37,0
363,-227,73,0,0,2,-37,0
364,-227,73,0,0,2,-37,0
365,-227,73,0,0,2,-37,0
366,-227,73,0,0,2,-37,0
367,-227,73,0,0,2,-37,0
368,-227,73,0,0,2,-37,0
369,-227,73,0,0,2,-37,0
370,-227,73,0,0,2,-37,0
371,-231,73,0,0,2,-37,0
372,-239,73,0,0,2,-37,0
373,-245,73,0,0,2,-37,0
374,-247,73,0,0,2,-37,0
375,-247,73,0,0,2,-37,0
376,-247,73,0,0,2,-37,0
377,-247,73,0,0,2,-37,0
378,-247,73,0,0,2,-37,0
379,-250,73,0,0,2,-37,0
380,-255,73,0,0,2,-37,0
381,-258,73,0,0,2,-37,0
382,-261,73,0,0,2,-37,0
383,-263,73,0,0,2,-37,0
384,-263,73,0,0,2,-37,0
385,-263,73,0,0,2,-37,0
386,-263,73,0,0,2,-37,0
387,-263,73,0,0,2,-37,0
388,-263,73,0,0,2,-37,0
