t,x,y,fh,fv,r,s,frame:
0,417,90,0,0,0,-8,0
1,417,90,0,0,0,-8,0
2,417,90,0,0,0,-8,0
3,417,90,0,0,0,-8,0
4,417,91,0,0,0,-8,0
5,417,91,0,0,0,-8,0
6,417,91,0,0,0,-8,0
7,417,91,0,0,0,-8,0
8,417,92,0,0,0,-8,0
9,417,92,0,0,0,-8,0
10,417,92,0,0,0,-8,0
11,417,92,0,0,0,-8,0
12,417,92,0,0,0,-8,0
13,417,92,0,0,0,-8,0
14,417,93,0,0,0,-8,0
15,417,93,0,0,0,-8,0
16,417,93,0,0,0,-8,0
17,418,93,0,0,0,-8,0
18,419,93,0,0,0,-8,0
19,419,93,0,0,0,-8,0
20,420,93,0,0,0,-8,0
21,420,93,0,0,0,-8,0
22,422,92,0,0,0,-8,0
23,422,91,0,0,0,-8,0
24,422,91,0,0,0,-8,0
25,422,91,0,0,0,-8,0
26,422,91,0,0,0,-8,0
27,423,91,0,0,0,-8,0
28,423,90,0,0,0,-8,0
29,423,90,0,0,0,-8,0
30,423,90,0,0,0,-8,0
31,423,90,0,0,0,-8,0
32,423,90,0,0,0,-8,0
33,424,89,0,0,0,-8,0
34,424,89,0,0,0,-8,0
35,424,88,0,0,0,-8,0
36,424,88,0,0,0,-8,0
37,424,88,0,0,0,-8,0
38,424,88,0,0,0,-8,0
39,424,88,0,0,0,-8,0
40,425,88,0,0,0,-8,0
41,426,88,0,0,0,-8,0
42,426,90,0,0,0,-8,0
43,426,91,0,0,0,-8,0
44,427,93,0,0,0,-8,0
45,427,94,0,0,0,-8,0
46,427,95,0,0,0,-8,0
47,428,96,0,0,0,-8,0
48,428,96,0,0,0,-8,0
49,428,96,0,0,0,-8,0
50,428,96,0,0,0,-8,0
51,428,96,0,0,0,-8,0
52,429,96,0,0,0,-8,0
53,430,96,0,0,0,-8,0
54,431,94,0,0,0,-8,0
55,433,94,0,0,0,-8,0
56,433,93,0,0,0,-8,0
57,433,93,0,0,0,-8,0
58,433,92,0,0,0,-8,0
59,434,91,0,0,0,-8,0
60,434,91,0,0,0,-8,0
61,434,90,0,0,0,-8,0
62,435,90,0,0,0,-8,0
63,435,90,0,0,0,-8,0
64,435,90,0,0,0,-8,0
65,435,90,0,0,0,-8,0
66,435,90,0,0,0,-8,0
67,435,90,0,0,0,-8,0
68,435,90,0,0,0,-8,0
69,435,90,0,0,0,-8,0
70,435,90,0,0,0,-8,0
71,435,90,0,0,0,-8,0
72,435,90,0,0,0,-8,0
73,435,90,0,0,0,-8,0
74,435,90,0,0,0,-8,0
75,435,90,0,0,0,-8,0
76,435,90,0,0,0,-8,0
77,435,90,0,0,0,-8,0
78,434,89,0,0,0,-8,0
79,434,89,0,0,0,-8,0
80,434,89,0,0,0,-8,0
81,434,89,0,0,0,-8,0
82,433,89,0,0,0,-8,0
83,433,89,0,0,0,-8,0
84,432,89,0,0,0,-8,0
85,432,89,0,0,0,-8,0
86,431,89,0,0,0,-8,0
87,431,89,0,0,0,-8,0
88,431,89,0,0,0,-8,0
89,430,89,0,0,0,-8,0
90,428,90,0,0,0,-8,0
91,428,91,0,0,0,-8,0
92,427,92,0,0,0,-8,0
93,426,92,0,0,0,-8,0
94,426,93,0,0,0,-8,0
95,425,94,0,0,0,-8,0
96,425,94,0,0,0,-8,0
97,425,94,0,0,0,-8,0
98,425,94,0,0,0,-8,0
99,424,94,0,0,0,-8,0
100,424,94,0,0,0,-8,0
101,423,94,0,0,0,-8,0
102,422,95,0,0,0,-8,0
103,422,95,0,0,0,-8,0
104,422,95,0,0,0,-8,0
105,421,95,0,0,0,-8,0
106,420,96,0,0,0,-8,0
107,419,96,0,0,0,-8,0
108,419,96,0,0,0,-8,0
109,419,96,0,0,0,-8,0
110,419,96,0,0,0,-8,0
111,419,96,0,0,0,-8,0
112,418,96,0,0,0,-8,0
113,418,95,0,0,0,-8,0
114,418,94,0,0,0,-8,0
115,418,94,0,0,0,-8,0
116,418,93,0,0,0,-8,0
117,417,93,0,0,0,-8,0
118,417,92,0,0,0,-8,0
119,417,92,0,0,0,-8,0
120,417,92,0,0,0,-8,0
121,417,91,0,0,0,-8,0
122,417,91,0,0,0,-8,0
123,417,91,0,0,0,-8,0
124,417,91,0,0,0,-8,0
125,417,91,0,0,0,-8,0
126,417,91,0,0,0,-8,0
127,417,91,0,0,0,-8,0
128,417,91,0,0,0,-8,0
129,417,91,0,0,0,-8,0
130,417,91,0,0,0,-8,0
131,417,91,0,0,0,-8,0
132,417,91,0,0,0,-8,0
133,417,91,0,0,0,-8,0
134,416,92,0,0,0,-8,0
135,415,93,0,0,0,-8,0
136,415,93,0,0,0,-8,0
137,415,94,0,0,0,-8,0
138,414,94,0,0,0,-8,0
139,414,94,0,0,0,-8,0
140,414,94,0,0,0,-8,0
141,413,95,0,0,0,-8,0
142,413,95,0,0,0,-8,0
143,413,95,0,0,0,-8,0
144,413,95,0,0,0,-8,0
145,413,95,0,0,0,-8,0
146,413,95,0,0,0,-8,0
147,413,96,0,0,0,-8,0
148,412,96,0,0,0,-8,0
149,412,96,0,0,0,-8,0
150,412,96,0,0,0,-8,0
151,411,96,0,0,0,-8,0
152,411,96,0,0,0,-8,0
153,411,96,0,0,0,-8,0
154,411,96,0,0,0,-8,0
155,411,95,0,0,0,-8,0
156,411,94,0,0,0,-8,0
157,411,93,0,0,0,-8,0
158,411,93,0,0,0,-8,0
159,411,92,0,0,0,-8,0
160,411,91,0,0,0,-8,0
161,411,91,0,0,0,-8,0
162,411,91,0,0,0,-8,0
163,411,91,0,0,0,-8,0
164,411,90,0,0,0,-8,0
165,411,90,0,0,0,-8,0
166,411,89,0,0,0,-8,0
167,411,89,0,0,0,-8,0
168,411,88,0,0,0,-8,0
169,411,88,0,0,0,-8,0
170,412,88,0,0,0,-8,0
171,413,88,0,0,0,-8,0
172,414,88,0,0,0,-8,0
173,414,88,0,0,0,-8,0
174,415,88,0,0,0,-8,0
175,416,88,0,0,0,-8,0
176,417,88,0,0,0,-8,0
177,417,89,0,0,0,-8,0
178,417,89,0,0,0,-8,0
179,418,90,0,0,0,-8,0
180,419,91,0,0,0,-8,0
181,420,92,0,0,0,-8,0
182,421,93,0,0,0,-8,0
183,422,93,0,0,0,-8,0
184,422,94,0,0,0,-8,0
185,423,94,0,0,0,-8,0
186,424,95,0,0,0,-8,0
187,424,95,0,0,0,-8,0
188,424,95,0,0,0,-8,0
189,424,95,0,0,0,-8,0
190,425,95,0,0,0,-8,0
191,425,95,0,0,0,-8,0
192,428,95,0,0,0,-8,0
193,430,95,0,0,0,-8,0
194,433,94,0,0,0,-8,0
195,434,94,0,0,0,-8,0
196,435,94,0,0,0,-8,0
197,436,93,0,0,0,-8,0
198,437,92,0,0,0,-8,0
199,438,91,0,0,0,-8,0
200,440,90,0,0,0,-8,0
201,440,89,0,0,0,-8,0
202,441,89,0,0,0,-8,0
203,441,89,0,0,0,-8,0
204,441,89,0,0,0,-8,0
205,441,89,0,0,0,-8,0
206,441,88,0,0,0,-8,0
207,441,87,0,0,0,-8,0
208,441,86,0,0,0,-8,0
209,441,85,0,0,0,-8,0
210,441,85,0,0,0,-8,0
211,441,84,0,0,0,-8,0
212,441,84,0,0,0,-8,0
213,441,84,0,0,0,-8,0
214,441,84,0,0,0,-8,0
215,441,84,0,0,0,-8,0
216,441,84,0,0,0,-8,0
217,441,84,0,0,0,-8,0
218,441,84,0,0,0,-8,0
219,441,84,0,0,0,-8,0
220,441,84,0,0,0,-8,0
221,441,85,0,0,0,-8,0
222,441,86,0,0,0,-8,0
223,440,86,0,0,0,-8,0
224,440,86,0,0,0,-8,0
225,439,87,0,0,0,-8,0
226,438,88,0,0,0,-8,0
227,438,89,0,0,0,-8,0
228,437,90,0,0,0,-8,0
229,437,91,0,0,0,-8,0
230,436,92,0,0,0,-8,0
231,435,93,0,0,0,-8,0
232,434,94,0,0,0,-8,0
233,433,95,0,0,0,-8,0
234,432,96,0,0,0,-8,0
235,431,97,0,0,0,-8,0
236,430,97,0,0,0,-8,0
237,429,98,0,0,0,-8,0
238,429,99,0,0,0,-8,0
239,428,99,0,0,0,-8,0
240,427,99,0,0,0,-8,0
241,427,99,0,0,0,-8,0
242,427,99,0,0,0,-8,0
243,426,99,0,0,0,-8,0
244,425,99,0,0,0,-8,0
245,424,99,0,0,0,-8,0
246,423,99,0,0,0,-8,0
247,422,97,0,0,0,-8,0
248,422,96,0,0,0,-8,0
249,421,96,0,0,0,-8,0
250,420,95,0,0,0,-8,0
251,420,95,0,0,0,-8,0
252,419,94,0,0,0,-8,0
253,419,94,0,0,0,-8,0
254,419,93,0,0,0,-8,0
255,418,93,0,0,0,-8,0
256,418,92,0,0,0,-8,0
257,417,91,0,0,0,-8,0
258,416,90,0,0,0,-8,0
259,416,90,0,0,0,-8,0
260,416,90,0,0,0,-8,0
261,416,90,0,0,0,-8,0
262,416,89,0,0,0,-8,0
263,416,89,0,0,0,-8,0
264,415,89,0,0,0,-8,0
265,415,88,0,0,0,-8,0
266,415,88,0,0,0,-8,0
267,415,88,0,0,0,-8,0
268,415,88,0,0,0,-8,0
269,415,88,0,0,0,-8,0
270,415,88,0,0,0,-8,0
271,414,88,0,0,0,-8,0
272,414,88,0,0,0,-8,0
273,414,87,0,0,0,-8,0
274,414,87,0,0,0,-8,0
275,413,86,0,0,0,-8,0
276,413,86,0,0,0,-8,0
277,413,86,0,0,0,-8,0
278,413,86,0,0,0,-8,0
279,413,86,0,0,0,-8,0
280,413,86,0,0,0,-8,0
281,415,85,0,0,0,-8,0
282,416,84,0,0,0,-8,0
283,418,83,0,0,0,-8,0
284,420,82,0,0,0,-8,0
285,421,81,0,0,0,-8,0
286,424,80,0,0,0,-8,0
287,425,79,0,0,0,-8,0
288,427,79,0,0,0,-8,0
289,429,79,0,0,0,-8,0
290,431,79,0,0,0,-8,0
291,431,79,0,0,0,-8,0
292,432,79,0,0,0,-8,0
293,432,79,0,0,0,-8,0
294,432,79,0,0,0,-8,0
295,433,79,0,0,0,-8,0
296,434,79,0,0,0,-8,0
297,435,79,0,0,0,-8,0
298,436,79,0,0,0,-8,0
299,436,78,0,0,0,-8,0
300,437,78,0,0,0,-8,0
301,437,77,0,0,0,-8,0
302,438,76,0,0,0,-8,0
303,438,76,0,0,0,-8,0
304,438,76,0,0,0,-8,0
305,438,76,0,0,0,-8,0
306,438,76,0,0,0,-8,0
307,438,76,0,0,0,-8,0
308,438,76,0,0,0,-8,0
309,438,76,0,0,0,-8,0
310,438,76,0,0,0,-8,0
311,438,76,0,0,0,-8,0
312,438,76,0,0,0,-8,0
313,438,76,0,0,0,-8,0
314,438,77,0,0,0,-8,0
315,438,77,0,0,0,-8,0
316,438,78,0,0,0,-8,0
317,438,79,0,0,0,-8,0
318,437,81,0,0,0,-8,0
319,437,81,0,0,0,-8,0
320,436,82,0,0,0,-8,0
321,436,83,0,0,0,-8,0
322,436,83,0,0,0,-8,0
323,435,83,0,0,0,-8,0
324,435,84,0,0,0,-8,0
325,435,85,0,0,0,-8,0
326,434,86,0,0,0,-8,0
327,434,86,0,0,0,-8,0
328,433,87,0,0,0,-8,0
329,432,87,0,0,0,-8,0
330,432,88,0,0,0,-8,0
331,431,89,0,0,0,-8,0
332,430,89,0,0,0,-8,0
333,430,89,0,0,0,-8,0
334,430,89,0,0,0,-8,0
335,430,90,0,0,0,-8,0
336,430,90,0,0,0,-8,0
337,430,90,0,0,0,-8,0
338,430,91,0,0,0,-8,0
339,430,91,0,0,0,-8,0
340,431,92,0,0,0,-8,0
341,431,92,0,0,0,-8,0
342,431,93,0,0,0,-8,0
343,431,93,0,0,0,-8,0
344,431,94,0,0,0,-8,0
345,431,96,0,0,0,-8,0
346,431,97,0,0,0,-8,0
347,431,99,0,0,0,-8,0
348,430,100,0,0,0,-8,0
349,429,101,0,0,0,-8,0
350,429,101,0,0,0,-8,0
351,429,101,0,0,0,-8,0
352,429,101,0,0,0,-8,0
353,429,101,0,0,0,-8,0
354,429,101,0,0,0,-8,0
355,429,101,0,0,0,-8,0
356,429,101,0,0,0,-8,0
357,428,101,0,0,0,-8,0
358,427,101,0,0,0,-8,0
359,427,101,0,0,0,-8,0
360,426,101,0,0,0,-8,0
361,426,101,0,0,0,-8,0
362,426,101,0,0,0,-8,0
363,425,101,0,0,0,-8,0
364,425,101,0,0,0,-8,0
365,425,101,0,0,0,-8,0
366,424,101,0,0,0,-8,0
367,424,101,0,0,0,-8,0
368,423,100,0,0,0,-8,0
369,423,100,0,0,0,-8,0
370,423,99,0,0,0,-8,0
371,423,99,0,0,0,-8,0
372,422,99,0,0,0,-8,0
373,421,98,0,0,0,-8,0
374,421,98,0,0,0,-8,0
375,421,98,0,0,0,-8,0
376,421,98,0,0,0,-8,0
377,421,98,0,0,0,-8,0
378,421,97,0,0,0,-8,0
379,421,97,0,0,0,-8,0
380,421,97,0,0,0,-8,0
381,420,97,0,0,0,-8,0
382,420,97,0,0,0,-8,0
383,419,97,0,0,0,-8,0
384,419,97,0,0,0,-8,0
385,419,96,0,0,0,-8,0
386,419,96,0,0,0,-8,0
387,419,96,0,0,0,-8,0
388,418,96,0,0,0,-8,0
389,418,96,0,0,0,-8,0
390,418,96,0,0,0,-8,0
391,418,96,0,0,0,-8,0
392,417,96,0,0,0,-8,0
393,416,96,0,0,0,-8,0
394,416,96,0,0,0,-8,0
395,415,96,0,0,0,-8,0
396,415,96,0,0,0,-8,0
397,415,96,0,0,0,-8,0
398,415,96,0,0,0,-8,0
399,414,96,0,0,0,-8,0
400,414,96,0,0,0,-8,0
401,414,96,0,0,0,-8,0
402,414,96,0,0,0,-8,0
403,414,96,0,0,0,-8,0
404,414,97,0,0,0,-8,0
405,414,97,0,0,0,-8,0
406,413,97,0,0,0,-8,0
407,413,97,0,0,0,-8,0
408,413,97,0,0,0,-8,0
409,413,97,0,0,0,-8,0
410,413,97,0,0,0,-8,0
411,413,97,0,0,0,-8,0
412,413,97,0,0,0,-8,0
413,413,97,0,0,0,-8,0
414,413,97,0,0,0,-8,0
415,412,97,0,0,0,-8,0
416,412,96,0,0,0,-8,0
417,412,96,0,0,0,-8,0
418,412,96,0,0,0,-8,0
419,412,96,0,0,0,-8,0
420,412,95,0,0,0,-8,0
421,412,95,0,0,0,-8,0
422,412,95,0,0,0,-8,0
423,411,94,0,0,0,-8,0
424,411,93,0,0,0,-8,0
425,411,93,0,0,0,-8,0
426,411,92,0,0,0,-8,0
427,411,91,0,0,0,-8,0
428,411,91,0,0,0,-8,0
429,411,91,0,0,0,-8,0
430,411,90,0,0,0,-8,0
431,411,90,0,0,0,-8,0
432,411,89,0,0,0,-8,0
433,412,89,0,0,0,-8,0
434,413,89,0,0,0,-8,0
435,413,89,0,0,0,-8,0
436,414,89,0,0,0,-8,0
437,415,89,0,0,0,-8,0
438,416,89,0,0,0,-8,0
439,416,89,0,0,0,-8,0
440,418,89,0,0,0,-8,0
441,420,90,0,0,0,-8,0
442,421,91,0,0,0,-8,0
443,422,92,0,0,0,-8,0
444,423,92,0,0,0,-8,0
445,425,93,0,0,0,-8,0
446,426,94,0,0,0,-8,0
447,428,95,0,0,0,-8,0
448,430,95,0,0,0,-8,0
449,431,96,0,0,0,-8,0
450,433,96,0,0,0,-8,0
451,435,96,0,0,0,-8,0
452,438,96,0,0,0,-8,0
453,440,96,0,0,0,-8,0
