t,x,y,fh,fv,r,s,frame:
0,472,72,1,0,0,-33,0
1,472,72,1,0,0,-33,0
2,472,72,1,0,0,-33,0
3,472,72,1,0,0,-33,0
4,472,72,1,0,0,-33,0
5,472,72,1,0,0,-33,0
6,472,72,1,0,0,-33,0
7,472,72,1,0,0,-33,0
8,472,72,1,0,0,-33,0
9,472,72,1,0,0,-33,0
10,472,72,1,0,0,-33,0
11,472,72,1,0,0,-33,0
12,472,72,1,0,0,-33,0
13,472,72,1,0,0,-33,0
14,472,72,1,0,0,-33,0
15,472,72,1,0,0,-33,0
16,472,72,1,0,0,-33,0
17,472,72,1,0,0,-33,0
18,472,72,1,0,0,-33,0
19,472,72,1,0,0,-33,0
20,472,72,1,0,0,-33,0
21,472,72,1,0,0,-33,0
22,472,72,1,0,0,-33,0
23,472,72,1,0,0,-33,0
24,472,72,1,0,0,-33,0
25,472,72,1,0,0,-33,0
26,472,72,1,0,0,-33,0
27,472,72,1,0,0,-33,0
28,472,72,1,0,0,-33,0
29,472,72,1,0,0,-33,0
30,472,72,1,0,0,-33,0
31,472,72,1,0,0,-33,0
32,472,72,1,0,0,-33,0
33,472,72,1,0,0,-33,0
34,472,72,1,0,0,-33,0
35,472,72,1,0,0,-33,0
36,472,72,1,0,0,-33,0
37,472,72,1,0,0,-33,0
38,472,72,1,0,0,-33,0
39,472,72,1,0,0,-33,0
40,472,72,1,0,0,-33,0
41,472,72,1,0,0,-33,0
42,472,72,1,0,0,-33,0
43,472,72,1,0,0,-33,0
44,472,72,1,0,0,-33,0
45,472,72,1,0,0,-33,0
46,472,72,1,0,0,-33,0
47,472,72,1,0,0,-33,0
48,472,72,1,0,0,-33,0
49,472,72,1,0,0,-33,0
50,472,72,1,0,0,-33,0
51,472,72,1,0,0,-33,0
52,472,72,1,0,0,-33,0
53,472,72,1,0,0,-33,0
54,472,72,1,0,0,-33,0
55,472,72,1,0,0,-33,0
56,472,72,1,0,0,-33,0
57,472,72,1,0,0,-33,0
58,472,72,1,0,0,-33,0
59,472,72,1,0,0,-33,0
60,472,72,1,0,0,-33,0
61,472,72,1,0,0,-33,0
62,472,72,1,0,0,-33,0
63,472,72,1,0,0,-33,0
64,472,72,1,0,0,-33,0
65,472,72,1,0,0,-33,0
66,472,72,1,0,0,-33,0
67,472,72,1,0,0,-33,0
68,472,72,1,0,0,-33,0
69,472,72,1,0,0,-33,0
70,472,72,1,0,0,-33,0
71,472,72,1,0,0,-33,0
72,472,72,1,0,0,-33,0
73,472,72,1,0,0,-33,0
74,472,72,1,0,0,-33,0
75,472,72,1,0,0,-33,0
76,472,72,1,0,0,-33,0
77,472,72,1,0,0,-33,0
78,472,72,1,0,0,-33,0
79,472,72,1,0,0,-33,0
80,472,72,1,0,0,-33,0
81,472,72,1,0,0,-33,0
82,472,72,1,0,0,-33,0
83,472,72,1,0,0,-33,0
84,472,72,1,0,0,-33,0
85,472,72,1,0,0,-33,0
86,472,72,1,0,0,-33,0
87,472,72,1,0,0,-33,0
88,472,72,1,0,0,-33,0
89,472,72,1,0,0,-33,0
90,472,72,1,0,0,-33,0
91,471,72,1,0,0,-33,0
92,471,71,1,0,0,-33,0
93,469,70,1,0,0,-33,0
94,469,70,1,0,0,-33,0
95,469,70,1,0,0,-33,0
96,467,69,1,0,0,-33,0
97,465,67,1,0,0,-33,0
98,462,67,1,0,0,-33,0
99,460,66,1,0,0,-33,0
100,459,66,1,0,0,-33,0
101,459,66,1,0,0,-33,0
102,459,66,1,0,0,-33,0
103,458,66,1,0,0,-33,0
104,458,66,1,0,0,-33,0
105,451,72,1,0,0,-33,0
106,445,77,1,0,0,-33,0
107,440,81,1,0,0,-33,0
108,437,82,1,0,0,-33,0
109,436,83,1,0,0,-33,0
110,436,83,1,0,0,-33,0
111,436,83,1,0,0,-33,0
112,436,83,1,0,0,-33,0
113,436,83,1,0,0,-33,0
114,436,83,1,0,0,-33,0
115,433,82,1,0,0,-33,0
116,430,79,1,0,0,-33,0
117,426,76,1,0,0,-33,0
118,422,72,1,0,0,-33,0
119,419,69,1,0,0,-33,0
120,419,68,1,0,0,-33,0
121,419,68,1,0,0,-33,0
122,419,68,1,0,0,-33,0
123,419,68,1,0,0,-33,0
124,419,68,1,0,0,-33,0
125,419,68,1,0,0,-33,0
126,419,68,1,0,0,-33,0
127,419,68,1,0,0,-33,0
128,418,69,1,0,0,-33,0
129,417,71,1,0,0,-33,0
130,416,74,1,0,0,-33,0
131,416,75,1,0,0,-33,0
132,415,76,1,0,0,-33,0
133,415,76,1,0,0,-33,0
134,415,76,1,0,0,-33,0
135,415,76,1,0,0,-33,0
136,415,76,1,0,0,-33,0
137,415,76,1,0,0,-33,0
138,415,76,1,0,0,-33,0
139,415,76,1,0,0,-33,0
140,415,76,1,0,0,-33,0
141,415,76,1,0,0,-33,0
142,415,76,1,0,0,-33,0
143,415,76,1,0,0,-33,0
144,415,76,1,0,0,-33,0
145,415,76,1,0,0,-33,0
146,415,76,1,0,0,-33,0
147,415,76,1,0,0,-33,0
148,415,76,1,0,0,-33,0
149,415,76,1,0,0,-33,0
150,415,76,1,0,0,-33,0
151,413,76,1,0,0,-33,0
152,411,76,1,0,0,-33,0
153,408,76,1,0,0,-33,0
154,405,76,1,0,0,-33,0
155,402,76,1,0,0,-33,0
156,401,76,1,0,0,-33,0
157,401,75,1,0,0,-33,0
158,401,75,1,0,0,-33,0
159,399,72,1,0,0,-33,0
160,393,69,1,0,0,-33,0
161,387,66,1,0,0,-33,0
162,382,65,1,0,0,-33,0
163,377,64,1,0,0,-33,0
164,374,63,1,0,0,-33,0
165,369,63,1,0,0,-33,0
166,365,64,1,0,0,-33,0
167,359,67,1,0,0,-33,0
168,350,72,1,0,0,-33,0
169,341,78,1,0,0,-33,0
170,333,83,1,0,0,-33,0
171,323,88,1,0,0,-33,0
172,316,90,1,0,0,-33,0
173,312,91,1,0,0,-33,0
174,310,91,1,0,0,-33,0
175,310,91,1,0,0,-33,0
176,309,90,1,0,0,-33,0
177,301,84,1,0,0,-33,0
178,297,82,1,0,0,-33,0
179,290,78,1,0,0,-33,0
180,280,74,1,0,0,-33,0
181,278,73,1,0,0,-33,0
182,278,73,1,0,0,-33,0
183,278,73,1,0,0,-33,0
184,278,73,1,0,0,-33,0
185,278,73,1,0,0,-33,0
186,278,73,1,0,0,-33,0
187,276,73,1,0,0,-33,0
188,272,72,1,0,0,-33,0
189,271,72,1,0,0,-33,0
190,271,72,1,0,0,-33,0
191,271,72,1,0,0,-33,0
192,271,72,1,0,3,-33,0
193,271,72,1,0,6,-33,0
194,271,72,1,0,9,-33,0
195,271,72,1,0,12,-33,0
196,271,72,1,0,15,-33,0
197,271,72,1,0,18,-33,0
198,271,72,1,0,21,-33,0
199,271,72,1,0,18,-33,0
200,271,72,1,0,15,-33,0
201,266,70,1,0,12,-33,0
202,257,67,1,0,9,-33,0
203,243,65,1,0,6,-33,0
204,231,63,1,0,9,-33,0
205,226,63,1,0,12,-33,0
206,225,62,1,0,15,-33,0
207,225,62,1,0,18,-33,0
208,225,62,1,0,21,-33,0
209,225,62,1,0,24,-33,0
210,225,62,1,0,21,-33,0
211,225,62,1,0,18,-33,0
212,225,62,1,0,15,-33,0
213,225,62,1,0,12,-33,0
214,225,62,1,0,9,-33,0
215,225,62,1,0,6,-33,0
216,225,62,1,0,3,-33,0
217,225,62,1,0,0,-33,0
218,225,62,1,0,3,-33,0
219,225,62,1,0,6,-33,0
220,225,62,1,0,9,-33,0
221,225,62,1,0,12,-33,0
222,225,62,1,0,15,-33,0
223,225,62,1,0,12,-33,0
224,225,62,1,0,9,-33,0
225,225,62,1,0,6,-33,0
226,225,62,1,0,3,-33,0
227,225,62,1,0,0,-33,0
228,224,62,1,0,-3,-33,0
229,223,63,1,0,-3,-33,0
230,221,64,1,0,0,-33,0
231,219,65,1,0,3,-33,0
232,219,66,1,0,6,-33,0
233,219,66,1,0,9,-33,0
234,219,66,1,0,12,-33,0
235,219,66,1,0,15,-33,0
236,219,66,1,0,18,-33,0
237,219,66,1,0,15,-33,0
238,219,66,1,0,12,-33,0
239,219,66,1,0,9,-33,0
240,219,66,1,0,6,-33,0
241,219,66,1,0,3,-33,0
242,219,66,1,0,3,-33,0
243,219,66,1,0,3,-33,0
244,219,66,1,0,6,-33,0
245,219,66,1,0,9,-33,0
246,219,66,1,0,12,-33,0
247,219,66,1,0,15,-33,0
248,219,66,1,0,18,-33,0
249,219,66,1,0,21,-33,0
250,219,66,1,0,24,-33,0
251,219,66,1,0,21,-33,0
252,219,66,1,0,18,-33,0
253,219,66,1,0,15,-33,0
254,219,66,1,0,12,-33,0
255,219,66,1,0,12,-33,0
256,219,66,1,0,12,-33,0
257,219,66,1,0,12,-33,0
258,219,66,1,0,12,-33,0
259,219,66,1,0,12,-33,0
260,219,66,1,0,12,-33,0
261,219,66,1,0,12,-33,0
262,219,66,1,0,9,-33,0
263,219,66,1,0,6,-33,0
264,219,66,1,0,3,-33,0
265,219,66,1,0,0,-33,0
266,219,66,1,0,-3,-33,0
267,219,66,1,0,-6,-33,0
268,219,66,1,0,-6,-33,0
269,219,66,1,0,-6,-33,0
270,219,66,1,0,-6,-33,0
271,219,66,1,0,-6,-33,0
272,219,66,1,0,-6,-33,0
273,219,66,1,0,-6,-33,0
274,219,66,1,0,-6,-33,0
275,219,66,1,0,-6,-33,0
276,219,66,1,0,-6,-33,0
277,219,66,1,0,-6,-33,0
278,219,66,1,0,-6,-33,0
279,219,66,1,0,-6,-33,0
280,219,66,1,0,-6,-33,0
281,219,66,1,0,-6,-33,0
282,219,66,1,0,-6,-33,0
283,219,66,1,0,-6,-33,0
284,219,66,1,0,-6,-33,0
285,219,66,1,0,-6,-33,0
286,219,66,1,0,-6,-33,0
287,219,66,1,0,-6,-33,0
288,219,66,1,0,-6,-33,0
289,219,66,1,0,-3,-33,0
290,219,66,1,0,0,-33,0
291,219,66,1,0,3,-33,0
292,219,66,1,0,6,-33,0
293,219,66,1,0,6,-33,0
294,219,66,1,0,6,-33,0
295,219,66,1,0,6,-33,0
296,219,66,1,0,6,-33,0
297,219,66,1,0,6,-33,0
298,219,66,1,0,6,-33,0
299,219,66,1,0,6,-33,0
300,221,67,1,0,6,-33,0
301,222,68,1,0,6,-33,0
302,223,68,1,0,6,-33,0
303,223,68,1,0,6,-33,0
304,224,69,1,0,6,-33,0
305,225,69,1,0,6,-33,0
306,226,70,1,0,6,-33,0
307,228,70,1,0,6,-33,0
308,232,71,1,0,3,-33,0
309,237,72,1,0,0,-33,0
310,239,72,1,0,-3,-33,0
311,246,72,1,0,-6,-33,0
312,248,72,1,0,-6,-33,0
313,249,71,1,0,-6,-33,0
314,251,70,1,0,-6,-33,0
315,256,69,1,0,-6,-33,0
316,262,69,1,0,-6,-33,0
317,267,69,1,0,-6,-33,0
318,272,69,1,0,-6,-33,0
319,275,69,1,0,-6,-33,0
320,276,69,1,0,-6,-33,0
321,276,69,1,0,-6,-33,0
322,276,69,1,0,-6,-33,0
323,276,69,1,0,-6,-33,0
324,277,69,1,0,-6,-33,0
325,282,69,1,0,-6,-33,0
326,288,69,1,0,-6,-33,0
327,292,69,1,0,-6,-33,0
328,296,69,1,0,-6,-33,0
329,302,69,1,0,-6,-33,0
330,305,68,1,0,-6,-33,0
331,309,68,1,0,-6,-33,0
332,312,68,1,0,-6,-33,0
333,317,69,1,0,-6,-33,0
334,323,69,1,0,-6,-33,0
335,330,70,1,0,-6,-33,0
336,341,71,1,0,-6,-33,0
337,350,72,1,0,-6,-33,0
338,357,73,1,0,-6,-33,0
339,362,73,1,0,-6,-33,0
340,367,73,1,0,-6,-33,0
341,374,73,1,0,-6,-33,0
342,379,73,1,0,-6,-33,0
343,385,73,1,0,-6,-33,0
344,390,71,1,0,-6,-33,0
345,393,71,1,0,-6,-33,0
346,395,71,1,0,-6,-33,0
347,400,70,1,0,-6,-33,0
348,401,70,1,0,-6,-33,0
349,403,70,1,0,-6,-33,0
350,406,69,1,0,-6,-33,0
351,410,69,1,0,-6,-33,0
352,413,69,1,0,-6,-33,0
353,416,69,1,0,-6,-33,0
354,418,69,1,0,-6,-33,0
355,420,69,1,0,-6,-33,0
356,422,69,1,0,-6,-33,0
357,425,70,1,0,-6,-33,0
358,429,70,1,0,-6,-33,0
359,431,70,1,0,-6,-33,0
360,434,70,1,0,-6,-33,0
361,437,70,1,0,-6,-33,0
362,440,69,1,0,-6,-33,0
363,442,69,1,0,-6,-33,0
364,445,68,1,0,-6,-33,0
365,449,67,1,0,-6,-33,0
366,451,67,1,0,-6,-33,0
367,453,67,1,0,-6,-33,0
368,456,67,1,0,-3,-33,0
369,457,67,1,0,0,-33,0
370,458,67,1,0,3,-33,0
371,459,67,1,0,3,-33,0
372,461,67,1,0,3,-33,0
373,462,67,1,0,3,-33,0
374,462,67,1,0,3,-33,0
375,464,67,1,0,3,-33,0
376,467,67,1,0,3,-33,0
377,468,67,1,0,3,-33,0
378,469,67,1,0,3,-33,0
379,469,67,1,0,3,-33,0
380,469,67,1,0,3,-33,0
381,469,67,1,0,3,-33,0
382,469,67,1,0,3,-33,0
383,469,67,1,0,3,-33,0
384,469,67,1,0,3,-33,0
385,469,67,1,0,3,-33,0
386,469,67,1,0,3,-33,0
387,469,67,1,0,3,-33,0
388,469,67,1,0,3,-33,0
389,469,67,1,0,3,-33,0
390,469,67,1,0,3,-33,0
391,469,67,1,0,3,-33,0
392,469,67,1,0,3,-33,0
393,469,68,1,0,3,-33,0
394,469,68,1,0,3,-33,0
395,469,68,1,0,3,-33,0
396,469,68,1,0,3,-33,0
397,469,68,1,0,3,-33,0
398,469,69,1,0,3,-33,0
399,470,70,1,0,3,-33,0
400,470,70,1,0,3,-33,0
401,470,71,1,0,3,-33,0
402,470,71,1,0,3,-33,0
403,470,71,1,0,3,-33,0
404,470,71,1,0,3,-33,0
405,470,71,1,0,3,-33,0
406,470,71,1,0,3,-33,0
407,470,71,1,0,3,-33,0
408,470,71,1,0,3,-33,0
409,470,71,1,0,3,-33,0
410,470,71,1,0,3,-33,0
411,470,71,1,0,3,-33,0
412,470,71,1,0,3,-33,0
413,470,71,1,0,3,-33,0
414,470,71,1,0,3,-33,0
415,470,71,1,0,3,-33,0
416,470,71,1,0,3,-33,0
417,470,71,1,0,3,-33,0
418,470,71,1,0,3,-33,0
419,470,71,1,0,3,-33,0
420,470,71,1,0,3,-33,0
421,470,71,1,0,3,-33,0
422,470,71,1,0,3,-33,0
423,470,71,1,0,3,-33,0
424,470,71,1,0,3,-33,0
425,470,71,1,0,3,-33,0
426,470,71,1,0,3,-33,0
427,470,71,1,0,3,-33,0
428,470,71,1,0,3,-33,0
429,470,71,1,0,3,-33,0
430,470,71,1,0,3,-33,0
431,470,71,1,0,3,-33,0
432,470,71,1,0,3,-33,0
433,470,71,1,0,3,-33,0
434,470,71,1,0,3,-33,0
435,471,71,1,0,3,-33,0
436,471,71,1,0,3,-33,0
437,472,71,1,0,3,-33,0
438,472,71,1,0,3,-33,0
439,472,71,1,0,3,-33,0
440,472,71,1,0,3,-33,0
441,472,71,1,0,3,-33,0
442,472,71,1,0,3,-33,0
443,472,71,1,0,3,-33,0
444,472,71,1,0,3,-33,0
445,472,71,1,0,3,-33,0
446,472,71,1,0,3,-33,0
447,472,71,1,0,3,-33,0
448,472,71,1,0,3,-33,0
449,472,71,1,0,3,-33,0
450,472,71,1,0,3,-33,0
451,472,71,1,0,3,-33,0
452,472,71,1,0,3,-33,0
453,472,71,1,0,3,-33,0
