t,x,y,fh,fv,r,s,frame:
0,-26,9,1,0,0,-38,0
1,-26,9,1,0,0,-38,0
2,-26,9,1,0,0,-38,0
3,-26,9,1,0,0,-38,0
4,-26,9,1,0,0,-38,0
5,-26,9,1,0,0,-38,0
6,-26,9,1,0,0,-38,0
7,-26,9,1,0,0,-38,0
8,-26,9,1,0,0,-38,0
9,-26,9,1,0,0,-38,0
10,-26,9,1,0,0,-38,0
11,-26,9,1,0,0,-38,0
12,-26,9,1,0,0,-38,0
13,-26,9,1,0,0,-38,0
14,-26,9,1,0,0,-38,0
15,-26,9,1,0,0,-38,0
16,-26,9,1,0,0,-38,0
17,-26,9,1,0,0,-38,0
18,-26,9,1,0,0,-38,0
19,-26,9,1,0,0,-38,0
20,-26,9,1,0,0,-38,0
21,-26,9,1,0,0,-38,0
22,-26,9,1,0,0,-38,0
23,-26,9,1,0,0,-38,0
24,-26,9,1,0,0,-38,0
25,-26,9,1,0,0,-38,0
26,-26,9,1,0,0,-38,0
27,-26,9,1,0,0,-38,0
28,-26,9,1,0,0,-38,0
29,-26,9,1,0,0,-38,0
30,-26,9,1,0,0,-38,0
31,-26,9,1,0,0,-38,0
32,-26,9,1,0,0,-38,0
33,-26,9,1,0,0,-38,0
34,-26,9,1,0,0,-38,0
35,-26,9,1,0,0,-38,0
36,-26,9,1,0,0,-38,0
37,-26,9,1,0,0,-38,0
38,-26,9,1,0,0,-38,0
39,-26,9,1,0,0,-38,0
40,-26,9,1,0,0,-38,0
41,-26,9,1,0,0,-38,0
42,-26,9,1,0,0,-38,0
43,-26,9,1,0,0,-38,0
44,-26,9,1,0,0,-38,0
45,-26,9,1,0,0,-38,0
46,-26,9,1,0,0,-38,0
47,-26,9,1,0,0,-38,0
48,-26,9,1,0,0,-38,0
49,-26,9,1,0,0,-38,0
50,-26,9,1,0,0,-38,0
51,-26,9,1,0,0,-38,0
52,-26,9,1,0,0,-38,0
53,-26,9,1,0,0,-38,0
54,-26,9,1,0,0,-38,0
55,-26,9,1,0,0,-38,0
56,-26,9,1,0,0,-38,0
57,-26,9,1,0,0,-38,0
58,-26,9,1,0,0,-38,0
59,-26,9,1,0,0,-38,0
60,-26,9,1,0,0,-38,0
61,-26,9,1,0,0,-38,0
62,-26,9,1,0,0,-38,0
63,-26,9,1,0,0,-38,0
64,-26,9,1,0,0,-38,0
65,-26,9,1,0,0,-38,0
66,-26,9,1,0,0,-38,0
67,-26,9,1,0,0,-38,0
68,-26,9,1,0,0,-38,0
69,-26,9,1,0,0,-38,0
70,-26,9,1,0,0,-38,0
71,-26,9,1,0,0,-38,0
72,-27,9,1,0,0,-38,0
73,-27,9,1,0,0,-38,0
74,-27,9,1,0,0,-38,0
75,-27,10,1,0,0,-38,0
76,-30,10,1,0,0,-38,0
77,-34,10,1,0,0,-38,0
78,-39,10,1,0,0,-38,0
79,-43,10,1,0,0,-38,0
80,-44,10,1,0,0,-38,0
81,-44,11,1,0,0,-38,0
82,-44,11,1,0,0,-38,0
83,-44,11,1,0,0,-38,0
84,-45,11,1,0,0,-38,0
85,-55,11,1,0,0,-38,0
86,-62,11,1,0,0,-38,0
87,-66,11,1,0,0,-38,0
88,-71,11,1,0,0,-38,0
89,-74,11,1,0,0,-38,0
90,-78,11,1,0,0,-38,0
91,-81,11,1,0,0,-38,0
92,-82,11,1,0,0,-38,0
93,-82,11,1,0,0,-38,0
94,-83,10,1,0,0,-38,0
95,-88,10,1,0,0,-38,0
96,-97,10,1,0,0,-38,0
97,-103,10,1,0,0,-38,0
98,-109,10,1,0,0,-38,0
99,-119,10,1,0,0,-38,0
100,-120,10,1,0,0,-38,0
101,-121,10,1,0,0,-38,0
102,-122,10,1,0,0,-38,0
103,-122,10,1,0,0,-38,0
104,-122,10,1,0,0,-38,0
105,-122,10,1,0,0,-38,0
106,-122,10,1,0,0,-38,0
107,-122,10,1,0,0,-38,0
108,-122,10,1,0,0,-38,0
109,-122,10,1,0,0,-38,0
110,-122,10,1,0,0,-38,0
111,-122,10,1,0,0,-38,0
112,-122,10,1,0,0,-38,0
113,-122,10,1,0,0,-38,0
114,-122,10,1,0,0,-38,0
115,-122,10,1,0,0,-38,0
116,-123,10,1,0,0,-38,0
117,-127,10,1,0,0,-38,0
118,-130,10,1,0,0,-38,0
119,-132,10,1,0,0,-38,0
120,-133,10,1,0,0,-38,0
121,-133,9,1,0,0,-38,0
122,-133,9,1,0,0,-38,0
123,-133,9,1,0,0,-38,0
124,-133,9,1,0,0,-38,0
125,-133,9,1,0,0,-38,0
126,-135,9,1,0,0,-38,0
127,-138,9,1,0,0,-38,0
128,-142,9,1,0,0,-38,0
129,-143,9,1,0,0,-38,0
130,-145,9,1,0,0,-38,0
131,-146,9,1,0,0,-38,0
132,-146,9,1,0,0,-38,0
133,-146,9,1,0,0,-38,0
134,-146,9,1,0,0,-38,0
135,-146,9,1,0,0,-38,0
136,-146,9,1,0,0,-38,0
137,-146,9,1,0,0,-38,0
138,-146,9,1,0,0,-38,0
139,-146,9,1,0,0,-38,0
140,-146,9,1,0,0,-38,0
141,-146,9,1,0,0,-38,0
142,-146,9,1,0,0,-38,0
143,-146,9,1,0,0,-38,0
144,-146,9,1,0,0,-38,0
145,-146,9,1,0,0,-38,0
146,-146,9,1,0,0,-38,0
147,-146,9,1,0,0,-38,0
148,-146,9,1,0,0,-38,0
149,-146,9,1,0,0,-38,0
150,-146,9,1,0,0,-38,0
151,-146,9,1,0,0,-38,0
152,-146,9,1,0,0,-38,0
153,-146,9,1,0,0,-38,0
154,-146,9,1,0,0,-38,0
155,-146,9,1,0,0,-38,0
156,-146,9,1,0,0,-38,0
157,-146,9,1,0,0,-38,0
158,-146,9,1,0,0,-38,0
159,-146,9,1,0,0,-38,0
160,-146,9,1,0,0,-38,0
161,-146,9,1,0,0,-38,0
162,-146,9,1,0,0,-38,0
163,-146,9,1,0,0,-38,0
164,-146,9,1,0,0,-38,0
165,-146,9,1,0,0,-38,0
166,-146,9,1,0,0,-38,0
167,-146,9,1,0,0,-38,0
168,-146,9,1,0,0,-38,0
169,-146,9,1,0,0,-38,0
170,-146,9,1,0,0,-38,0
171,-146,9,1,0,0,-38,0
172,-146,9,1,0,0,-38,0
173,-146,9,1,0,0,-38,0
174,-146,9,1,0,0,-38,0
175,-146,9,1,0,0,-38,0
176,-146,9,1,0,0,-38,0
177,-146,9,1,0,0,-38,0
178,-146,9,1,0,0,-38,0
179,-146,9,1,0,0,-38,0
180,-146,9,1,0,0,-38,0
181,-146,9,1,0,0,-38,0
182,-146,9,1,0,0,-38,0
183,-146,9,1,0,0,-38,0
184,-146,9,1,0,0,-38,0
185,-146,9,1,0,0,-38,0
186,-146,9,1,0,0,-38,0
187,-146,9,1,0,0,-38,0
188,-146,9,1,0,0,-38,0
189,-146,9,1,0,0,-38,0
190,-146,9,1,0,0,-38,0
191,-146,9,1,0,0,-38,0
192,-146,9,1,0,0,-38,0
193,-146,9,1,0,0,-38,0
194,-146,9,1,0,0,-38,0
195,-146,9,1,0,0,-38,0
196,-146,9,1,0,0,-38,0
197,-146,9,1,0,0,-38,0
198,-146,9,1,0,0,-38,0
199,-146,9,1,0,0,-38,0
200,-146,9,1,0,0,-38,0
201,-146,9,1,0,0,-38,0
202,-146,9,1,0,0,-38,0
203,-146,9,1,0,0,-38,0
204,-146,9,1,0,0,-38,0
205,-146,9,1,0,0,-38,0
206,-146,9,1,0,0,-38,0
207,-146,9,1,0,0,-38,0
208,-146,9,1,0,0,-38,0
209,-146,9,1,0,0,-38,0
210,-146,9,1,0,0,-38,0
211,-146,9,1,0,0,-38,0
212,-146,9,1,0,0,-38,0
213,-146,9,1,0,0,-38,0
214,-146,9,1,0,0,-38,0
215,-146,9,1,0,0,-38,0
216,-146,9,1,0,0,-38,0
217,-146,9,1,0,0,-38,0
218,-146,9,1,0,0,-38,0
219,-146,9,1,0,0,-38,0
220,-146,9,1,0,0,-38,0
221,-146,9,1,0,0,-38,0
222,-146,9,1,0,0,-38,0
223,-146,9,1,0,0,-38,0
224,-146,9,1,0,0,-38,0
225,-146,9,1,0,0,-38,0
226,-146,9,1,0,0,-38,0
227,-146,9,1,0,0,-38,0
228,-146,9,1,0,0,-38,0
229,-146,9,1,0,0,-38,0
230,-146,9,1,0,0,-38,0
231,-146,9,1,0,0,-38,0
232,-146,9,1,0,0,-38,0
233,-146,9,1,0,0,-38,0
234,-146,9,1,0,0,-38,0
235,-146,9,1,0,0,-38,0
236,-146,9,1,0,0,-38,0
237,-146,9,1,0,0,-38,0
238,-146,9,1,0,0,-38,0
239,-146,9,1,0,0,-38,0
240,-146,9,1,0,0,-38,0
241,-146,9,1,0,0,-38,0
242,-146,9,1,0,0,-38,0
243,-146,9,1,0,0,-38,0
