t,x,y,fh,fv,r,s,frame:
0,241,168,1,0,0,-69,0
1,241,168,1,0,0,-69,0
2,241,168,1,0,0,-69,0
3,241,168,1,0,0,-69,0
4,241,168,1,0,0,-69,0
5,241,168,1,0,0,-69,0
6,241,168,1,0,0,-69,0
7,241,168,1,0,0,-69,0
8,241,168,1,0,0,-69,0
9,241,168,1,0,0,-69,0
10,241,168,1,0,0,-69,0
11,241,168,1,0,-2,-69,0
12,241,168,1,0,-4,-69,0
13,241,168,1,0,-6,-69,0
14,241,168,1,0,-8,-69,0
15,252,167,1,0,-10,-69,0
16,260,165,1,0,-12,-69,0
17,268,164,1,0,-14,-69,0
18,271,164,1,0,-16,-69,0
19,274,164,1,0,-18,-69,0
20,275,164,1,0,-20,-69,0
21,275,164,1,0,-22,-69,0
22,275,164,1,0,-24,-69,0
23,279,164,1,0,-26,-69,0
24,284,164,1,0,-28,-69,0
25,289,164,1,0,-30,-69,0
26,293,165,1,0,-32,-69,0
27,298,165,1,0,-34,-69,0
28,302,166,1,0,-36,-69,0
29,306,167,1,0,-38,-69,0
30,311,169,1,0,-40,-69,0
31,314,170,1,0,-42,-69,0
32,317,171,1,0,-44,-69,0
33,321,173,1,0,-46,-69,0
34,326,175,1,0,-48,-69,0
35,329,177,1,0,-50,-69,0
36,333,179,1,0,-52,-69,0
37,338,181,1,0,-54,-69,0
38,341,182,1,0,-56,-69,0
39,346,184,1,0,-58,-69,0
40,350,186,1,0,-60,-69,0
41,354,189,1,0,-62,-69,0
42,358,192,1,0,-64,-69,0
43,362,196,1,0,-66,-69,0
44,367,200,1,0,-68,-69,0
45,376,208,1,0,-70,-69,0
46,378,209,1,0,-72,-69,0
47,383,214,1,0,-74,-69,0
48,389,219,1,0,-76,-69,0
49,395,223,1,0,-78,-69,0
50,403,230,1,0,-80,-69,0
51,406,232,1,0,-82,-69,0
52,407,233,1,0,-84,-69,0
53,411,236,1,0,-86,-69,0
54,413,237,1,0,-88,-69,0
55,417,239,1,0,-90,-69,0
56,420,241,1,0,-92,-69,0
57,422,243,1,0,-94,-69,0
58,426,246,1,0,-96,-69,0
59,430,249,1,0,-98,-69,0
60,435,252,1,0,-100,-69,0
61,438,254,1,0,-102,-69,0
62,440,254,1,0,-102,-69,0
63,441,256,1,0,-102,-69,0
64,443,258,1,0,-102,-69,0
65,450,263,1,0,-102,-69,0
66,456,267,1,0,-102,-69,0
67,457,268,1,0,-102,-69,0
68,458,268,1,0,-102,-69,0
69,458,268,1,0,-102,-69,0
70,458,268,1,0,-102,-69,0
71,458,268,1,0,-102,-69,0
72,460,269,1,0,-102,-69,0
73,461,270,1,0,-102,-69,0
74,463,271,1,0,-102,-69,0
75,465,272,1,0,-102,-69,0
76,467,273,1,0,-102,-69,0
77,468,274,1,0,-102,-69,0
78,470,275,1,0,-102,-69,0
79,472,276,1,0,-102,-69,0
80,474,278,1,0,-102,-69,0
81,476,279,1,0,-102,-69,0
82,477,280,1,0,-102,-69,0
83,477,280,1,0,-102,-69,0
84,477,280,1,0,-102,-69,0
85,477,280,1,0,-102,-69,0
86,477,280,1,0,-100,-69,0
87,477,280,1,0,-98,-69,0
88,477,280,1,0,-96,-69,0
89,477,280,1,0,-94,-69,0
90,477,280,1,0,-92,-69,0
91,477,280,1,0,-92,-69,0
92,477,280,1,0,-92,-69,0
93,477,280,1,0,-92,-69,0
94,477,280,1,0,-92,-69,0
95,477,280,1,0,-92,-69,0
96,477,280,1,0,-92,-69,0
97,477,280,1,0,-92,-69,0
98,477,280,1,0,-92,-69,0
99,477,280,1,0,-92,-69,0
100,477,280,1,0,-92,-69,0
101,477,280,1,0,-92,-69,0
102,477,280,1,0,-92,-69,0
103,477,280,1,0,-92,-69,0
104,477,280,1,0,-92,-69,0
105,477,280,1,0,-92,-69,0
106,477,280,1,0,-92,-69,0
107,477,280,1,0,-92,-69,0
108,477,280,1,0,-92,-69,0
109,477,280,1,0,-92,-69,0
110,477,280,1,0,-92,-69,0
111,477,280,1,0,-92,-69,0
112,477,280,1,0,-92,-69,0
113,477,280,1,0,-92,-69,0
114,477,280,1,0,-92,-69,0
115,477,280,1,0,-92,-69,0
116,477,280,1,0,-92,-69,0
117,477,280,1,0,-92,-69,0
118,477,280,1,0,-92,-69,0
119,477,280,1,0,-92,-69,0
120,477,280,1,0,-92,-69,0
121,477,280,1,0,-92,-69,0
122,477,280,1,0,-92,-69,0
123,477,280,1,0,-92,-69,0
124,477,280,1,0,-92,-69,0
125,477,280,1,0,-92,-69,0
126,477,280,1,0,-92,-69,0
127,477,280,1,0,-92,-69,0
128,477,280,1,0,-92,-69,0
129,477,280,1,0,-92,-69,0
130,477,280,1,0,-92,-69,0
131,477,280,1,0,-92,-69,0
132,477,280,1,0,-92,-69,0
133,477,280,1,0,-92,-69,0
134,477,280,1,0,-92,-69,0
135,477,280,1,0,-92,-69,0
136,477,280,1,0,-92,-69,0
137,477,280,1,0,-92,-69,0
138,477,280,1,0,-92,-69,0
139,477,280,1,0,-92,-69,0
140,477,280,1,0,-92,-69,0
141,477,280,1,0,-92,-69,0
142,477,280,1,0,-92,-69,0
143,477,280,1,0,-92,-69,0
144,477,280,1,0,-92,-69,0
145,477,280,1,0,-92,-69,0
146,477,280,1,0,-92,-69,0
147,477,280,1,0,-92,-69,0
148,477,280,1,0,-92,-69,0
149,477,280,1,0,-92,-69,0
150,477,280,1,0,-92,-69,0
151,477,280,1,0,-92,-69,0
152,477,280,1,0,-92,-69,0
153,477,280,1,0,-92,-69,0
154,477,280,1,0,-92,-69,0
155,477,280,1,0,-92,-69,0
156,477,280,1,0,-92,-69,0
157,477,280,1,0,-92,-69,0
158,477,280,1,0,-92,-69,0
159,477,280,1,0,-92,-69,0
160,477,280,1,0,-92,-69,0
161,477,280,1,0,-92,-69,0
162,477,280,1,0,-92,-69,0
163,477,280,1,0,-92,-69,0
164,477,280,1,0,-92,-69,0
165,477,280,1,0,-92,-69,0
166,477,280,1,0,-92,-69,0
167,477,280,1,0,-92,-69,0
168,477,280,1,0,-92,-69,0
169,477,280,1,0,-92,-69,0
170,477,280,1,0,-92,-69,0
171,477,280,1,0,-92,-69,0
172,477,280,1,0,-92,-69,0
173,477,280,1,0,-92,-69,0
174,477,280,1,0,-92,-69,0
175,477,280,1,0,-92,-69,0
176,477,280,1,0,-92,-69,0
177,477,280,1,0,-92,-69,0
178,477,280,1,0,-92,-69,0
179,477,280,1,0,-92,-69,0
180,477,280,1,0,-92,-69,0
181,477,280,1,0,-92,-69,0
182,477,280,1,0,-92,-69,0
183,477,280,1,0,-92,-69,0
184,477,280,1,0,-92,-69,0
185,477,280,1,0,-92,-69,0
186,477,280,1,0,-92,-69,0
187,477,280,1,0,-92,-69,0
188,477,280,1,0,-92,-69,0
189,477,280,1,0,-92,-69,0
190,477,280,1,0,-92,-69,0
191,477,280,1,0,-92,-69,0
192,477,280,1,0,-92,-69,0
193,477,280,1,0,-92,-69,0
194,477,280,1,0,-92,-69,0
195,477,280,1,0,-92,-69,0
196,477,280,1,0,-92,-69,0
197,477,280,1,0,-92,-69,0
198,477,280,1,0,-92,-69,0
199,477,280,1,0,-92,-69,0
200,477,280,1,0,-92,-69,0
201,477,280,1,0,-92,-69,0
202,477,280,1,0,-92,-69,0
203,477,280,1,0,-92,-69,0
204,477,280,1,0,-92,-69,0
205,477,280,1,0,-92,-69,0
206,477,280,1,0,-92,-69,0
207,477,280,1,0,-92,-69,0
208,477,280,1,0,-92,-69,0
209,477,280,1,0,-92,-69,0
210,477,280,1,0,-92,-69,0
211,477,280,1,0,-92,-69,0
212,477,280,1,0,-92,-69,0
213,477,280,1,0,-92,-69,0
214,477,280,1,0,-92,-69,0
215,477,280,1,0,-92,-69,0
216,477,280,1,0,-92,-69,0
217,477,280,1,0,-92,-69,0
218,477,280,1,0,-92,-69,0
219,477,280,1,0,-92,-69,0
220,477,280,1,0,-92,-69,0
221,477,280,1,0,-92,-69,0
222,477,280,1,0,-92,-69,0
223,477,280,1,0,-92,-69,0
224,477,280,1,0,-92,-69,0
225,477,280,1,0,-92,-69,0
226,477,280,1,0,-92,-69,0
227,477,280,1,0,-92,-69,0
228,477,280,1,0,-92,-69,0
229,477,280,1,0,-92,-69,0
230,477,280,1,0,-92,-69,0
231,477,280,1,0,-92,-69,0
232,477,280,1,0,-92,-69,0
233,477,280,1,0,-92,-69,0
234,477,280,1,0,-92,-69,0
235,477,280,1,0,-92,-69,0
236,477,280,1,0,-92,-69,0
237,477,280,1,0,-92,-69,0
238,477,280,1,0,-92,-69,0
239,477,280,1,0,-92,-69,0
240,477,280,1,0,-92,-69,0
241,477,280,1,0,-92,-69,0
242,477,280,1,0,-92,-69,0
243,477,280,1,0,-92,-69,0
244,477,280,1,0,-92,-69,0
245,477,280,1,0,-92,-69,0
246,477,280,1,0,-92,-69,0
247,477,280,1,0,-92,-69,0
248,477,280,1,0,-92,-69,0
249,477,280,1,0,-92,-69,0
250,477,280,1,0,-92,-69,0
251,477,280,1,0,-92,-69,0
252,477,280,1,0,-92,-69,0
253,477,280,1,0,-92,-69,0
254,477,280,1,0,-92,-69,0
255,477,280,1,0,-92,-69,0
256,477,280,1,0,-92,-69,0
257,477,280,1,0,-92,-69,0
258,477,280,1,0,-92,-69,0
259,477,280,1,0,-92,-69,0
260,477,280,1,0,-92,-69,0
261,477,280,1,0,-92,-69,0
262,477,280,1,0,-92,-69,0
263,477,280,1,0,-92,-69,0
264,477,280,1,0,-92,-69,0
265,477,280,1,0,-92,-69,0
266,477,280,1,0,-92,-69,0
267,477,280,1,0,-92,-69,0
268,477,280,1,0,-92,-69,0
269,477,280,1,0,-92,-69,0
270,477,280,1,0,-92,-69,0
271,477,280,1,0,-92,-69,0
272,477,280,1,0,-92,-69,0
273,477,280,1,0,-92,-69,0
274,477,280,1,0,-92,-69,0
275,477,280,1,0,-92,-69,0
276,477,280,1,0,-92,-69,0
277,477,280,1,0,-92,-69,0
278,477,280,1,0,-92,-69,0
279,477,280,1,0,-92,-69,0
280,477,280,1,0,-92,-69,0
281,477,280,1,0,-92,-69,0
282,477,280,1,0,-92,-69,0
283,477,280,1,0,-92,-69,0
284,477,280,1,0,-92,-69,0
285,477,280,1,0,-92,-69,0
286,477,280,1,0,-92,-69,0
287,477,280,1,0,-92,-69,0
288,477,280,1,0,-92,-69,0
289,477,280,1,0,-92,-69,0
290,477,280,1,0,-92,-69,0
291,477,280,1,0,-92,-69,0
292,477,280,1,0,-92,-69,0
293,477,280,1,0,-92,-69,0
294,477,280,1,0,-92,-69,0
295,477,280,1,0,-92,-69,0
296,477,280,1,0,-92,-69,0
297,477,280,1,0,-92,-69,0
298,477,280,1,0,-92,-69,0
299,477,280,1,0,-92,-69,0
300,477,280,1,0,-92,-69,0
301,477,280,1,0,-92,-69,0
302,477,280,1,0,-92,-69,0
303,477,280,1,0,-92,-69,0
304,477,280,1,0,-92,-69,0
305,477,280,1,0,-92,-69,0
306,477,280,1,0,-92,-69,0
307,477,280,1,0,-92,-69,0
308,477,280,1,0,-92,-69,0
309,477,280,1,0,-92,-69,0
310,477,280,1,0,-92,-69,0
311,477,280,1,0,-92,-69,0
312,477,280,1,0,-92,-69,0
313,477,280,1,0,-92,-69,0
314,477,280,1,0,-92,-69,0
315,477,280,1,0,-92,-69,0
316,477,280,1,0,-92,-69,0
317,477,280,1,0,-92,-69,0
318,477,280,1,0,-92,-69,0
319,477,280,1,0,-92,-69,0
320,477,280,1,0,-92,-69,0
321,477,280,1,0,-92,-69,0
322,477,280,1,0,-92,-69,0
323,477,280,1,0,-92,-69,0
324,477,280,1,0,-92,-69,0
325,477,280,1,0,-92,-69,0
326,477,280,1,0,-92,-69,0
327,477,280,1,0,-92,-69,0
328,477,280,1,0,-92,-69,0
329,477,280,1,0,-92,-69,0
330,477,280,1,0,-92,-69,0
331,477,280,1,0,-92,-69,0
332,477,280,1,0,-92,-69,0
333,477,280,1,0,-92,-69,0
334,477,280,1,0,-92,-69,0
335,477,280,1,0,-92,-69,0
336,477,280,1,0,-92,-69,0
337,477,280,1,0,-92,-69,0
338,477,280,1,0,-92,-69,0
339,477,280,1,0,-92,-69,0
340,477,280,1,0,-92,-69,0
341,477,280,1,0,-92,-69,0
342,477,280,1,0,-92,-69,0
343,477,280,1,0,-92,-69,0
344,477,280,1,0,-92,-69,0
345,477,280,1,0,-92,-69,0
346,477,280,1,0,-92,-69,0
347,477,280,1,0,-92,-69,0
348,477,280,1,0,-92,-69,0
349,477,280,1,0,-92,-69,0
350,477,280,1,0,-92,-69,0
351,477,280,1,0,-92,-69,0
352,477,280,1,0,-92,-69,0
353,477,280,1,0,-92,-69,0
354,477,280,1,0,-92,-69,0
355,477,280,1,0,-92,-69,0
356,477,280,1,0,-92,-69,0
357,477,280,1,0,-92,-69,0
358,477,280,1,0,-92,-69,0
359,477,280,1,0,-92,-69,0
360,477,280,1,0,-92,-69,0
361,477,280,1,0,-92,-69,0
362,477,280,1,0,-92,-69,0
363,477,280,1,0,-92,-69,0
