t,x,y,fh,fv,r,s,frame:
0,491,-40,0,0,0,-70,0
1,491,-40,0,0,0,-70,0
2,491,-40,0,0,0,-70,0
3,491,-40,0,0,0,-70,0
4,491,-40,0,0,0,-70,0
5,491,-40,0,0,0,-70,0
6,491,-40,0,0,0,-70,0
7,491,-40,0,0,0,-70,0
8,491,-40,0,0,0,-70,0
9,491,-40,0,0,0,-70,0
10,491,-40,0,0,0,-70,0
11,491,-40,0,0,0,-70,0
12,491,-40,0,0,0,-70,0
13,491,-40,0,0,0,-70,0
14,491,-40,0,0,0,-70,0
15,491,-40,0,0,0,-70,0
16,491,-40,0,0,0,-70,0
17,491,-40,0,0,0,-70,0
18,491,-40,0,0,0,-70,0
19,491,-40,0,0,0,-70,0
20,491,-40,0,0,0,-70,0
21,491,-40,0,0,0,-70,0
22,491,-40,0,0,0,-70,0
23,491,-40,0,0,0,-70,0
24,491,-40,0,0,0,-70,0
25,491,-40,0,0,0,-70,0
26,491,-40,0,0,0,-70,0
27,491,-40,0,0,0,-70,0
28,491,-40,0,0,0,-70,0
29,491,-40,0,0,0,-70,0
30,491,-40,0,0,0,-70,0
31,491,-40,0,0,0,-70,0
32,491,-40,0,0,0,-70,0
33,491,-40,0,0,0,-70,0
34,491,-40,0,0,0,-70,0
35,491,-40,0,0,0,-70,0
36,491,-40,0,0,0,-70,0
37,491,-40,0,0,0,-70,0
38,491,-40,0,0,0,-70,0
39,491,-40,0,0,0,-70,0
40,491,-40,0,0,0,-70,0
41,491,-40,0,0,0,-70,0
42,491,-40,0,0,0,-70,0
43,491,-40,0,0,0,-70,0
44,491,-40,0,0,0,-70,0
45,491,-40,0,0,0,-70,0
46,491,-40,0,0,0,-70,0
47,491,-40,0,0,0,-70,0
48,491,-40,0,0,0,-70,0
49,491,-40,0,0,0,-70,0
50,491,-40,0,0,0,-70,0
51,491,-40,0,0,0,-70,0
52,491,-40,0,0,0,-70,0
53,491,-40,0,0,0,-70,0
54,491,-40,0,0,0,-70,0
55,491,-40,0,0,0,-70,0
56,491,-40,0,0,0,-70,0
57,491,-40,0,0,0,-70,0
58,491,-40,0,0,0,-70,0
59,491,-40,0,0,0,-70,0
60,491,-40,0,0,0,-70,0
61,491,-40,0,0,0,-70,0
62,491,-40,0,0,0,-70,0
63,491,-40,0,0,0,-70,0
64,491,-40,0,0,0,-70,0
65,491,-40,0,0,0,-70,0
66,491,-40,0,0,0,-70,0
67,491,-40,0,0,0,-70,1
68,491,-40,0,0,0,-70,1
69,491,-40,0,0,0,-70,1
70,491,-40,0,0,0,-70,1
71,491,-40,0,0,0,-70,1
72,491,-40,0,0,0,-70,1
73,491,-40,0,0,0,-70,1
74,491,-40,0,0,0,-70,1
75,491,-40,0,0,0,-70,1
76,491,-40,0,0,0,-70,1
77,491,-40,0,0,0,-70,1
78,491,-40,0,0,0,-70,1
79,491,-40,0,0,0,-70,1
80,491,-40,0,0,0,-70,1
81,491,-40,0,0,0,-70,1
82,491,-40,0,0,0,-70,1
83,491,-40,0,0,0,-70,1
84,491,-40,0,0,0,-70,1
85,491,-40,0,0,0,-70,1
86,491,-40,0,0,0,-70,1
87,491,-40,0,0,0,-70,1
88,491,-40,0,0,0,-70,1
89,491,-40,0,0,0,-70,1
90,491,-40,0,0,0,-70,1
91,491,-40,0,0,0,-70,1
92,491,-40,0,0,0,-70,1
93,491,-40,0,0,0,-70,1
94,491,-40,0,0,0,-70,1
95,491,-40,0,0,0,-70,1
96,491,-40,0,0,0,-70,1
97,491,-40,0,0,0,-70,1
98,491,-40,0,0,0,-70,1
99,491,-40,0,0,0,-70,1
100,491,-40,0,0,0,-70,1
101,491,-40,0,0,0,-70,1
102,491,-40,0,0,0,-70,1
103,491,-40,0,0,0,-70,1
104,491,-40,0,0,0,-70,1
105,491,-40,0,0,0,-70,1
106,491,-40,0,0,0,-70,1
107,491,-40,0,0,0,-70,1
108,491,-40,0,0,0,-70,1
109,491,-40,0,0,0,-70,1
110,491,-40,0,0,0,-70,1
111,491,-40,0,0,0,-70,1
112,491,-40,0,0,0,-70,1
113,491,-40,0,0,0,-70,1
114,491,-40,0,0,0,-70,1
115,491,-40,0,0,0,-70,1
116,491,-40,0,0,0,-70,1
117,491,-40,0,0,0,-70,1
118,491,-40,0,0,0,-70,1
119,491,-40,0,0,0,-70,1
120,491,-40,0,0,0,-70,1
121,491,-40,0,0,0,-70,1
122,491,-40,0,0,0,-70,1
123,491,-40,0,0,0,-70,1
124,491,-40,0,0,0,-70,1
125,491,-40,0,0,0,-70,1
126,491,-40,0,0,0,-70,1
127,491,-40,0,0,0,-70,1
128,491,-40,0,0,0,-70,1
129,491,-40,0,0,0,-70,1
130,491,-40,0,0,0,-70,1
131,491,-40,0,0,0,-70,1
132,491,-40,0,0,0,-70,1
133,491,-40,0,0,0,-70,1
134,491,-40,0,0,0,-70,1
135,491,-40,0,0,0,-70,1
136,491,-40,0,0,0,-70,1
137,491,-40,0,0,0,-70,1
138,491,-40,0,0,0,-70,1
139,491,-40,0,0,0,-70,1
140,491,-40,0,0,0,-70,1
141,491,-40,0,0,0,-70,1
142,491,-40,0,0,0,-70,1
143,491,-40,0,0,0,-70,1
144,491,-40,0,0,0,-70,1
145,491,-40,0,0,0,-70,1
146,491,-40,0,0,0,-70,2
147,491,-40,0,0,0,-70,2
148,491,-40,0,0,0,-70,2
149,491,-40,0,0,0,-70,2
150,491,-40,0,0,0,-70,2
151,491,-40,0,0,0,-70,2
152,491,-40,0,0,0,-70,2
153,491,-40,0,0,0,-70,2
154,491,-40,0,0,0,-70,2
155,491,-40,0,0,0,-70,2
156,491,-40,0,0,0,-70,2
157,491,-40,0,0,0,-70,2
158,491,-40,0,0,0,-70,2
159,491,-40,0,0,0,-70,2
160,491,-40,0,0,0,-70,2
161,491,-40,0,0,0,-70,2
162,491,-40,0,0,0,-70,2
163,491,-40,0,0,0,-70,2
164,491,-40,0,0,0,-70,2
165,491,-40,0,0,0,-70,2
166,491,-40,0,0,0,-70,2
167,491,-40,0,0,0,-70,2
168,491,-40,0,0,0,-70,2
169,491,-40,0,0,0,-70,2
170,491,-40,0,0,0,-70,2
171,491,-40,0,0,0,-70,2
172,491,-40,0,0,0,-70,2
173,491,-40,0,0,0,-70,2
174,491,-40,0,0,0,-70,2
175,491,-40,0,0,0,-70,2
176,491,-40,0,0,0,-70,2
177,491,-40,0,0,0,-70,2
178,491,-40,0,0,0,-70,2
179,491,-40,0,0,0,-70,2
180,491,-40,0,0,0,-70,2
181,491,-40,0,0,0,-70,2
182,491,-40,0,0,0,-70,2
183,491,-40,0,0,0,-70,2
184,491,-40,0,0,0,-70,2
185,491,-40,0,0,0,-70,2
186,491,-40,0,0,0,-70,2
187,491,-40,0,0,0,-70,2
188,491,-40,0,0,0,-70,2
189,491,-40,0,0,0,-70,2
190,491,-40,0,0,0,-70,2
191,491,-40,0,0,0,-70,2
192,491,-40,0,0,0,-70,2
193,491,-40,0,0,0,-70,2
194,491,-40,0,0,0,-70,2
195,491,-40,0,0,0,-70,2
196,491,-40,0,0,0,-70,2
197,491,-40,0,0,0,-70,2
198,491,-40,0,0,0,-70,2
199,491,-40,0,0,0,-70,2
200,491,-40,0,0,0,-70,2
201,491,-40,0,0,0,-70,2
202,491,-40,0,0,0,-70,2
203,491,-40,0,0,0,-70,2
204,491,-40,0,0,0,-70,2
205,491,-40,0,0,0,-70,2
206,491,-40,0,0,0,-70,2
207,491,-40,0,0,0,-70,2
208,491,-40,0,0,0,-70,2
209,491,-40,0,0,0,-70,2
210,491,-40,0,0,0,-70,2
211,491,-40,0,0,0,-70,2
212,491,-40,0,0,0,-70,2
213,491,-40,0,0,0,-70,2
214,491,-40,0,0,0,-70,2
215,491,-40,0,0,0,-70,2
216,491,-40,0,0,0,-70,2
217,491,-40,0,0,0,-70,2
218,491,-40,0,0,0,-70,2
219,491,-40,0,0,0,-70,2
220,491,-40,0,0,0,-70,2
221,491,-40,0,0,0,-70,2
222,491,-40,0,0,0,-70,2
223,491,-40,0,0,0,-70,2
224,491,-40,0,0,0,-70,2
225,491,-40,0,0,0,-70,2
226,491,-40,0,0,0,-70,2
227,491,-40,0,0,0,-70,2
228,491,-40,0,0,0,-70,2
229,491,-40,0,0,0,-70,2
230,491,-40,0,0,0,-70,2
231,491,-40,0,0,0,-70,2
232,491,-40,0,0,0,-70,2
233,491,-40,0,0,0,-70,2
234,491,-40,0,0,0,-70,2
235,491,-40,0,0,0,-70,2
236,491,-40,0,0,0,-70,2
237,491,-40,0,0,0,-70,1
238,491,-40,0,0,0,-70,1
239,491,-40,0,0,0,-70,1
240,491,-40,0,0,0,-70,1
241,491,-40,0,0,0,-70,1
242,491,-40,0,0,0,-70,1
243,491,-40,0,0,0,-70,1
244,491,-40,0,0,0,-70,1
245,491,-40,0,0,0,-70,1
246,491,-40,0,0,0,-70,1
247,491,-40,0,0,0,-70,1
248,491,-40,0,0,0,-70,1
249,491,-40,0,0,0,-70,1
250,491,-40,0,0,0,-70,1
251,491,-40,0,0,0,-70,1
252,491,-40,0,0,0,-70,1
253,491,-40,0,0,0,-70,1
254,491,-40,0,0,0,-70,1
255,491,-40,0,0,0,-70,1
256,491,-40,0,0,0,-70,1
257,491,-40,0,0,0,-70,1
258,491,-40,0,0,0,-70,1
259,491,-40,0,0,0,-70,1
260,491,-40,0,0,0,-70,1
261,491,-40,0,0,0,-70,1
262,491,-40,0,0,0,-70,1
263,491,-40,0,0,0,-70,1
264,491,-40,0,0,0,-70,1
265,491,-40,0,0,0,-70,1
266,491,-40,0,0,0,-70,1
267,491,-40,0,0,0,-70,1
268,491,-40,0,0,0,-70,1
269,491,-40,0,0,0,-70,1
270,491,-40,0,0,0,-70,1
271,491,-40,0,0,0,-70,1
272,491,-40,0,0,0,-70,1
273,491,-40,0,0,0,-70,1
274,491,-40,0,0,0,-70,1
275,491,-40,0,0,0,-70,1
276,491,-40,0,0,0,-70,1
277,491,-40,0,0,0,-70,1
278,491,-40,0,0,0,-70,1
279,491,-40,0,0,0,-70,1
280,491,-40,0,0,0,-70,1
281,491,-40,0,0,0,-70,1
282,491,-40,0,0,0,-70,1
283,491,-40,0,0,0,-70,1
284,491,-40,0,0,0,-70,1
285,491,-40,0,0,0,-70,1
286,491,-40,0,0,0,-70,1
287,491,-40,0,0,0,-70,1
288,491,-40,0,0,0,-70,1
289,491,-40,0,0,0,-70,1
290,491,-40,0,0,0,-70,1
291,491,-40,0,0,0,-70,1
292,491,-40,0,0,0,-70,1
293,491,-40,0,0,0,-70,1
294,491,-40,0,0,0,-70,2
295,491,-40,0,0,0,-70,2
296,491,-40,0,0,0,-70,2
297,491,-40,0,0,0,-70,2
298,491,-40,0,0,0,-70,2
299,491,-40,0,0,0,-70,2
300,491,-40,0,0,0,-70,2
301,491,-40,0,0,0,-70,2
302,491,-40,0,0,0,-70,2
303,491,-40,0,0,0,-70,2
304,491,-40,0,0,0,-70,2
305,491,-40,0,0,0,-70,2
306,491,-40,0,0,0,-70,2
307,491,-40,0,0,0,-70,2
308,491,-40,0,0,0,-70,2
309,491,-40,0,0,0,-70,2
310,491,-40,0,0,0,-70,2
311,491,-40,0,0,0,-70,2
312,491,-40,0,0,0,-70,2
313,491,-40,0,0,0,-70,2
314,491,-40,0,0,0,-70,2
315,491,-40,0,0,0,-70,2
316,491,-40,0,0,0,-70,2
317,491,-40,0,0,0,-70,2
318,491,-40,0,0,0,-70,2
319,491,-40,0,0,0,-70,2
320,491,-40,0,0,0,-70,2
321,491,-40,0,0,0,-70,2
322,491,-40,0,0,0,-70,2
323,491,-40,0,0,0,-70,2
324,491,-40,0,0,0,-70,2
325,491,-40,0,0,0,-70,2
326,491,-40,0,0,0,-70,2
327,491,-40,0,0,0,-70,2
328,491,-40,0,0,0,-70,2
329,491,-40,0,0,0,-70,2
330,491,-40,0,0,0,-70,2
331,491,-40,0,0,0,-70,2
332,491,-40,0,0,0,-70,2
333,491,-40,0,0,0,-70,2
334,491,-40,0,0,0,-70,2
335,491,-40,0,0,0,-70,2
336,491,-40,0,0,0,-70,2
337,491,-40,0,0,0,-70,2
338,491,-40,0,0,0,-70,2
339,491,-40,0,0,0,-70,2
340,491,-40,0,0,0,-70,2
341,491,-40,0,0,0,-70,2
342,491,-40,0,0,0,-70,2
343,491,-40,0,0,0,-70,2
344,491,-40,0,0,0,-70,2
345,491,-40,0,0,0,-70,2
346,491,-40,0,0,0,-70,2
347,491,-40,0,0,0,-70,2
348,491,-40,0,0,0,-70,2
349,491,-40,0,0,0,-70,2
350,491,-40,0,0,0,-70,2
351,491,-40,0,0,0,-70,2
352,491,-40,0,0,0,-70,2
353,491,-40,0,0,0,-70,2
354,491,-40,0,0,0,-70,2
355,491,-40,0,0,0,-70,2
356,491,-40,0,0,0,-70,2
357,491,-40,0,0,0,-70,2
358,491,-40,0,0,0,-70,2
359,491,-40,0,0,0,-70,2
360,491,-40,0,0,0,-70,2
361,491,-40,0,0,0,-70,2
362,491,-40,0,0,0,-70,2
363,491,-40,0,0,0,-70,2
364,491,-40,0,0,0,-70,2
365,491,-40,0,0,0,-70,2
366,491,-40,0,0,0,-70,2
367,491,-40,0,0,0,-70,2
368,491,-40,0,0,0,-70,2
369,491,-40,0,0,0,-70,2
370,491,-40,0,0,0,-70,2
371,491,-40,0,0,0,-70,2
372,491,-40,0,0,0,-70,2
373,491,-40,0,0,0,-70,2
374,491,-40,0,0,0,-70,2
375,491,-40,0,0,0,-70,2
376,491,-40,0,0,0,-70,2
377,491,-40,0,0,0,-70,1
378,491,-40,0,0,0,-70,1
379,491,-40,0,0,0,-70,1
380,491,-40,0,0,0,-70,1
381,491,-40,0,0,0,-70,1
382,491,-40,0,0,0,-70,1
383,491,-40,0,0,0,-70,1
384,491,-40,0,0,0,-70,1
385,491,-40,0,0,0,-70,1
386,491,-40,0,0,0,-70,1
387,491,-40,0,0,0,-70,1
388,491,-40,0,0,0,-70,1
389,491,-40,0,0,0,-70,1
390,491,-40,0,0,0,-70,1
391,491,-40,0,0,0,-70,1
392,491,-40,0,0,0,-70,1
393,491,-40,0,0,0,-70,1
394,491,-40,0,0,0,-70,1
395,491,-40,0,0,0,-70,1
396,491,-40,0,0,0,-70,1
397,491,-40,0,0,0,-70,1
398,491,-40,0,0,0,-70,1
399,491,-40,0,0,0,-70,1
400,491,-40,0,0,0,-70,1
401,491,-40,0,0,0,-70,1
402,491,-40,0,0,0,-70,1
403,491,-40,0,0,0,-70,1
404,491,-40,0,0,0,-70,1
405,491,-40,0,0,0,-70,1
406,491,-40,0,0,0,-70,1
407,491,-40,0,0,0,-70,1
408,491,-40,0,0,0,-70,1
409,491,-40,0,0,0,-70,1
410,491,-40,0,0,0,-70,1
411,491,-40,0,0,0,-70,1
412,491,-40,0,0,0,-70,1
413,491,-40,0,0,0,-70,1
414,491,-40,0,0,0,-70,1
415,491,-40,0,0,0,-70,1
416,491,-40,0,0,0,-70,1
417,491,-40,0,0,0,-70,1
418,491,-40,0,0,0,-70,1
419,491,-40,0,0,0,-70,1
420,491,-40,0,0,0,-70,1
421,491,-40,0,0,0,-70,1
422,491,-40,0,0,0,-70,1
423,491,-40,0,0,0,-70,1
424,491,-40,0,0,0,-70,1
425,491,-40,0,0,0,-70,1
426,491,-40,0,0,0,-70,1
427,491,-40,0,0,0,-70,1
428,491,-40,0,0,0,-70,1
429,491,-40,0,0,0,-70,1
430,491,-40,0,0,0,-70,1
431,491,-40,0,0,0,-70,1
432,491,-40,0,0,0,-70,1
433,491,-40,0,0,0,-70,1
434,491,-40,0,0,0,-70,1
435,491,-40,0,0,0,-70,1
436,491,-40,0,0,0,-70,1
437,491,-40,0,0,0,-70,1
438,491,-40,0,0,0,-70,1
439,491,-40,0,0,0,-70,1
440,491,-40,0,0,0,-70,1
