t,x,y,fh,fv,r,s,frame:
0,487,148,0,0,0,-158,0
1,487,148,0,0,0,-158,0
2,487,148,0,0,0,-158,0
3,487,148,0,0,0,-158,0
4,487,148,0,0,0,-158,0
5,487,148,0,0,0,-158,0
6,486,148,0,0,0,-158,0
7,485,148,0,0,0,-158,0
8,485,148,0,0,0,-158,0
9,484,148,0,0,0,-158,0
10,484,148,0,0,0,-158,0
11,484,147,0,0,0,-158,0
12,483,147,0,0,0,-158,0
13,481,146,0,0,0,-158,0
14,476,145,0,0,0,-158,0
15,469,144,0,0,0,-158,0
16,461,142,0,0,0,-158,0
17,454,140,0,0,0,-158,0
18,452,140,0,0,0,-158,0
19,451,139,0,0,0,-158,0
20,451,139,0,0,0,-158,0
21,451,139,0,0,0,-158,0
22,447,136,0,0,0,-158,0
23,443,133,0,0,0,-158,0
24,439,129,0,0,0,-158,0
25,436,127,0,0,0,-158,0
26,433,124,0,0,0,-158,0
27,429,120,0,0,0,-158,0
28,427,117,0,0,0,-158,0
29,427,115,0,0,0,-158,0
30,426,114,0,0,0,-158,0
31,426,112,0,0,0,-158,0
32,426,111,0,0,0,-158,0
33,426,110,0,0,0,-158,0
34,426,109,0,0,0,-158,0
35,426,108,0,0,0,-158,0
36,427,106,0,0,0,-158,0
37,430,103,0,0,0,-158,0
38,434,99,0,0,0,-158,0
39,437,95,0,0,0,-158,0
40,439,94,0,0,0,-158,0
41,442,92,0,0,0,-158,0
42,444,91,0,0,0,-158,0
43,447,90,0,0,0,-158,0
44,448,89,0,0,0,-158,0
45,448,89,0,0,0,-158,0
46,448,89,0,0,0,-158,0
47,449,89,0,0,0,-158,0
48,450,89,0,0,0,-158,0
49,452,88,0,0,0,-158,0
50,456,87,0,0,0,-158,0
51,459,87,0,0,0,-158,0
52,461,86,0,0,0,-158,0
53,465,86,0,0,0,-158,0
54,466,86,0,0,0,-158,0
55,467,85,0,0,0,-158,0
56,469,85,0,0,0,-158,0
57,473,85,0,0,0,-158,0
58,475,84,0,0,0,-158,0
59,476,84,0,0,0,-158,0
60,477,84,0,0,0,-158,0
61,477,84,0,0,0,-158,0
62,478,84,0,0,0,-158,0
63,481,84,0,0,0,-158,0
64,484,84,0,0,0,-158,0
65,485,84,0,0,0,-158,0
66,485,84,0,0,0,-158,0
67,486,84,0,0,0,-158,0
68,486,84,0,0,0,-158,0
69,486,84,0,0,0,-158,0
70,486,84,0,0,0,-158,0
71,486,84,0,0,0,-158,0
72,486,84,0,0,0,-158,0
73,486,81,0,0,0,-158,0
74,489,75,0,0,0,-158,0
75,494,62,0,0,0,-158,0
76,496,54,0,0,0,-158,0
77,496,51,0,0,0,-158,1
78,496,51,0,0,0,-158,1
79,496,51,0,0,0,-158,1
80,496,51,0,0,0,-158,1
81,496,51,0,0,0,-158,1
82,496,51,0,0,0,-158,1
83,496,51,0,0,0,-158,1
84,495,51,0,0,0,-158,1
85,493,53,0,0,0,-158,1
86,491,53,0,0,0,-158,1
87,489,54,0,0,0,-158,1
88,487,54,0,0,0,-158,1
89,485,54,0,0,0,-158,1
90,483,54,0,0,0,-158,1
91,479,53,0,0,0,-158,1
92,474,52,0,0,0,-158,1
93,469,52,0,0,0,-158,1
94,464,51,0,0,0,-158,1
95,463,50,0,0,0,-158,1
96,462,50,0,0,0,-158,1
97,462,49,0,0,0,-158,1
98,462,49,0,0,0,-158,1
99,460,49,0,0,0,-158,1
100,457,49,0,0,0,-158,1
101,444,48,0,0,0,-158,1
102,431,48,0,0,0,-158,1
103,416,47,0,0,0,-158,1
104,405,47,0,0,0,-158,1
105,396,47,0,0,0,-158,1
106,395,47,0,0,0,-158,1
107,395,47,0,0,0,-158,1
108,395,47,0,0,0,-158,1
109,395,47,0,0,0,-158,1
110,395,47,0,0,0,-158,1
111,395,47,0,0,0,-158,1
112,395,47,0,0,0,-158,1
113,394,47,0,0,0,-158,1
114,389,47,0,0,0,-158,1
115,380,49,0,0,0,-158,1
116,380,49,0,0,0,-158,1
117,380,49,0,0,0,-158,1
118,380,49,0,0,0,-158,1
119,380,49,0,0,0,-158,1
120,378,49,0,0,0,-158,1
121,364,50,0,0,0,-158,1
122,343,50,0,0,0,-158,1
123,293,52,0,0,0,-158,1
124,246,52,0,0,0,-158,1
125,204,52,0,0,0,-158,1
126,178,52,0,0,0,-158,1
127,156,52,0,0,0,-158,1
128,137,52,0,0,0,-158,1
129,119,53,0,0,0,-158,1
130,95,53,0,0,0,-158,1
131,68,55,0,0,0,-158,1
132,41,57,0,0,0,-158,1
133,4,57,0,0,0,-158,1
134,-35,57,0,0,0,-158,1
135,-81,57,0,0,0,-158,1
136,-127,57,0,0,0,-158,1
137,-169,53,0,0,0,-158,1
138,-201,51,0,0,0,-158,1
139,-235,47,0,0,0,-158,1
140,-254,47,0,0,0,-158,1
141,-278,47,0,0,0,-158,1
142,-293,47,0,0,0,-158,1
143,-309,47,0,0,0,-158,1
144,-326,49,0,0,0,-158,1
145,-344,51,0,0,0,-158,1
146,-361,52,0,0,0,-158,1
147,-373,54,0,0,0,-158,1
148,-382,55,0,0,0,-158,1
149,-389,56,0,0,0,-158,1
150,-391,56,0,0,0,-158,1
151,-391,56,0,0,0,-158,1
152,-391,56,0,0,0,-158,1
153,-391,56,0,0,0,-158,1
154,-391,56,0,0,0,-158,1
155,-395,56,0,0,0,-158,1
156,-405,56,0,0,0,-158,1
157,-421,55,0,0,0,-158,1
158,-445,51,0,0,0,-158,1
159,-458,46,0,0,0,-158,1
160,-469,37,0,0,0,-158,1
161,-472,31,0,0,0,-158,1
162,-473,26,0,0,0,-158,1
163,-474,22,0,0,0,-158,1
164,-474,20,0,0,0,-158,1
165,-474,20,0,0,0,-158,1
166,-475,11,0,0,0,-158,1
167,-475,11,0,0,0,-158,1
168,-475,11,0,0,0,-158,1
169,-475,11,0,0,0,-158,1
170,-475,10,0,0,0,-158,1
171,-476,9,0,0,0,-158,1
172,-477,7,0,0,0,-158,1
173,-478,4,0,0,0,-158,1
174,-479,3,0,0,0,-158,1
175,-479,1,0,0,0,-158,1
176,-480,0,0,0,0,-158,1
177,-481,-3,0,0,0,-158,1
178,-483,-6,0,0,0,-158,1
179,-484,-8,0,0,0,-158,1
180,-485,-10,0,0,0,-158,1
181,-485,-10,0,0,0,-158,1
182,-486,-13,0,0,0,-158,1
183,-486,-14,0,0,0,-158,1
184,-487,-15,0,0,0,-158,1
185,-487,-16,0,0,0,-158,1
186,-487,-16,0,0,0,-158,1
187,-487,-17,0,0,0,-158,1
188,-487,-19,0,0,0,-158,1
189,-487,-21,0,0,0,-158,1
190,-488,-24,0,0,0,-158,1
191,-489,-27,0,0,0,-158,1
192,-489,-29,0,0,0,-158,1
193,-489,-32,0,0,0,-158,1
194,-489,-36,0,0,0,-158,1
195,-489,-38,0,0,0,-158,1
196,-490,-41,0,0,0,-158,1
197,-490,-42,0,0,0,-158,1
198,-490,-44,0,0,0,-158,1
199,-490,-44,0,0,0,-158,1
200,-490,-45,0,0,0,-158,1
201,-490,-46,0,0,0,-158,1
202,-490,-46,0,0,0,-158,1
203,-490,-46,0,0,0,-158,1
204,-490,-46,0,0,0,-158,1
205,-490,-46,0,0,0,-158,1
206,-490,-46,0,0,0,-158,1
207,-490,-47,0,0,0,-158,1
208,-488,-50,0,0,0,-158,1
209,-487,-53,0,0,0,-158,1
210,-486,-54,0,0,0,-158,1
211,-486,-55,0,0,0,-158,1
212,-486,-55,0,0,0,-158,1
213,-486,-55,0,0,0,-158,1
214,-484,-58,0,0,0,-158,1
215,-482,-60,0,0,0,-158,1
216,-481,-62,0,0,0,-158,1
217,-481,-63,0,0,0,-158,1
218,-480,-66,0,0,0,-158,1
219,-479,-71,0,0,0,-158,1
220,-478,-75,0,0,0,-158,1
221,-476,-80,0,0,0,-158,1
222,-475,-84,0,0,0,-158,1
223,-467,-149,0,0,0,-158,0
224,-467,-149,0,0,0,-158,0
225,-467,-149,0,0,0,-158,0
226,-467,-149,0,0,0,-158,0
227,-467,-149,0,0,0,-158,0
228,-467,-149,0,0,0,-158,0
229,-466,-149,0,0,0,-158,0
230,-466,-149,0,0,0,-158,0
231,-466,-149,0,0,0,-158,0
232,-466,-149,0,0,0,-158,0
233,-465,-149,0,0,0,-158,0
234,-462,-150,0,0,0,-158,0
235,-458,-153,0,0,0,-158,0
236,-456,-155,0,0,0,-158,0
237,-453,-159,0,0,0,-158,0
238,-450,-164,0,0,0,-158,0
239,-449,-168,0,0,0,-158,0
240,-449,-168,0,0,0,-158,0
241,-449,-168,0,0,0,-158,0
242,-449,-168,0,0,0,-158,0
243,-449,-168,0,0,0,-158,0
244,-449,-168,0,0,0,-158,0
245,-448,-168,0,0,0,-158,0
246,-448,-168,0,0,0,-158,0
247,-448,-170,0,0,0,-158,0
248,-444,-172,0,0,0,-158,0
249,-442,-174,0,0,0,-158,0
250,-439,-176,0,0,0,-158,0
251,-438,-177,0,0,0,-158,0
252,-438,-177,0,0,0,-158,0
253,-438,-177,0,0,0,-158,0
254,-438,-177,0,0,0,-158,0
255,-438,-177,0,0,0,-158,0
256,-434,-179,0,0,0,-158,0
257,-431,-181,0,0,0,-158,0
258,-427,-185,0,0,0,-158,0
259,-423,-188,0,0,0,-158,0
260,-422,-190,0,0,0,-158,0
261,-421,-191,0,0,0,-158,0
262,-421,-191,0,0,0,-158,0
263,-421,-192,0,0,0,-158,0
264,-421,-192,0,0,0,-158,0
265,-421,-192,0,0,0,-158,0
266,-421,-192,0,0,0,-158,0
267,-421,-192,0,0,0,-158,0
268,-421,-192,0,0,0,-158,0
269,-420,-194,0,0,0,-158,0
270,-420,-195,0,0,0,-158,0
271,-419,-197,0,0,0,-158,0
272,-419,-198,0,0,0,-158,0
273,-419,-199,0,0,0,-158,0
274,-419,-199,0,0,0,-158,0
275,-419,-199,0,0,0,-158,0
276,-419,-199,0,0,0,-158,0
277,-420,-202,0,0,0,-158,0
278,-425,-207,0,0,0,-158,0
279,-437,-213,0,0,0,-158,0
280,-450,-219,0,0,0,-158,0
281,-457,-222,0,0,0,-158,0
282,-457,-222,0,0,0,-158,0
283,-457,-222,0,0,0,-158,0
284,-457,-222,0,0,0,-158,0
285,-457,-222,0,0,0,-158,0
286,-457,-222,0,0,0,-158,0
287,-457,-222,0,0,0,-158,0
288,-452,-221,0,0,0,-158,0
289,-445,-221,0,0,0,-158,0
290,-435,-222,0,0,0,-158,0
291,-427,-223,0,0,0,-158,0
292,-420,-224,0,0,0,-158,0
293,-416,-224,0,0,0,-158,0
294,-414,-224,0,0,0,-158,0
295,-412,-226,0,0,0,-158,0
296,-380,-217,0,0,0,-158,1
297,-379,-217,0,0,0,-158,1
298,-378,-217,0,0,0,-158,1
299,-374,-216,0,0,0,-158,1
300,-366,-213,0,0,0,-158,1
301,-356,-211,0,0,0,-158,1
302,-346,-209,0,0,0,-158,1
303,-330,-207,0,0,0,-158,1
304,-314,-205,0,0,0,-158,1
305,-304,-204,0,0,0,-158,1
306,-293,-203,0,0,0,-158,1
307,-285,-203,0,0,0,-158,1
308,-277,-202,0,0,0,-158,1
309,-270,-200,0,0,0,-158,1
310,-252,-199,0,0,0,-158,1
311,-232,-197,0,0,0,-158,1
312,-210,-193,0,0,0,-158,1
313,-186,-190,0,0,0,-158,1
314,-167,-187,0,0,0,-158,1
315,-130,-183,0,0,0,-158,1
316,-109,-181,0,0,0,-158,1
317,-82,-179,0,0,0,-158,1
318,-56,-179,0,0,0,-158,1
319,-33,-179,0,0,0,-158,1
320,-12,-179,0,0,0,-158,1
321,6,-181,0,0,0,-158,1
322,28,-181,0,0,0,-158,1
323,52,-183,0,0,0,-158,1
324,72,-183,0,0,0,-158,1
325,92,-183,0,0,0,-158,1
326,112,-181,0,0,0,-158,1
327,136,-180,0,0,0,-158,1
328,153,-178,0,0,0,-158,1
329,169,-177,0,0,0,-158,1
330,193,-175,0,0,0,-158,1
331,207,-174,0,0,0,-158,1
332,223,-172,0,0,0,-158,1
333,241,-172,0,0,0,-158,1
334,252,-172,0,0,0,-158,1
335,266,-172,0,0,0,-158,1
336,281,-171,0,0,0,-158,1
337,296,-170,0,0,0,-158,1
338,311,-168,0,0,0,-158,1
339,330,-167,0,0,0,-158,1
340,342,-166,0,0,0,-158,1
341,351,-164,0,0,0,-158,1
342,359,-163,0,0,0,-158,1
343,367,-162,0,0,0,-158,1
344,376,-160,0,0,0,-158,1
345,383,-159,0,0,0,-158,1
346,396,-158,0,0,0,-158,1
347,401,-158,0,0,0,-158,1
348,405,-157,0,0,0,-158,1
349,408,-157,0,0,0,-158,1
350,410,-157,0,0,0,-158,1
351,412,-157,0,0,0,-158,1
352,415,-157,0,0,0,-158,1
353,419,-156,0,0,0,-158,1
354,424,-156,0,0,0,-158,1
355,428,-156,0,0,0,-158,1
356,430,-155,0,0,0,-158,1
357,431,-155,0,0,0,-158,1
358,433,-154,0,0,0,-158,1
359,437,-153,0,0,0,-158,1
360,441,-152,0,0,0,-158,1
361,443,-151,0,0,0,-158,1
362,444,-151,0,0,0,-158,1
363,444,-151,0,0,0,-158,1
364,444,-151,0,0,0,-158,1
365,444,-151,0,0,0,-158,1
366,444,-151,0,0,0,-158,1
367,444,-151,0,0,0,-158,1
368,444,-150,0,0,0,-158,1
369,442,-148,0,0,0,-158,1
370,440,-146,0,0,0,-158,1
371,439,-145,0,0,0,-158,1
372,438,-144,0,0,0,-158,1
373,437,-142,0,0,0,-158,1
374,436,-141,0,0,0,-158,1
375,435,-140,0,0,0,-158,1
376,435,-140,0,0,0,-158,1
377,435,-140,0,0,0,-158,1
378,435,-136,0,0,0,-158,1
379,435,-135,0,0,0,-158,1
380,434,-133,0,0,0,-158,1
381,433,-130,0,0,0,-158,1
382,432,-128,0,0,0,-158,1
383,431,-126,0,0,0,-158,1
384,430,-125,0,0,0,-158,1
385,430,-125,0,0,0,-158,1
386,430,-125,0,0,0,-158,1
387,430,-125,0,0,0,-158,1
388,430,-125,0,0,0,-158,1
389,430,-125,0,0,0,-158,1
390,430,-125,0,0,0,-158,1
391,429,-125,0,0,0,-158,1
392,428,-125,0,0,0,-158,1
393,444,-190,0,0,0,-158,0
394,444,-190,0,0,0,-158,0
395,444,-190,0,0,0,-158,0
396,444,-190,0,0,0,-158,0
397,444,-190,0,0,0,-158,0
398,444,-190,0,0,0,-158,0
399,444,-190,0,0,0,-158,0
400,440,-191,0,0,0,-158,0
401,434,-192,0,0,0,-158,0
402,430,-193,0,0,0,-158,0
403,428,-193,0,0,0,-158,0
404,426,-194,0,0,0,-158,0
405,425,-194,0,0,0,-158,0
406,425,-194,0,0,0,-158,0
407,423,-194,0,0,0,-158,0
408,417,-193,0,0,0,-158,0
409,412,-192,0,0,0,-158,0
410,408,-190,0,0,0,-158,0
411,407,-190,0,0,0,-158,0
412,407,-190,0,0,0,-158,0
413,407,-190,0,0,0,-158,0
414,407,-190,0,0,0,-158,0
415,407,-190,0,0,0,-158,0
416,405,-188,0,0,0,-158,0
417,404,-187,0,0,0,-158,0
418,403,-186,0,0,0,-158,0
419,402,-186,0,0,0,-158,0
420,402,-186,0,0,0,-158,0
421,402,-184,0,0,0,-158,0
422,399,-182,0,0,0,-158,0
423,397,-180,0,0,0,-158,0
424,396,-178,0,0,0,-158,0
425,396,-177,0,0,0,-158,0
426,395,-176,0,0,0,-158,0
427,395,-175,0,0,0,-158,0
428,396,-173,0,0,0,-158,0
429,398,-172,0,0,0,-158,0
430,403,-170,0,0,0,-158,0
431,408,-170,0,0,0,-158,0
432,413,-169,0,0,0,-158,0
433,417,-168,0,0,0,-158,0
434,422,-167,0,0,0,-158,0
435,427,-166,0,0,0,-158,0
436,433,-164,0,0,0,-158,0
437,436,-163,0,0,0,-158,0
438,436,-163,0,0,0,-158,0
439,436,-163,0,0,0,-158,0
440,437,-162,0,0,0,-158,0
441,440,-161,0,0,0,-158,0
442,443,-160,0,0,0,-158,0
443,446,-159,0,0,0,-158,0
444,446,-159,0,0,0,-158,0
445,446,-159,0,0,0,-158,0
446,446,-159,0,0,0,-158,0
447,446,-159,0,0,0,-158,0
448,450,-159,0,0,0,-158,0
449,453,-159,0,0,0,-158,0
450,455,-160,0,0,0,-158,0
451,456,-160,0,0,0,-158,0
452,456,-160,0,0,0,-158,0
453,456,-160,0,0,0,-158,0
454,456,-160,0,0,0,-158,0
455,457,-160,0,0,0,-158,0
456,460,-160,0,0,0,-158,0
457,465,-160,0,0,0,-158,0
458,469,-160,0,0,0,-158,0
459,469,-160,0,0,0,-158,0
460,470,-160,0,0,0,-158,0
461,470,-159,0,0,0,-158,0
462,472,-158,0,0,0,-158,0
463,475,-157,0,0,0,-158,0
464,479,-155,0,0,0,-158,0
465,483,-152,0,0,0,-158,0
466,488,-150,0,0,0,-158,0
467,488,-149,0,0,0,-158,0
468,489,-148,0,0,0,-158,0
469,490,-148,0,0,0,-158,0
470,491,-146,0,0,0,-158,0
471,492,-146,0,0,0,-158,0
472,492,-145,0,0,0,-158,0
473,492,-145,0,0,0,-158,0
474,492,-144,0,0,0,-158,0
475,492,-143,0,0,0,-158,0
476,492,-142,0,0,0,-158,0
477,492,-140,0,0,0,-158,0
478,490,-138,0,0,0,-158,0
479,488,-136,0,0,0,-158,0
480,487,-135,0,0,0,-158,0
481,486,-134,0,0,0,-158,0
482,484,-134,0,0,0,-158,0
483,483,-133,0,0,0,-158,0
484,481,-132,0,0,0,-158,0
485,479,-130,0,0,0,-158,0
486,478,-130,0,0,0,-158,0
487,476,-128,0,0,0,-158,0
488,474,-126,0,0,0,-158,0
489,472,-124,0,0,0,-158,0
490,471,-122,0,0,0,-158,0
491,469,-120,0,0,0,-158,0
492,468,-118,0,0,0,-158,0
493,466,-116,0,0,0,-158,0
494,464,-114,0,0,0,-158,0
495,463,-112,0,0,0,-158,0
496,462,-109,0,0,0,-158,0
497,461,-108,0,0,0,-158,0
498,460,-107,0,0,0,-158,0
499,460,-107,0,0,0,-158,0
500,458,-105,0,0,0,-158,0
501,457,-104,0,0,0,-158,0
502,456,-103,0,0,0,-158,0
503,453,-98,0,0,0,-158,0
504,452,-96,0,0,0,-158,0
505,451,-95,0,0,0,-158,0
506,449,-93,0,0,0,-158,0
507,447,-91,0,0,0,-158,0
508,444,-86,0,0,0,-158,0
509,441,-82,0,0,0,-158,0
510,438,-78,0,0,0,-158,0
511,437,-77,0,0,0,-158,0
512,434,-77,0,0,0,-158,0
513,424,-77,0,0,0,-158,0
514,424,-77,0,0,0,-158,0
515,424,-77,0,0,0,-158,0
516,424,-77,0,0,0,-158,0
517,424,-77,0,0,0,-158,0
518,424,-77,0,0,0,-158,0
519,424,-77,0,0,0,-158,0
520,422,-75,0,0,0,-158,0
521,420,-72,0,0,0,-158,0
522,419,-70,0,0,0,-158,0
523,417,-68,0,0,0,-158,0
524,417,-68,0,0,0,-158,0
525,417,-68,0,0,0,-158,0
526,417,-68,0,0,0,-158,0
527,416,-68,0,0,0,-158,0
528,408,-66,0,0,0,-158,0
529,405,-65,0,0,0,-158,0
530,397,-63,0,0,0,-158,0
531,392,-61,0,0,0,-158,0
532,391,-61,0,0,0,-158,0
533,391,-61,0,0,0,-158,0
534,391,-61,0,0,0,-158,0
535,391,-61,0,0,0,-158,0
536,391,-61,0,0,0,-158,0
537,391,-61,0,0,0,-158,0
538,391,-61,0,0,0,-158,0
539,391,-61,0,0,0,-158,0
540,388,-61,0,0,0,-158,1
541,388,-61,0,0,0,-158,1
542,388,-61,0,0,0,-158,1
543,387,-59,0,0,0,-158,1
544,385,-59,0,0,0,-158,1
545,377,-57,0,0,0,-158,1
546,357,-51,0,0,0,-158,1
547,336,-46,0,0,0,-158,1
548,301,-41,0,0,0,-158,1
549,275,-40,0,0,0,-158,1
550,248,-35,0,0,0,-158,1
551,224,-30,0,0,0,-158,1
552,207,-27,0,0,0,-158,1
553,189,-24,0,0,0,-158,1
554,174,-22,0,0,0,-158,1
555,157,-19,0,0,0,-158,1
556,136,-17,0,0,0,-158,1
557,119,-16,0,0,0,-158,1
558,96,-13,0,0,0,-158,1
559,75,-9,0,0,0,-158,1
560,52,-6,0,0,0,-158,1
561,10,-1,0,0,0,-158,1
562,-3,0,0,0,0,-158,1
563,-35,4,0,0,0,-158,1
564,-57,5,0,0,0,-158,1
565,-81,7,0,0,0,-158,1
566,-108,9,0,0,0,-158,1
567,-138,9,0,0,0,-158,1
568,-157,9,0,0,0,-158,1
569,-176,9,0,0,0,-158,1
570,-188,9,0,0,0,-158,1
571,-196,7,0,0,0,-158,1
572,-208,7,0,0,0,-158,1
573,-217,7,0,0,0,-158,1
574,-228,6,0,0,0,-158,1
575,-239,6,0,0,0,-158,1
576,-251,5,0,0,0,-158,1
577,-260,4,0,0,0,-158,1
578,-266,3,0,0,0,-158,1
579,-271,2,0,0,0,-158,1
580,-274,2,0,0,0,-158,1
581,-278,0,0,0,0,-158,1
582,-280,0,0,0,0,-158,1
583,-283,-1,0,0,0,-158,1
584,-288,-2,0,0,0,-158,1
585,-294,-4,0,0,0,-158,1
586,-301,-5,0,0,0,-158,1
587,-311,-6,0,0,0,-158,1
588,-318,-7,0,0,0,-158,1
589,-324,-7,0,0,0,-158,1
590,-332,-8,0,0,0,-158,1
591,-339,-8,0,0,0,-158,1
592,-344,-9,0,0,0,-158,1
593,-351,-9,0,0,0,-158,1
594,-361,-10,0,0,0,-158,1
595,-370,-10,0,0,0,-158,1
596,-380,-10,0,0,0,-158,1
597,-389,-10,0,0,0,-158,1
598,-395,-10,0,0,0,-158,1
599,-402,-10,0,0,0,-158,1
600,-406,-10,0,0,0,-158,1
601,-410,-10,0,0,0,-158,1
602,-412,-10,0,0,0,-158,1
603,-413,-9,0,0,0,-158,1
604,-413,-9,0,0,0,-158,1
605,-413,-9,0,0,0,-158,1
606,-413,-9,0,0,0,-158,1
607,-421,-8,0,0,0,-158,1
608,-427,-6,0,0,0,-158,1
609,-435,-4,0,0,0,-158,1
610,-442,-1,0,0,0,-158,1
611,-447,0,0,0,0,-158,1
612,-449,1,0,0,0,-158,1
613,-449,1,0,0,0,-158,1
614,-449,1,0,0,0,-158,1
615,-449,1,0,0,0,-158,1
616,-449,1,0,0,0,-158,1
617,-449,1,0,0,0,-158,1
618,-449,1,0,0,0,-158,1
619,-450,2,0,0,0,-158,1
620,-452,4,0,0,0,-158,1
621,-456,5,0,0,0,-158,1
622,-460,6,0,0,0,-158,1
623,-464,7,0,0,0,-158,1
624,-470,10,0,0,0,-158,1
625,-474,11,0,0,0,-158,1
626,-482,16,0,0,0,-158,1
627,-489,19,0,0,0,-158,1
628,-495,24,0,0,0,-158,1
629,-504,29,0,0,0,-158,1
630,-511,35,0,0,0,-158,1
631,-516,37,0,0,0,-158,1
632,-516,37,0,0,0,-158,1
633,-516,37,0,0,0,-158,1
634,-516,37,0,0,0,-158,1
635,-516,37,0,0,0,-158,1
636,-516,37,0,0,0,-158,1
637,-516,37,0,0,0,-158,1
638,-516,40,0,0,0,-158,0
639,-517,41,0,0,0,-158,0
640,-518,42,0,0,0,-158,0
641,-518,43,0,0,0,-158,0
642,-519,44,0,0,0,-158,0
643,-520,46,0,0,0,-158,0
644,-520,47,0,0,0,-158,0
645,-521,48,0,0,0,-158,0
646,-521,49,0,0,0,-158,0
647,-521,50,0,0,0,-158,0
648,-522,50,0,0,0,-158,0
649,-522,51,0,0,0,-158,0
650,-522,51,0,0,0,-158,0
651,-521,51,0,0,0,-158,0
652,-521,51,0,0,0,-158,0
653,-520,54,0,0,0,-158,0
654,-520,54,0,0,0,-158,0
655,-519,56,0,0,0,-158,0
656,-518,57,0,0,0,-158,0
657,-517,59,0,0,0,-158,0
658,-516,62,0,0,0,-158,0
659,-515,64,0,0,0,-158,0
660,-513,67,0,0,0,-158,0
661,-511,71,0,0,0,-158,0
662,-510,74,0,0,0,-158,0
663,-508,77,0,0,0,-158,0
664,-506,80,0,0,0,-158,0
665,-505,83,0,0,0,-158,0
666,-503,86,0,0,0,-158,0
667,-503,87,0,0,0,-158,0
668,-503,87,0,0,0,-158,0
669,-503,87,0,0,0,-158,0
670,-502,89,0,0,0,-158,0
671,-501,90,0,0,0,-158,0
672,-500,91,0,0,0,-158,0
673,-500,91,0,0,0,-158,0
674,-499,92,0,0,0,-158,0
675,-499,92,0,0,0,-158,0
676,-498,92,0,0,0,-158,0
677,-498,92,0,0,0,-158,0
678,-497,93,0,0,0,-158,0
679,-496,93,0,0,0,-158,0
680,-496,93,0,0,0,-158,0
681,-496,93,0,0,0,-158,0
682,-496,94,0,0,0,-158,0
683,-498,96,0,0,0,-158,0
684,-501,98,0,0,0,-158,0
685,-505,101,0,0,0,-158,0
686,-512,104,0,0,0,-158,0
687,-516,107,0,0,0,-158,0
688,-517,108,0,0,0,-158,0
689,-520,109,0,0,0,-158,0
690,-520,110,0,0,0,-158,0
691,-521,111,0,0,0,-158,0
692,-524,113,0,0,0,-158,0
693,-525,116,0,0,0,-158,0
694,-526,118,0,0,0,-158,0
695,-527,119,0,0,0,-158,0
696,-527,121,0,0,0,-158,0
697,-528,123,0,0,0,-158,0
698,-528,124,0,0,0,-158,0
699,-528,126,0,0,0,-158,0
700,-528,127,0,0,0,-158,0
701,-528,129,0,0,0,-158,0
702,-528,131,0,0,0,-158,0
703,-528,132,0,0,0,-158,0
704,-528,134,0,0,0,-158,0
705,-527,135,0,0,0,-158,0
706,-526,137,0,0,0,-158,0
707,-524,139,0,0,0,-158,0
708,-523,141,0,0,0,-158,0
709,-521,143,0,0,0,-158,0
710,-521,145,0,0,0,-158,0
711,-519,147,0,0,0,-158,0
712,-517,150,0,0,0,-158,0
713,-514,154,0,0,0,-158,0
714,-511,158,0,0,0,-158,0
715,-508,163,0,0,0,-158,0
716,-504,167,0,0,0,-158,0
717,-502,169,0,0,0,-158,0
718,-502,169,0,0,0,-158,0
719,-501,169,0,0,0,-158,0
720,-501,169,0,0,0,-158,0
721,-500,170,0,0,0,-158,0
722,-498,170,0,0,0,-158,0
723,-494,170,0,0,0,-158,0
724,-488,170,0,0,0,-158,0
725,-484,170,0,0,0,-158,0
726,-479,170,0,0,0,-158,0
727,-476,169,0,0,0,-158,0
728,-473,168,0,0,0,-158,0
729,-467,166,0,0,0,-158,0
730,-460,165,0,0,0,-158,0
731,-452,164,0,0,0,-158,0
732,-444,163,0,0,0,-158,0
733,-438,162,0,0,0,-158,0
734,-433,160,0,0,0,-158,0
735,-428,159,0,0,0,-158,0
736,-423,158,0,0,0,-158,0
737,-418,157,0,0,0,-158,0
738,-413,156,0,0,0,-158,0
739,-408,155,0,0,0,-158,0
740,-396,155,0,0,0,-158,0
741,-385,155,0,0,0,-158,0
742,-374,155,0,0,0,-158,0
743,-362,155,0,0,0,-158,0
744,-344,152,0,0,0,-158,0
745,-326,147,0,0,0,-158,0
746,-248,146,0,0,0,-158,1
747,-248,146,0,0,0,-158,1
748,-248,146,0,0,0,-158,1
749,-243,147,0,0,0,-158,1
750,-229,147,0,0,0,-158,1
751,-221,147,0,0,0,-158,1
752,-212,147,0,0,0,-158,1
753,-204,147,0,0,0,-158,1
754,-193,147,0,0,0,-158,1
755,-182,147,0,0,0,-158,1
756,-166,149,0,0,0,-158,1
757,-147,150,0,0,0,-158,1
758,-129,150,0,0,0,-158,1
759,-107,150,0,0,0,-158,1
760,-81,151,0,0,0,-158,1
761,-43,153,0,0,0,-158,1
762,-7,153,0,0,0,-158,1
763,25,153,0,0,0,-158,1
764,52,153,0,0,0,-158,1
765,83,153,0,0,0,-158,1
766,98,153,0,0,0,-158,1
767,105,153,0,0,0,-158,1
768,118,153,0,0,0,-158,1
769,131,154,0,0,0,-158,1
770,142,154,0,0,0,-158,1
771,158,154,0,0,0,-158,1
772,170,154,0,0,0,-158,1
773,190,156,0,0,0,-158,1
774,219,156,0,0,0,-158,1
775,248,156,0,0,0,-158,1
776,284,156,0,0,0,-158,1
777,312,156,0,0,0,-158,1
778,342,156,0,0,0,-158,1
779,362,156,0,0,0,-158,1
780,381,157,0,0,0,-158,1
781,400,159,0,0,0,-158,1
782,409,159,0,0,0,-158,1
783,414,160,0,0,0,-158,1
784,420,160,0,0,0,-158,1
785,423,160,0,0,0,-158,1
786,431,161,0,0,0,-158,1
787,437,162,0,0,0,-158,1
788,445,163,0,0,0,-158,1
789,454,165,0,0,0,-158,1
790,460,166,0,0,0,-158,1
791,466,167,0,0,0,-158,1
792,466,167,0,0,0,-158,1
793,467,167,0,0,0,-158,1
794,473,169,0,0,0,-158,1
795,483,173,0,0,0,-158,1
796,496,176,0,0,0,-158,1
797,508,179,0,0,0,-158,1
798,515,179,0,0,0,-158,1
799,518,179,0,0,0,-158,1
800,520,179,0,0,0,-158,1
801,523,178,0,0,0,-158,1
802,525,175,0,0,0,-158,1
803,527,173,0,0,0,-158,1
804,529,170,0,0,0,-158,1
805,531,168,0,0,0,-158,1
806,533,166,0,0,0,-158,1
807,534,165,0,0,0,-158,1
808,534,165,0,0,0,-158,1
809,535,165,0,0,0,-158,1
810,538,163,0,0,0,-158,1
811,539,162,0,0,0,-158,1
812,539,162,0,0,0,-158,1
813,539,161,0,0,0,-158,1
814,539,161,0,0,0,-158,1
815,546,157,0,0,0,-158,1
816,546,157,0,0,0,-158,1
817,546,157,0,0,0,-158,1
818,546,157,0,0,0,-158,1
819,546,157,0,0,0,-158,1
820,546,157,0,0,0,-158,1
821,546,157,0,0,0,-158,1
822,546,157,0,0,0,-158,1
823,546,157,0,0,0,-158,1
824,546,157,0,0,0,-158,1
825,546,157,0,0,0,-158,1
826,546,157,0,0,0,-158,1
827,544,158,0,0,0,-158,1
828,543,159,0,0,0,-158,1
829,542,160,0,0,0,-158,1
830,542,160,0,0,0,-158,1
831,541,160,0,0,0,-158,1
832,541,160,0,0,0,-158,1
833,541,160,0,0,0,-158,1
834,544,158,0,0,0,-158,0
835,544,158,0,0,0,-158,0
836,544,158,0,0,0,-158,0
837,544,158,0,0,0,-158,0
838,544,158,0,0,0,-158,0
839,544,158,0,0,0,-158,0
840,544,157,0,0,0,-158,0
841,544,156,0,0,0,-158,0
842,543,155,0,0,0,-158,0
843,542,154,0,0,0,-158,0
844,542,152,0,0,0,-158,0
845,541,151,0,0,0,-158,0
846,540,150,0,0,0,-158,0
847,539,150,0,0,0,-158,0
848,539,149,0,0,0,-158,0
849,538,149,0,0,0,-158,0
850,534,148,0,0,0,-158,0
851,529,147,0,0,0,-158,0
852,524,146,0,0,0,-158,0
853,522,145,0,0,0,-158,0
854,522,145,0,0,0,-158,0
855,522,145,0,0,0,-158,0
856,522,145,0,0,0,-158,0
857,516,145,0,0,0,-158,0
858,513,145,0,0,0,-158,0
859,512,145,0,0,0,-158,0
860,512,146,0,0,0,-158,0
861,512,146,0,0,0,-158,0
862,512,146,0,0,0,-158,0
863,510,147,0,0,0,-158,0
864,506,148,0,0,0,-158,0
865,502,148,0,0,0,-158,0
866,498,149,0,0,0,-158,0
867,498,149,0,0,0,-158,0
868,498,149,0,0,0,-158,0
869,498,149,0,0,0,-158,0
870,498,149,0,0,0,-158,0
871,497,149,0,0,0,-158,0
872,496,150,0,0,0,-158,0
873,492,150,0,0,0,-158,0
874,488,151,0,0,0,-158,0
875,486,151,0,0,0,-158,0
876,486,151,0,0,0,-158,0
877,486,151,0,0,0,-158,0
878,486,151,0,0,0,-158,0
879,486,151,0,0,0,-158,0
880,486,151,0,0,0,-158,0
881,485,151,0,0,0,-158,0
882,485,151,0,0,0,-158,0
883,485,151,0,0,0,-158,0
884,485,151,0,0,0,-158,0
885,485,151,0,0,0,-158,0
886,485,151,0,0,0,-158,0
887,485,150,0,0,0,-158,0
888,486,149,0,0,0,-158,0
889,487,148,0,0,0,-158,0
890,488,148,0,0,0,-158,0
891,488,147,0,0,0,-158,0
892,488,147,0,0,0,-158,0
893,488,147,0,0,0,-158,0
894,488,147,0,0,0,-158,0
895,488,147,0,0,0,-158,0
896,488,147,0,0,0,-158,0
897,488,147,0,0,0,-158,0
898,488,147,0,0,0,-158,0
899,488,147,0,0,0,-158,0
900,489,147,0,0,0,-158,0
901,489,147,0,0,0,-158,0
902,489,147,0,0,0,-158,0
903,489,147,0,0,0,-158,0
904,489,147,0,0,0,-158,0
905,489,147,0,0,0,-158,0
906,489,147,0,0,0,-158,0
907,489,147,0,0,0,-158,0
908,489,147,0,0,0,-158,0
909,489,147,0,0,0,-158,0
910,489,147,0,0,0,-158,0
911,489,147,0,0,0,-158,0
912,489,147,0,0,0,-158,0
913,488,146,0,0,0,-158,0
914,487,146,0,0,0,-158,0
915,487,146,0,0,0,-158,0
916,486,146,0,0,0,-158,0
917,486,146,0,0,0,-158,0
918,486,146,0,0,0,-158,0
919,486,146,0,0,0,-158,0
920,486,146,0,0,0,-158,0
921,486,146,0,0,0,-158,0
922,485,146,0,0,0,-158,0
923,485,146,0,0,0,-158,0
924,485,146,0,0,0,-158,0
925,485,146,0,0,0,-158,0
926,485,146,0,0,0,-158,0
927,485,146,0,0,0,-158,0
928,485,146,0,0,0,-158,0
929,485,146,0,0,0,-158,0
930,485,146,0,0,0,-158,0
931,485,146,0,0,0,-158,0
932,485,146,0,0,0,-158,0
933,484,146,0,0,0,-158,0
934,484,146,0,0,0,-158,0
935,484,146,0,0,0,-158,0
936,484,146,0,0,0,-158,0
937,484,146,0,0,0,-158,0
938,484,146,0,0,0,-158,0
939,484,146,0,0,0,-158,0
940,484,146,0,0,0,-158,0
941,484,146,0,0,0,-158,0
