t,x,y,fh,fv,r,s,frame:
0,-282,138,0,0,0,-60,0
1,-282,138,0,0,0,-60,0
2,-282,138,0,0,0,-60,0
3,-282,138,0,0,0,-60,0
4,-282,138,0,0,0,-60,0
5,-282,138,0,0,0,-60,0
6,-282,138,0,0,0,-60,0
7,-282,138,0,0,0,-60,0
8,-282,138,0,0,0,-60,0
9,-282,138,0,0,0,-60,0
10,-282,138,0,0,0,-60,0
11,-282,138,0,0,0,-60,0
12,-282,138,0,0,0,-60,0
13,-282,138,0,0,0,-60,0
14,-282,138,0,0,0,-60,0
15,-282,138,0,0,0,-60,0
16,-282,138,0,0,0,-60,0
17,-282,138,0,0,0,-60,0
18,-282,138,0,0,0,-60,0
19,-282,138,0,0,0,-60,0
20,-282,138,0,0,0,-60,0
21,-281,137,0,0,0,-60,0
22,-277,135,0,0,0,-60,0
23,-272,132,0,0,0,-60,0
24,-266,129,0,0,0,-60,0
25,-260,128,0,0,0,-60,0
26,-259,128,0,0,0,-60,0
27,-258,128,0,0,0,-60,0
28,-258,129,0,0,0,-60,0
29,-257,133,0,0,0,-60,0
30,-256,137,0,0,0,-60,0
31,-253,143,0,0,0,-60,0
32,-250,147,0,0,0,-60,0
33,-249,148,0,0,0,-60,0
34,-249,148,0,0,0,-60,0
35,-249,148,0,0,0,-60,0
36,-249,148,0,0,0,-60,0
37,-246,146,0,0,0,-60,0
38,-243,143,0,0,0,-60,0
39,-238,140,0,0,0,-60,0
40,-235,139,0,0,0,-60,0
41,-234,139,0,0,0,-60,0
42,-234,139,0,0,0,-60,0
43,-234,139,0,0,0,-60,0
44,-232,143,0,0,0,-60,0
45,-230,147,0,0,0,-60,0
46,-226,151,0,0,0,-60,0
47,-222,155,0,0,0,-60,0
48,-217,157,0,0,0,-60,0
49,-213,159,0,0,0,-60,0
50,-206,159,0,0,0,-60,0
51,-199,159,0,0,0,-60,0
52,-191,155,0,0,0,-60,0
53,-186,152,0,0,0,-60,0
54,-182,149,0,0,0,-60,0
55,-181,147,0,0,0,-60,0
56,-181,147,0,0,0,-60,0
57,-181,147,0,0,0,-60,0
58,-181,147,0,0,0,-60,0
59,-181,147,0,0,0,-60,0
60,-180,147,0,0,0,-60,0
61,-180,148,0,0,0,-60,0
62,-180,148,0,0,0,-60,0
63,-180,149,0,0,0,-60,0
64,-180,149,0,0,0,-60,0
65,-180,149,0,0,0,-60,0
66,-180,149,0,0,0,-60,0
67,-180,149,0,0,0,-60,0
68,-180,149,0,0,0,-60,0
69,-180,149,0,0,0,-60,0
70,-180,149,0,0,0,-60,0
71,-180,148,0,0,-29,-60,0
72,-180,148,0,0,-29,-60,0
73,-180,148,0,0,-29,-60,0
74,-180,148,0,0,-29,-60,0
75,-180,148,0,0,-29,-60,0
76,-180,148,0,0,-29,-60,0
77,-180,148,0,0,-29,-60,0
78,-180,147,0,0,-29,-60,0
79,-179,141,0,0,-29,-60,0
80,-178,132,0,0,-29,-60,0
81,-175,121,0,0,-29,-60,0
82,-172,109,0,0,-29,-60,0
83,-169,96,0,0,-29,-60,0
84,-166,82,0,0,-29,-60,0
85,-163,71,0,0,-29,-60,0
86,-160,59,0,0,-29,-60,0
87,-156,50,0,0,-29,-60,0
88,-149,37,0,0,-29,-60,0
89,-144,27,0,0,-29,-60,0
90,-138,17,0,0,-29,-60,0
91,-134,12,0,0,-29,-60,0
92,-127,4,0,0,-29,-60,0
93,-121,-2,0,0,-29,-60,0
94,-120,-4,0,0,-29,-60,0
95,-119,-6,0,0,-29,-60,0
96,-116,-9,0,0,-29,-60,0
97,-113,-13,0,0,-29,-60,0
98,-107,-19,0,0,-29,-60,0
99,-102,-24,0,0,-29,-60,0
100,-97,-28,0,0,-29,-60,0
101,-90,-33,0,0,-29,-60,0
102,-84,-37,0,0,-29,-60,0
103,-78,-41,0,0,-29,-60,0
104,-71,-45,0,0,-29,-60,0
105,-66,-47,0,0,-29,-60,0
106,-59,-49,0,0,-29,-60,0
107,-53,-50,0,0,-29,-60,0
108,-45,-52,0,0,-29,-60,0
109,-35,-53,0,0,-29,-60,0
110,-28,-53,0,0,-29,-60,0
111,-13,-53,0,0,-29,-60,0
112,-3,-53,0,0,-29,-60,0
113,4,-53,0,0,-29,-60,0
114,12,-53,0,0,-29,-60,0
115,21,-52,0,0,-29,-60,0
116,29,-51,0,0,-29,-60,0
117,37,-49,0,0,-29,-60,0
118,42,-48,0,0,-29,-60,0
119,50,-45,0,0,-29,-60,0
120,55,-44,0,0,-29,-60,0
121,59,-42,0,0,-29,-60,0
122,62,-40,0,0,-29,-60,0
123,65,-39,0,0,-29,-60,0
124,67,-37,0,0,-29,-60,0
125,69,-34,0,0,-29,-60,0
126,71,-32,0,0,-29,-60,0
127,74,-30,0,0,-29,-60,0
128,76,-26,0,0,-29,-60,0
129,80,-20,0,0,-29,-60,0
130,84,-15,0,0,-29,-60,0
131,87,-11,0,0,-29,-60,0
132,90,-5,0,0,-29,-60,0
133,93,-1,0,0,-29,-60,0
134,96,5,0,0,-29,-60,0
135,99,11,0,0,-29,-60,0
136,102,16,0,0,-29,-60,0
137,105,22,0,0,-29,-60,0
138,108,26,0,0,-29,-60,0
139,110,30,0,0,-29,-60,0
140,111,33,0,0,-29,-60,0
141,113,37,0,0,-29,-60,0
142,114,41,0,0,-29,-60,0
143,115,44,0,0,-29,-60,0
144,116,47,0,0,-29,-60,0
145,117,49,0,0,-29,-60,0
146,119,53,0,0,-29,-60,0
147,120,55,0,0,-29,-60,0
148,120,56,0,0,-29,-60,0
149,120,56,0,0,-29,-60,0
150,121,56,0,0,-29,-60,0
151,121,57,0,0,-29,-60,0
152,121,57,0,0,-29,-60,0
153,121,58,0,0,-29,-60,0
154,121,58,0,0,-29,-60,0
155,121,58,0,0,-29,-60,0
156,121,58,0,0,-29,-60,0
157,121,58,0,0,-29,-60,0
158,121,58,0,0,-29,-60,0
159,121,58,0,0,-29,-60,0
160,121,58,0,0,-29,-60,0
161,121,58,0,0,-29,-60,0
162,121,58,0,0,-29,-60,0
163,121,58,0,0,-29,-60,0
164,121,58,0,0,-29,-60,0
165,121,58,0,0,-29,-60,0
166,121,58,0,0,-29,-60,0
167,121,57,0,0,-29,-60,0
168,121,57,0,0,-29,-60,1
169,121,57,0,0,-29,-60,1
170,121,57,0,0,-29,-60,1
171,121,57,0,0,-29,-60,1
172,121,57,0,0,-29,-60,1
173,121,57,0,0,-29,-60,1
174,121,57,0,0,-29,-60,1
175,121,57,0,0,-29,-60,1
176,121,57,0,0,-29,-60,1
177,121,57,0,0,-29,-60,1
178,121,57,0,0,-29,-60,1
179,121,57,0,0,-29,-60,1
180,121,57,0,0,-29,-60,1
181,121,57,0,0,-29,-60,1
182,121,57,0,0,-29,-60,1
183,121,57,0,0,-29,-60,1
184,121,57,0,0,-29,-60,1
185,121,57,0,0,-29,-60,1
186,121,57,0,0,-29,-60,1
187,121,57,0,0,-29,-60,1
188,121,57,0,0,-29,-60,1
189,121,57,0,0,-29,-60,1
190,121,57,0,0,-29,-60,1
191,121,57,0,0,-29,-60,1
192,121,57,0,0,-29,-60,1
193,121,57,0,0,-29,-60,1
194,121,57,0,0,-29,-60,1
195,121,57,0,0,-29,-60,1
196,121,57,0,0,-29,-60,1
197,121,57,0,0,-29,-60,1
198,121,57,0,0,-29,-60,1
199,121,57,0,0,-29,-60,1
200,121,57,0,0,-29,-60,1
201,121,57,0,0,-29,-60,1
202,121,57,0,0,-29,-60,1
203,121,57,0,0,-29,-60,1
204,121,57,0,0,-29,-60,1
205,121,57,0,0,-29,-60,1
206,121,57,0,0,-29,-60,1
207,121,57,0,0,-29,-60,1
208,121,57,0,0,-29,-60,1
209,121,57,0,0,-29,-60,1
210,121,57,0,0,-29,-60,1
211,121,57,0,0,-29,-60,1
212,121,57,0,0,-29,-60,1
213,121,57,0,0,-29,-60,1
214,121,57,0,0,-29,-60,1
215,121,57,0,0,-29,-60,1
216,121,57,0,0,-29,-60,1
217,121,57,0,0,-29,-60,1
218,121,57,0,0,-29,-60,1
219,121,57,0,0,-29,-60,1
220,121,57,0,0,-29,-60,1
221,121,57,0,0,-29,-60,1
222,121,57,0,0,-29,-60,1
223,121,57,0,0,-29,-60,1
224,121,57,0,0,-29,-60,1
225,121,57,0,0,-29,-60,1
226,121,57,0,0,-29,-60,1
227,121,57,0,0,-29,-60,1
228,121,57,0,0,-29,-60,1
229,121,57,0,0,-29,-60,1
230,121,57,0,0,-29,-60,1
231,121,57,0,0,-29,-60,1
232,121,57,0,0,-29,-60,1
233,121,57,0,0,-29,-60,1
234,121,57,0,0,-29,-60,1
235,121,57,0,0,-29,-60,1
236,121,57,0,0,-29,-60,1
237,121,57,0,0,-29,-60,1
238,121,57,0,0,-29,-60,1
239,121,57,0,0,-29,-60,1
240,121,57,0,0,-29,-60,1
241,121,57,0,0,-29,-60,1
242,121,57,0,0,-29,-60,1
243,121,57,0,0,-29,-60,1
244,121,57,0,0,-29,-60,1
245,121,57,0,0,-29,-60,1
246,121,57,0,0,-29,-60,1
247,121,57,0,0,-29,-60,1
248,121,57,0,0,-29,-60,1
249,121,57,0,0,-29,-60,1
250,121,57,0,0,-29,-60,1
251,121,57,0,0,-29,-60,1
252,121,57,0,0,-29,-60,1
253,121,57,0,0,-29,-60,1
254,121,57,0,0,-29,-60,1
255,121,57,0,0,-29,-60,1
256,121,57,0,0,-29,-60,1
257,121,57,0,0,-29,-60,1
258,121,57,0,0,-29,-60,1
259,121,57,0,0,-29,-60,1
260,121,57,0,0,-29,-60,1
261,121,57,0,0,-29,-60,1
262,121,57,0,0,-29,-60,1
263,121,57,0,0,-29,-60,1
264,121,57,0,0,-29,-60,1
265,121,57,0,0,-29,-60,1
266,121,57,0,0,-29,-60,1
267,121,57,0,0,-29,-60,1
268,121,57,0,0,-29,-60,1
269,121,57,0,0,-29,-60,1
270,121,57,0,0,-29,-60,1
271,121,57,0,0,-29,-60,1
272,121,57,0,0,-29,-60,1
273,121,57,0,0,-29,-60,1
274,121,57,0,0,-29,-60,1
275,121,57,0,0,-29,-60,1
276,121,57,0,0,-29,-60,1
277,121,57,0,0,-29,-60,1
278,121,57,0,0,-29,-60,1
279,121,57,0,0,-29,-60,1
280,121,57,0,0,-29,-60,1
281,121,57,0,0,-29,-60,1
282,121,57,0,0,-29,-60,1
283,121,57,0,0,-29,-60,1
284,121,57,0,0,-29,-60,1
285,121,57,0,0,-29,-60,1
286,121,57,0,0,-29,-60,1
287,121,57,0,0,-29,-60,1
288,121,57,0,0,-29,-60,1
289,121,57,0,0,-29,-60,1
290,121,57,0,0,-29,-60,1
291,121,57,0,0,-29,-60,1
292,121,57,0,0,-29,-60,1
293,121,57,0,0,-29,-60,1
294,121,57,0,0,-29,-60,1
295,121,57,0,0,-29,-60,1
296,121,57,0,0,-29,-60,1
297,121,57,0,0,-29,-60,1
298,121,57,0,0,-29,-60,1
299,121,57,0,0,-29,-60,1
300,121,57,0,0,-29,-60,1
301,121,57,0,0,-29,-60,1
302,121,57,0,0,-29,-60,1
303,121,57,0,0,-29,-60,1
304,121,57,0,0,-29,-60,1
305,121,57,0,0,-29,-60,1
306,121,57,0,0,-29,-60,1
307,121,57,0,0,-29,-60,1
308,121,57,0,0,-29,-60,1
309,121,57,0,0,-29,-60,1
310,121,57,0,0,-29,-60,1
311,121,57,0,0,-29,-60,1
312,121,57,0,0,-29,-60,1
313,121,57,0,0,-29,-60,1
314,121,57,0,0,-29,-60,1
315,121,57,0,0,-29,-60,1
316,121,57,0,0,-29,-60,1
317,121,57,0,0,-29,-60,1
318,121,57,0,0,-29,-60,1
319,121,57,0,0,-29,-60,1
320,121,57,0,0,-29,-60,1
321,121,57,0,0,-29,-60,1
322,121,57,0,0,-29,-60,1
323,121,57,0,0,-29,-60,1
324,121,57,0,0,-29,-60,1
325,121,57,0,0,-29,-60,1
326,121,57,0,0,-29,-60,1
327,121,57,0,0,-29,-60,1
328,121,57,0,0,-29,-60,1
329,121,57,0,0,-29,-60,1
330,121,57,0,0,-29,-60,1
331,121,57,0,0,-29,-60,1
332,121,57,0,0,-29,-60,1
333,121,57,0,0,-29,-60,1
334,121,57,0,0,-29,-60,1
335,121,57,0,0,-29,-60,1
336,121,57,0,0,-29,-60,1
337,121,57,0,0,-29,-60,1
338,121,57,0,0,-29,-60,1
339,121,57,0,0,-29,-60,1
340,121,57,0,0,-29,-60,1
341,121,57,0,0,-29,-60,1
342,121,57,0,0,-29,-60,1
343,121,57,0,0,-29,-60,1
344,121,57,0,0,-29,-60,1
345,121,57,0,0,-29,-60,1
346,121,57,0,0,-29,-60,1
347,121,57,0,0,-29,-60,1
348,121,57,0,0,-29,-60,1
349,121,57,0,0,-29,-60,1
350,121,57,0,0,-29,-60,1
351,121,57,0,0,-29,-60,1
352,121,57,0,0,-29,-60,1
353,121,57,0,0,-29,-60,1
354,121,57,0,0,-29,-60,1
355,121,57,0,0,-29,-60,1
356,121,57,0,0,-29,-60,1
357,121,57,0,0,-29,-60,1
358,121,57,0,0,-29,-60,1
359,121,57,0,0,-29,-60,1
360,121,57,0,0,-29,-60,1
361,121,57,0,0,-29,-60,1
362,121,57,0,0,-29,-60,1
363,121,57,0,0,-29,-60,1
364,121,57,0,0,-29,-60,1
365,121,57,0,0,-29,-60,1
366,121,57,0,0,-29,-60,1
367,121,57,0,0,-29,-60,1
368,121,57,0,0,-29,-60,1
369,121,57,0,0,-29,-60,1
370,121,57,0,0,-29,-60,1
371,121,57,0,0,-29,-60,1
372,121,57,0,0,-29,-60,1
373,121,57,0,0,-29,-60,1
374,121,57,0,0,-29,-60,1
375,121,57,0,0,-29,-60,1
376,121,57,0,0,-29,-60,1
377,121,57,0,0,-29,-60,1
378,121,57,0,0,-29,-60,1
379,121,57,0,0,-29,-60,1
380,121,57,0,0,-29,-60,1
381,121,57,0,0,-29,-60,1
382,121,57,0,0,-29,-60,1
383,121,57,0,0,-29,-60,1
384,121,57,0,0,-29,-60,1
385,121,57,0,0,-29,-60,1
386,121,57,0,0,-29,-60,1
387,121,57,0,0,-29,-60,1
388,121,57,0,0,-29,-60,1
389,121,57,0,0,-29,-60,1
390,121,57,0,0,-29,-60,1
391,121,57,0,0,-29,-60,1
392,121,57,0,0,-29,-60,1
393,121,57,0,0,-29,-60,1
394,121,57,0,0,-29,-60,1
395,121,57,0,0,-29,-60,1
396,121,57,0,0,-29,-60,1
397,121,57,0,0,-29,-60,1
398,121,57,0,0,-29,-60,1
399,121,57,0,0,-29,-60,1
400,121,57,0,0,-29,-60,1
401,121,57,0,0,-29,-60,1
402,121,57,0,0,-29,-60,1
403,121,57,0,0,-29,-60,1
404,121,57,0,0,-29,-60,1
405,121,57,0,0,-29,-60,1
406,121,57,0,0,-29,-60,1
407,121,57,0,0,-29,-60,1
408,121,57,0,0,-29,-60,1
409,121,57,0,0,-29,-60,1
410,121,57,0,0,-29,-60,1
411,121,57,0,0,-29,-60,1
412,121,57,0,0,-29,-60,1
413,121,57,0,0,-29,-60,1
414,121,57,0,0,-29,-60,1
415,121,57,0,0,-29,-60,1
416,121,57,0,0,-29,-60,1
417,121,57,0,0,-29,-60,1
418,121,57,0,0,-29,-60,1
419,121,57,0,0,-29,-60,1
420,121,57,0,0,-29,-60,1
421,121,57,0,0,-29,-60,1
422,121,57,0,0,-29,-60,1
423,121,57,0,0,-29,-60,1
424,121,57,0,0,-29,-60,1
425,121,57,0,0,-29,-60,1
426,121,57,0,0,-29,-60,1
427,121,57,0,0,-29,-60,1
428,121,57,0,0,-29,-60,1
429,121,57,0,0,-29,-60,1
430,121,57,0,0,-29,-60,1
431,121,57,0,0,-29,-60,1
432,121,57,0,0,-29,-60,1
433,121,57,0,0,-29,-60,1
434,121,57,0,0,-29,-60,1
435,121,57,0,0,-29,-60,1
436,121,57,0,0,-29,-60,1
437,121,57,0,0,-29,-60,1
438,121,57,0,0,-29,-60,1
439,121,57,0,0,-29,-60,1
440,121,57,0,0,-29,-60,1
441,121,57,0,0,-29,-60,1
442,121,57,0,0,-29,-60,1
443,121,57,0,0,-29,-60,1
444,121,57,0,0,-29,-60,1
445,121,57,0,0,-29,-60,1
446,121,57,0,0,-29,-60,1
447,121,57,0,0,-29,-60,1
448,121,57,0,0,-29,-60,1
449,121,57,0,0,-29,-60,1
450,121,57,0,0,-29,-60,1
451,121,57,0,0,-29,-60,1
452,121,57,0,0,-29,-60,1
453,121,57,0,0,-29,-60,1
454,121,57,0,0,-29,-60,1
455,121,57,0,0,-29,-60,1
456,121,57,0,0,-29,-60,1
457,121,57,0,0,-29,-60,1
458,121,57,0,0,-29,-60,1
459,121,57,0,0,-29,-60,1
460,121,57,0,0,-29,-60,1
461,121,57,0,0,-29,-60,1
462,121,57,0,0,-29,-60,1
463,121,57,0,0,-29,-60,1
464,121,57,0,0,-29,-60,1
465,121,57,0,0,-29,-60,1
466,121,57,0,0,-29,-60,1
467,121,57,0,0,-29,-60,1
468,121,57,0,0,-29,-60,1
