t,x,y,fh,fv,r,s,frame:
0,-92,183,0,0,0,-146,1
1,-92,183,0,0,0,-146,1
2,-92,183,0,0,0,-146,1
3,-92,183,0,0,0,-146,1
4,-92,183,0,0,0,-146,1
5,-92,183,0,0,0,-146,1
6,-92,183,0,0,0,-146,1
7,-92,183,0,0,0,-146,1
8,-92,183,0,0,0,-146,1
9,-92,183,0,0,0,-146,1
10,-92,183,0,0,0,-146,1
11,-92,183,0,0,0,-146,1
12,-92,183,0,0,0,-146,1
13,-92,183,0,0,0,-146,1
14,-92,183,0,0,0,-146,1
15,-92,183,0,0,0,-146,1
16,-92,183,0,0,0,-146,1
17,-92,183,0,0,0,-146,1
18,-92,183,0,0,0,-146,1
19,-92,183,0,0,0,-146,1
20,-92,183,0,0,0,-146,1
21,-92,183,0,0,0,-146,1
22,-92,183,0,0,0,-146,1
23,-92,183,0,0,0,-146,1
24,-92,183,0,0,0,-146,1
25,-92,183,0,0,0,-146,1
26,-92,183,0,0,0,-146,1
27,-92,183,0,0,0,-146,1
28,-92,183,0,0,0,-146,1
29,-92,183,0,0,0,-146,1
30,-92,183,0,0,0,-146,1
31,-92,183,0,0,0,-146,1
32,-92,183,0,0,0,-146,1
33,-92,183,0,0,0,-146,1
34,-92,183,0,0,0,-146,1
35,-92,183,0,0,0,-146,1
36,-92,183,0,0,0,-146,1
37,-92,183,0,0,0,-146,1
38,-92,183,0,0,0,-146,1
39,-92,183,0,0,0,-146,1
40,-92,183,0,0,0,-146,1
41,-92,183,0,0,0,-146,1
42,-92,183,0,0,0,-146,1
43,-92,183,0,0,0,-146,1
44,-92,183,0,0,0,-146,1
45,-92,183,0,0,0,-146,1
46,-92,183,0,0,0,-146,1
47,-92,183,0,0,0,-146,1
48,-92,183,0,0,0,-146,1
49,-92,183,0,0,0,-146,1
50,-92,183,0,0,0,-146,1
51,-92,183,0,0,0,-146,1
52,-92,183,0,0,0,-146,1
53,-92,183,0,0,0,-146,1
54,-92,183,0,0,0,-146,1
55,-92,183,0,0,0,-146,1
56,-92,183,0,0,0,-146,1
57,-92,183,0,0,0,-146,1
58,-92,183,0,0,0,-146,1
59,-92,183,0,0,0,-146,1
60,-92,183,0,0,0,-146,1
61,-92,183,0,0,0,-146,1
62,-92,183,0,0,0,-146,1
63,-92,183,0,0,0,-146,1
64,-92,183,0,0,0,-146,1
65,-92,183,0,0,0,-146,1
66,-92,183,0,0,0,-146,1
67,-92,183,0,0,0,-146,1
68,-92,183,0,0,0,-146,1
69,-92,183,0,0,0,-146,1
70,-92,183,0,0,0,-146,1
71,7,194,0,0,0,-146,0
72,7,194,0,0,0,-146,0
73,7,194,0,0,0,-146,0
74,7,194,0,0,0,-146,0
75,7,194,0,0,0,-146,0
76,7,194,0,0,0,-146,0
77,7,194,0,0,0,-146,0
78,7,194,0,0,0,-146,0
79,7,194,0,0,0,-146,0
80,7,194,0,0,0,-146,0
81,7,194,0,0,0,-146,0
82,7,194,0,0,0,-146,0
83,7,194,0,0,0,-146,0
84,7,194,0,0,0,-146,0
85,7,194,0,0,0,-146,0
86,7,194,0,0,0,-146,0
87,7,194,0,0,0,-146,0
88,7,194,0,0,0,-146,0
89,7,194,0,0,0,-146,0
90,7,194,0,0,0,-146,0
91,7,194,0,0,0,-146,0
92,7,194,0,0,0,-146,0
93,7,194,0,0,0,-146,0
94,7,194,0,0,0,-146,0
95,7,194,0,0,0,-146,0
96,7,194,0,0,0,-146,0
97,7,194,0,0,0,-146,0
98,7,194,0,0,0,-146,0
99,7,194,0,0,0,-146,0
100,7,194,0,0,0,-146,0
101,7,194,0,0,0,-146,0
102,7,194,0,0,0,-146,0
103,7,194,0,0,0,-146,0
104,7,194,0,0,0,-146,0
105,7,194,0,0,0,-146,1
106,7,194,0,0,0,-146,1
107,7,194,0,0,0,-146,1
108,7,194,0,0,0,-146,1
109,7,194,0,0,0,-146,1
110,7,194,0,0,0,-146,1
111,7,194,0,0,0,-146,1
112,7,194,0,0,0,-146,1
113,7,194,0,0,0,-146,1
114,7,194,0,0,0,-146,1
115,7,194,0,0,0,-146,1
116,7,194,0,0,0,-146,1
117,7,194,0,0,0,-146,1
118,7,194,0,0,0,-146,1
119,7,194,0,0,0,-146,1
120,7,194,0,0,0,-146,1
121,7,194,0,0,0,-146,1
122,7,194,0,0,0,-146,1
123,7,194,0,0,0,-146,1
124,7,194,0,0,0,-146,1
125,7,194,0,0,0,-146,1
126,7,194,0,0,0,-146,1
127,7,194,0,0,0,-146,1
128,7,194,0,0,0,-146,1
129,7,194,0,0,0,-146,1
130,7,194,0,0,0,-146,1
131,7,194,0,0,0,-146,1
132,7,194,0,0,0,-146,1
133,7,194,0,0,0,-146,1
134,7,194,0,0,0,-146,1
135,7,194,0,0,0,-146,1
136,7,194,0,0,0,-146,1
137,7,194,0,0,0,-146,1
138,7,194,0,0,0,-146,1
139,7,194,0,0,0,-146,1
140,7,194,0,0,0,-146,1
141,7,194,0,0,0,-146,1
142,7,194,0,0,0,-146,1
143,7,194,0,0,0,-146,1
144,7,194,0,0,0,-146,1
145,7,194,0,0,0,-146,1
146,7,194,0,0,0,-146,1
147,7,194,0,0,0,-146,1
148,7,194,0,0,0,-146,1
149,7,194,0,0,0,-146,1
150,7,194,0,0,0,-146,1
151,7,194,0,0,0,-146,1
152,7,194,0,0,0,-146,1
153,7,194,0,0,0,-146,1
154,7,194,0,0,0,-146,1
155,7,194,0,0,0,-146,1
156,7,194,0,0,0,-146,1
157,7,194,0,0,0,-146,1
158,7,194,0,0,0,-146,1
159,7,194,0,0,0,-146,1
160,7,194,0,0,0,-146,1
161,7,194,0,0,0,-146,1
162,7,194,0,0,0,-146,1
163,7,194,0,0,0,-146,1
164,7,194,0,0,0,-146,1
165,7,194,0,0,0,-146,1
166,7,194,0,0,0,-146,1
167,7,194,0,0,0,-146,1
168,7,194,0,0,0,-146,1
169,7,194,0,0,0,-146,1
170,7,194,0,0,0,-146,1
171,7,194,0,0,0,-146,1
172,7,194,0,0,0,-146,1
173,7,194,0,0,0,-146,1
174,7,194,0,0,0,-146,1
175,7,194,0,0,0,-146,1
176,7,194,0,0,0,-146,1
177,7,194,0,0,0,-146,1
178,7,194,0,0,0,-146,1
179,7,194,0,0,0,-146,1
180,7,194,0,0,0,-146,1
181,7,194,0,0,0,-146,1
182,7,194,0,0,0,-146,1
183,7,194,0,0,0,-146,1
184,7,194,0,0,0,-146,1
185,7,194,0,0,0,-146,1
186,7,194,0,0,0,-146,1
187,7,194,0,0,0,-146,1
188,7,194,0,0,0,-146,1
189,7,194,0,0,0,-146,1
190,7,194,0,0,0,-146,1
191,7,194,0,0,0,-146,1
192,339,194,0,0,0,-146,0
193,339,194,0,0,0,-146,0
194,339,194,0,0,0,-146,0
195,339,194,0,0,0,-146,0
196,339,194,0,0,0,-146,0
197,339,194,0,0,0,-146,0
198,339,194,0,0,0,-146,0
199,339,194,0,0,0,-146,0
200,339,194,0,0,0,-146,0
201,339,194,0,0,0,-146,0
202,339,194,0,0,0,-146,0
203,339,194,0,0,0,-146,0
204,339,194,0,0,0,-146,0
205,339,194,0,0,0,-146,0
206,339,194,0,0,0,-146,0
207,339,194,0,0,0,-146,0
208,339,194,0,0,0,-146,0
209,339,194,0,0,0,-146,0
210,339,194,0,0,0,-146,0
211,339,194,0,0,0,-146,0
212,339,194,0,0,0,-146,0
213,339,194,0,0,0,-146,0
214,339,194,0,0,0,-146,0
215,339,194,0,0,0,-146,0
216,339,194,0,0,0,-146,0
217,339,194,0,0,0,-146,0
218,339,194,0,0,0,-146,0
219,339,194,0,0,0,-146,0
220,339,194,0,0,0,-146,0
221,339,194,0,0,0,-146,0
222,339,194,0,0,0,-146,0
223,339,194,0,0,0,-146,0
224,339,194,0,0,0,-146,0
225,339,194,0,0,0,-146,0
226,339,194,0,0,0,-146,0
227,339,194,0,0,0,-146,0
228,339,194,0,0,0,-146,0
229,339,194,0,0,0,-146,0
230,339,194,0,0,0,-146,0
231,339,194,0,0,0,-146,0
232,339,194,0,0,0,-146,0
233,339,194,0,0,0,-146,0
234,339,194,0,0,0,-146,0
235,339,194,0,0,0,-146,0
236,339,194,0,0,0,-146,0
237,339,194,0,0,0,-146,0
238,339,194,0,0,0,-146,0
239,339,194,0,0,0,-146,0
240,339,194,0,0,0,-146,0
241,339,194,0,0,0,-146,0
242,339,194,0,0,0,-146,1
243,339,194,0,0,0,-146,1
244,339,194,0,0,0,-146,1
245,339,194,0,0,0,-146,1
246,339,194,0,0,0,-146,1
247,339,194,0,0,0,-146,1
248,339,194,0,0,0,-146,1
249,339,194,0,0,0,-146,1
250,339,194,0,0,0,-146,1
251,339,194,0,0,0,-146,1
252,339,194,0,0,0,-146,1
253,339,194,0,0,0,-146,1
254,339,194,0,0,0,-146,1
255,339,194,0,0,0,-146,1
256,339,194,0,0,0,-146,1
257,339,194,0,0,0,-146,1
258,339,194,0,0,0,-146,1
259,339,194,0,0,0,-146,1
260,339,194,0,0,0,-146,1
261,339,194,0,0,0,-146,1
262,339,194,0,0,0,-146,1
263,339,194,0,0,0,-146,1
264,339,194,0,0,0,-146,1
265,339,194,0,0,0,-146,1
266,339,194,0,0,0,-146,1
267,339,194,0,0,0,-146,1
268,339,194,0,0,0,-146,1
269,339,194,0,0,0,-146,1
270,339,194,0,0,0,-146,1
271,339,194,0,0,0,-146,1
272,339,194,0,0,0,-146,1
273,339,194,0,0,0,-146,1
274,339,194,0,0,0,-146,1
275,339,194,0,0,0,-146,1
276,339,194,0,0,0,-146,1
277,339,194,0,0,0,-146,1
278,339,194,0,0,0,-146,1
279,339,194,0,0,0,-146,1
280,339,194,0,0,0,-146,1
281,339,194,0,0,0,-146,1
282,339,194,0,0,0,-146,1
283,339,194,0,0,0,-146,1
284,339,194,0,0,0,-146,1
285,339,194,0,0,0,-146,1
286,339,194,0,0,0,-146,1
287,79,240,0,0,0,-146,0
288,79,240,0,0,0,-146,0
289,79,240,0,0,0,-146,0
290,79,240,0,0,0,-146,0
291,79,240,0,0,0,-146,0
292,79,240,0,0,0,-146,0
293,79,240,0,0,0,-146,0
294,79,240,0,0,0,-146,0
295,79,240,0,0,0,-146,0
296,79,240,0,0,0,-146,0
297,79,240,0,0,0,-146,0
298,79,240,0,0,0,-146,0
299,79,240,0,0,0,-146,0
300,79,240,0,0,0,-146,0
301,79,240,0,0,0,-146,0
302,79,240,0,0,0,-146,0
303,79,240,0,0,0,-146,0
304,79,240,0,0,0,-146,0
305,79,240,0,0,0,-146,0
306,79,240,0,0,0,-146,0
307,79,240,0,0,0,-146,0
308,79,240,0,0,0,-146,0
309,79,240,0,0,0,-146,0
310,79,240,0,0,0,-146,0
311,79,240,0,0,0,-146,0
312,79,240,0,0,0,-146,0
313,79,240,0,0,0,-146,0
314,79,240,0,0,0,-146,0
315,79,240,0,0,0,-146,0
316,79,240,0,0,0,-146,0
317,79,240,0,0,0,-146,0
318,79,240,0,0,0,-146,0
319,79,240,0,0,0,-146,0
320,79,240,0,0,0,-146,0
321,79,240,0,0,0,-146,0
322,79,240,0,0,0,-146,0
323,79,240,0,0,0,-146,0
324,79,240,0,0,0,-146,0
325,79,240,0,0,0,-146,0
326,79,240,0,0,0,-146,0
327,79,240,0,0,0,-146,0
328,79,240,0,0,0,-146,0
329,79,240,0,0,0,-146,0
330,79,240,0,0,0,-146,0
331,79,240,0,0,0,-146,0
332,79,240,0,0,0,-146,0
333,79,240,0,0,0,-146,0
334,79,240,0,0,0,-146,0
335,79,240,0,0,0,-146,0
336,79,240,0,0,0,-146,0
337,79,240,0,0,0,-146,0
338,79,240,0,0,0,-146,0
339,79,240,0,0,0,-146,0
340,79,240,0,0,0,-146,0
341,79,240,0,0,0,-146,0
342,79,240,0,0,0,-146,0
343,79,240,0,0,0,-146,0
344,79,240,0,0,0,-146,0
345,79,240,0,0,0,-146,1
346,79,240,0,0,0,-146,1
347,79,240,0,0,0,-146,1
348,79,240,0,0,0,-146,1
349,79,240,0,0,0,-146,1
350,79,240,0,0,0,-146,1
351,79,240,0,0,0,-146,1
352,79,240,0,0,0,-146,1
353,79,240,0,0,0,-146,1
354,79,240,0,0,0,-146,1
355,79,240,0,0,0,-146,1
356,79,240,0,0,0,-146,1
357,79,240,0,0,0,-146,1
358,79,240,0,0,0,-146,1
359,79,240,0,0,0,-146,1
360,79,240,0,0,0,-146,1
361,79,240,0,0,0,-146,1
362,79,240,0,0,0,-146,1
363,79,240,0,0,0,-146,1
364,79,240,0,0,0,-146,1
365,79,240,0,0,0,-146,1
366,79,240,0,0,0,-146,1
367,79,240,0,0,0,-146,1
368,79,240,0,0,0,-146,1
369,79,240,0,0,0,-146,1
370,79,240,0,0,0,-146,1
371,79,240,0,0,0,-146,1
372,79,240,0,0,0,-146,1
373,79,240,0,0,0,-146,1
374,79,240,0,0,0,-146,1
375,79,240,0,0,0,-146,1
376,79,240,0,0,0,-146,1
377,79,240,0,0,0,-146,1
378,79,240,0,0,0,-146,1
379,79,240,0,0,0,-146,1
380,79,240,0,0,0,-146,1
381,79,240,0,0,0,-146,1
382,79,240,0,0,0,-146,1
383,79,240,0,0,0,-146,1
384,79,240,0,0,0,-146,1
385,79,240,0,0,0,-146,1
386,79,240,0,0,0,-146,1
387,79,240,0,0,0,-146,1
388,79,240,0,0,0,-146,1
389,79,240,0,0,0,-146,1
390,79,240,0,0,0,-146,1
391,79,240,0,0,0,-146,1
392,79,240,0,0,0,-146,1
393,79,240,0,0,0,-146,1
394,79,240,0,0,0,-146,1
395,79,240,0,0,0,-146,1
396,79,240,0,0,0,-146,1
397,79,240,0,0,0,-146,1
398,79,240,0,0,0,-146,1
399,79,240,0,0,0,-146,1
400,79,240,0,0,0,-146,1
401,79,240,0,0,0,-146,1
402,79,240,0,0,0,-146,1
403,79,240,0,0,0,-146,1
404,79,240,0,0,0,-146,1
405,79,240,0,0,0,-146,1
