t,x,y,fh,fv,r,s,frame:
0,344,177,1,0,0,-210,1
1,344,177,1,0,0,-210,1
2,344,177,1,0,0,-210,1
3,344,177,1,0,0,-210,1
4,344,177,1,0,0,-210,1
5,344,177,1,0,0,-210,1
6,344,177,1,0,0,-210,1
7,344,177,1,0,0,-210,1
8,344,177,1,0,0,-210,1
9,344,177,1,0,0,-210,1
10,344,177,1,0,0,-210,1
11,344,177,1,0,0,-210,1
12,344,177,1,0,0,-210,1
13,344,177,1,0,0,-210,1
14,344,177,1,0,0,-210,1
15,344,177,1,0,0,-210,1
16,344,177,1,0,0,-210,1
17,344,177,1,0,0,-210,1
18,344,177,1,0,0,-210,1
19,344,177,1,0,0,-210,1
20,344,177,1,0,0,-210,1
21,344,177,1,0,0,-210,1
22,344,177,1,0,0,-210,1
23,344,177,1,0,0,-210,1
24,344,177,1,0,0,-210,1
25,344,177,1,0,0,-210,1
26,344,177,1,0,0,-210,1
27,344,177,1,0,0,-210,1
28,344,177,1,0,0,-210,1
29,344,177,1,0,0,-210,1
30,344,177,1,0,0,-210,1
31,344,177,1,0,0,-210,1
32,344,177,1,0,0,-210,1
33,344,177,1,0,0,-210,1
34,344,177,1,0,0,-210,1
35,344,177,1,0,0,-210,1
36,344,177,1,0,0,-210,1
37,344,177,1,0,0,-210,1
38,344,177,1,0,0,-210,0
39,344,177,1,0,0,-210,0
40,344,177,1,0,0,-210,0
41,344,177,1,0,0,-210,0
42,344,177,1,0,0,-210,0
43,344,177,1,0,0,-210,0
44,344,177,1,0,0,-210,0
45,344,177,1,0,0,-210,0
46,344,177,1,0,0,-210,0
47,344,177,1,0,0,-209,0
48,344,177,1,0,0,-208,0
49,344,177,1,0,0,-207,0
50,344,177,1,0,0,-206,0
51,342,175,1,0,0,-205,0
52,340,172,1,0,0,-204,0
53,338,170,1,0,0,-203,0
54,337,168,1,0,0,-202,0
55,336,166,1,0,0,-201,0
56,335,165,1,0,0,-200,0
57,335,165,1,0,0,-199,0
58,334,164,1,0,0,-198,0
59,334,164,1,0,0,-197,0
60,333,163,1,0,0,-196,0
61,333,163,1,0,0,-195,0
62,332,162,1,0,0,-194,0
63,332,162,1,0,0,-193,0
64,332,162,1,0,0,-192,0
65,331,162,1,0,0,-191,0
66,331,162,1,0,0,-190,0
67,331,162,1,0,0,-189,0
68,331,162,1,0,0,-188,0
69,331,162,1,0,0,-187,0
70,331,162,1,0,0,-186,0
71,330,162,1,0,0,-185,0
72,328,162,1,0,0,-184,0
73,326,162,1,0,0,-183,0
74,323,164,1,0,0,-182,0
75,322,166,1,0,0,-181,0
76,320,167,1,0,0,-180,0
77,318,169,1,0,0,-179,0
78,317,170,1,0,0,-178,0
79,315,172,1,0,0,-177,0
80,313,173,1,0,0,-176,0
81,311,175,1,0,0,-175,0
82,309,176,1,0,0,-174,0
83,308,177,1,0,0,-173,0
84,307,177,1,0,0,-172,0
85,306,178,1,0,0,-171,0
86,305,178,1,0,0,-170,0
87,305,178,1,0,0,-169,0
88,304,178,1,0,0,-168,0
89,304,178,1,0,0,-167,0
90,304,178,1,0,0,-166,0
91,304,178,1,0,0,-165,0
92,302,177,1,0,0,-164,0
93,300,176,1,0,0,-163,0
94,299,174,1,0,0,-162,0
95,297,172,1,0,0,-161,0
96,296,171,1,0,0,-160,0
97,295,169,1,0,0,-159,0
98,293,167,1,0,0,-158,0
99,292,166,1,0,0,-157,0
100,290,164,1,0,0,-156,0
101,289,163,1,0,0,-155,0
102,287,162,1,0,0,-154,0
103,286,161,1,0,0,-153,0
104,282,159,1,0,0,-152,0
105,279,158,1,0,0,-151,0
106,276,157,1,0,0,-150,0
107,272,155,1,0,0,-149,0
108,268,154,1,0,0,-148,0
109,265,154,1,0,0,-147,0
110,262,153,1,0,0,-146,0
111,261,153,1,0,0,-145,0
112,260,153,1,0,0,-144,0
113,258,153,1,0,0,-143,0
114,257,153,1,0,0,-142,0
115,254,153,1,0,0,-141,0
116,252,154,1,0,0,-140,0
117,248,155,1,0,0,-139,0
118,246,157,1,0,0,-138,0
119,242,158,1,0,0,-137,0
120,238,160,1,0,0,-136,0
121,231,164,1,0,0,-135,0
122,228,165,1,0,0,-134,0
123,225,167,1,0,0,-133,0
124,224,168,1,0,0,-132,0
125,222,169,1,0,0,-131,0
126,220,170,1,0,0,-130,0
127,218,170,1,0,0,-129,0
128,217,170,1,0,0,-128,0
129,216,170,1,0,0,-127,0
130,216,170,1,0,0,-126,0
131,215,170,1,0,0,-125,0
132,213,170,1,0,0,-124,0
133,209,168,1,0,0,-123,0
134,205,166,1,0,0,-122,0
135,201,164,1,0,0,-121,0
136,197,162,1,0,0,-120,0
137,192,160,1,0,0,-119,0
138,188,158,1,0,0,-118,0
139,183,155,1,0,0,-117,0
140,180,154,1,0,0,-116,0
141,177,153,1,0,0,-115,0
142,175,152,1,0,0,-114,0
143,173,151,1,0,0,-113,0
144,171,151,1,0,0,-112,0
145,168,150,1,0,0,-111,0
146,166,149,1,0,0,-110,0
147,164,149,1,0,0,-109,0
148,162,148,1,0,0,-108,0
149,159,148,1,0,0,-107,0
150,157,147,1,0,0,-106,0
151,154,146,1,0,0,-105,0
152,152,146,1,0,0,-104,0
153,149,146,1,0,0,-103,0
154,146,146,1,0,0,-102,0
155,143,146,1,0,0,-101,0
156,140,147,1,0,0,-100,0
157,137,148,1,0,0,-99,0
158,134,150,1,0,0,-98,0
159,132,150,1,0,0,-97,0
160,126,152,1,0,0,-96,0
161,124,153,1,0,0,-95,0
162,122,153,1,0,0,-94,0
163,120,154,1,0,0,-93,0
164,118,154,1,0,0,-92,0
165,115,155,1,0,0,-91,0
166,114,155,1,0,0,-90,0
167,111,156,1,0,0,-89,0
168,107,156,1,0,0,-88,0
169,104,156,1,0,0,-87,0
170,102,156,1,0,0,-86,0
171,98,156,1,0,0,-85,0
172,93,154,1,0,0,-84,0
173,89,153,1,0,0,-83,0
174,86,151,1,0,0,-82,0
175,83,149,1,0,0,-81,0
176,79,148,1,0,0,-80,0
177,75,146,1,0,0,-79,0
178,71,143,1,0,0,-78,0
179,66,140,1,0,0,-77,0
180,59,136,1,0,0,-76,0
181,55,133,1,0,0,-75,0
182,51,131,1,0,0,-74,0
183,48,129,1,0,0,-73,0
184,44,127,1,0,0,-72,0
185,41,125,1,0,0,-71,0
186,36,123,1,0,0,-70,0
187,33,122,1,0,0,-69,0
188,29,120,1,0,0,-68,0
189,26,119,1,0,0,-67,0
190,24,119,1,0,0,-66,0
191,22,119,1,0,0,-65,0
192,18,119,1,0,0,-64,0
193,16,119,1,0,0,-63,0
194,13,120,1,0,0,-62,0
195,9,120,1,0,0,-61,0
196,5,121,1,0,0,-60,0
197,-1,124,1,0,0,-59,0
198,-6,126,1,0,0,-58,0
199,-13,128,1,0,0,-57,0
200,-19,130,1,0,0,-56,0
201,-25,131,1,0,0,-55,0
202,-28,131,1,0,0,-54,0
203,-35,132,1,0,0,-53,0
204,-38,132,1,0,0,-52,0
205,-40,132,1,0,0,-51,0
206,-43,132,1,0,0,-50,0
207,-46,130,1,0,0,-49,0
208,-49,129,1,0,0,-48,0
209,-53,127,1,0,0,-47,0
210,-58,125,1,0,0,-46,0
211,-65,122,1,0,0,-45,0
212,-69,120,1,0,0,-44,0
213,-75,117,1,0,0,-43,0
214,-81,114,1,0,0,-42,0
215,-90,109,1,0,0,-41,0
216,-96,106,1,0,0,-40,0
217,-101,104,1,0,0,-39,0
218,-106,102,1,0,0,-38,0
219,-109,100,1,0,0,-37,0
220,-113,99,1,0,0,-36,0
221,-116,98,1,0,0,-35,0
222,-119,98,1,0,0,-34,0
223,-121,97,1,0,0,-33,0
224,-124,97,1,0,0,-32,0
225,-127,96,1,0,0,-31,0
226,-129,96,1,0,0,-30,0
227,-133,96,1,0,0,-29,0
228,-136,96,1,0,0,-28,0
229,-138,96,1,0,0,-27,0
230,-141,96,1,0,0,-26,0
231,-146,96,1,0,0,-25,0
232,-152,96,1,0,0,-24,0
233,-156,96,1,0,0,-23,0
234,-157,96,1,0,0,-22,0
235,-157,96,1,0,0,-21,0
236,-157,96,1,0,0,-20,0
237,-157,96,1,0,0,-19,0
238,-158,96,1,0,0,-18,0
239,-158,96,1,0,0,-18,0
240,-158,96,1,0,0,-18,0
241,-158,96,1,0,0,-18,0
242,-158,96,1,0,0,-18,0
243,-158,96,1,0,0,-18,0
244,-158,96,1,0,0,-18,0
245,-158,96,1,0,0,-18,0
246,-158,96,1,0,0,-18,0
247,-158,96,1,0,0,-18,0
248,-158,96,1,0,0,-18,0
249,-158,96,1,0,0,-18,0
250,-158,96,1,0,0,-18,0
251,-158,96,1,0,0,-18,0
252,-158,96,1,0,0,-18,0
253,-158,96,1,0,0,-18,0
254,-158,96,1,0,0,-18,0
255,-158,96,1,0,0,-18,0
256,-158,96,1,0,0,-18,0
257,-158,96,1,0,0,-18,0
258,-158,96,1,0,0,-18,0
259,-158,96,1,0,0,-18,0
260,-158,96,1,0,0,-18,0
261,-158,96,1,0,0,-18,0
262,-158,96,1,0,0,-18,0
263,-158,96,1,0,0,-18,0
264,-158,96,1,0,0,-18,0
265,-158,96,1,0,0,-18,0
266,-158,96,1,0,0,-18,0
267,-158,96,1,0,0,-18,0
268,-158,96,1,0,0,-18,0
269,-158,96,1,0,0,-18,0
270,-158,96,1,0,0,-18,0
