t,x,y,fh,fv,r,s,frame:
0,1,-100,0,0,0,0,0
1,1,-100,0,0,0,0,0
2,1,-100,0,0,0,0,0
3,1,-100,0,0,0,0,0
4,1,-100,0,0,0,0,0
5,1,-100,0,0,0,0,0
6,1,-100,0,0,0,0,0
7,1,-100,0,0,0,0,0
8,1,-100,0,0,0,0,0
9,1,-100,0,0,0,0,0
10,1,-100,0,0,0,0,0
11,1,-100,0,0,0,0,0
12,1,-100,0,0,0,0,0
13,1,-100,0,0,0,0,0
14,1,-100,0,0,0,0,0
15,1,-100,0,0,0,0,0
16,1,-100,0,0,0,0,0
17,1,-100,0,0,0,0,0
18,1,-100,0,0,0,0,0
19,1,-100,0,0,0,0,0
20,1,-100,0,0,0,0,0
21,1,-100,0,0,0,0,0
22,1,-100,0,0,0,0,0
23,1,-100,0,0,0,0,0
24,1,-100,0,0,0,0,0
25,1,-100,0,0,0,0,0
26,1,-100,0,0,0,0,0
27,1,-100,0,0,0,0,0
28,1,-100,0,0,0,0,0
29,1,-100,0,0,0,0,0
30,1,-100,0,0,0,0,0
31,1,-100,0,0,0,0,0
32,1,-100,0,0,0,0,0
33,1,-100,0,0,0,0,0
34,1,-100,0,0,0,0,0
35,1,-100,0,0,0,0,0
36,1,-100,0,0,0,0,0
37,1,-100,0,0,0,0,0
38,1,-100,0,0,0,0,0
39,1,-100,0,0,0,0,0
40,1,-100,0,0,0,0,0
41,1,-100,0,0,0,0,0
42,1,-100,0,0,0,0,0
43,1,-100,0,0,0,0,0
44,1,-100,0,0,0,0,0
45,1,-100,0,0,0,0,0
46,1,-100,0,0,0,0,0
47,1,-100,0,0,0,0,0
48,1,-100,0,0,0,0,0
49,1,-100,0,0,0,0,0
50,1,-100,0,0,0,0,0
51,1,-100,0,0,0,0,0
52,2,-100,0,0,0,0,0
53,2,-100,0,0,0,0,0
54,2,-100,0,0,0,0,0
55,2,-100,0,0,0,0,0
56,2,-100,0,0,0,0,0
57,2,-100,0,0,0,0,0
58,2,-100,0,0,0,0,0
59,2,-100,0,0,0,0,0
60,2,-100,0,0,0,0,0
61,2,-100,0,0,0,0,0
62,2,-100,0,0,0,0,0
63,2,-100,0,0,0,0,0
64,3,-100,0,0,0,0,0
65,3,-100,0,0,0,0,0
66,3,-100,0,0,0,0,0
67,3,-100,0,0,0,0,0
68,3,-100,0,0,0,0,0
69,3,-100,0,0,0,0,0
70,3,-100,0,0,0,0,0
71,3,-100,0,0,0,0,0
72,3,-100,0,0,0,0,0
73,3,-100,0,0,0,0,0
74,3,-100,0,0,0,0,0
75,3,-100,0,0,0,0,0
76,3,-100,0,0,0,0,0
77,3,-100,0,0,0,0,0
78,3,-100,0,0,0,0,0
79,3,-100,0,0,0,0,0
80,3,-100,0,0,0,0,0
81,3,-100,0,0,0,0,0
82,3,-100,0,0,0,0,0
83,3,-100,0,0,0,0,0
84,3,-100,0,0,0,0,0
85,3,-100,0,0,0,0,0
86,3,-100,0,0,0,0,0
87,3,-100,0,0,0,0,0
88,4,-100,0,0,0,0,0
89,4,-100,0,0,0,0,0
90,4,-100,0,0,0,0,0
91,4,-101,0,0,0,0,0
92,5,-101,0,0,0,0,0
93,5,-101,0,0,0,0,0
94,5,-101,0,0,0,0,0
95,5,-101,0,0,0,0,0
96,5,-101,0,0,0,0,0
97,5,-101,0,0,0,0,0
98,5,-101,0,0,0,0,0
99,5,-101,0,0,0,0,0
100,5,-101,0,0,0,0,0
101,5,-101,0,0,0,0,0
102,5,-101,0,0,0,0,0
103,5,-101,0,0,0,0,0
104,5,-101,0,0,0,0,0
105,5,-101,0,0,0,0,0
106,5,-101,0,0,0,0,0
107,5,-101,0,0,0,0,0
108,5,-101,0,0,0,0,0
109,5,-101,0,0,0,0,0
110,5,-101,0,0,0,0,0
111,5,-101,0,0,0,0,0
112,5,-101,0,0,0,0,0
113,5,-101,0,0,0,0,0
114,5,-101,0,0,0,0,0
115,5,-101,0,0,0,0,0
116,5,-101,0,0,0,0,0
117,5,-101,0,0,0,0,0
118,5,-101,0,0,0,0,0
119,5,-101,0,0,0,0,0
120,5,-101,0,0,0,0,0
121,5,-101,0,0,0,0,0
122,5,-101,0,0,0,0,0
123,5,-101,0,0,0,0,0
124,6,-101,0,0,0,0,0
125,6,-101,0,0,0,0,0
126,6,-101,0,0,0,0,0
127,6,-101,0,0,0,0,0
128,7,-101,0,0,0,0,0
129,7,-101,0,0,0,0,0
130,7,-101,0,0,0,0,0
131,7,-101,0,0,0,0,0
132,7,-101,0,0,0,0,0
133,7,-101,0,0,0,0,0
134,7,-101,0,0,0,0,0
135,7,-101,0,0,0,0,0
136,7,-101,0,0,0,0,0
137,7,-101,0,0,0,0,0
138,7,-101,0,0,0,0,0
139,7,-101,0,0,0,0,0
140,7,-101,0,0,0,0,0
141,7,-101,0,0,0,0,0
142,7,-101,0,0,0,0,0
143,7,-101,0,0,0,0,0
144,7,-102,0,0,0,0,0
145,7,-102,0,0,0,0,0
146,7,-102,0,0,0,0,0
147,7,-102,0,0,0,0,0
148,7,-102,0,0,0,0,0
149,7,-102,0,0,0,0,0
150,7,-102,0,0,0,0,0
151,7,-102,0,0,0,0,0
152,7,-102,0,0,0,0,0
153,7,-102,0,0,0,0,0
154,7,-102,0,0,0,0,0
155,7,-102,0,0,0,0,0
156,7,-102,0,0,0,0,0
157,7,-102,0,0,0,0,0
158,7,-102,0,0,0,0,0
159,7,-102,0,0,0,0,0
160,7,-102,0,0,0,0,0
161,7,-102,0,0,0,0,0
162,7,-102,0,0,0,0,0
163,7,-102,0,0,0,0,0
164,7,-102,0,0,0,0,0
165,7,-102,0,0,0,0,0
166,7,-102,0,0,0,0,0
167,7,-102,0,0,0,0,0
168,7,-102,0,0,0,0,0
169,7,-102,0,0,0,0,0
170,7,-102,0,0,0,0,0
171,7,-102,0,0,0,0,0
172,7,-102,0,0,0,0,0
173,7,-102,0,0,0,0,0
174,7,-102,0,0,0,0,0
175,7,-102,0,0,0,0,0
176,7,-102,0,0,0,0,0
177,7,-102,0,0,0,0,0
178,7,-102,0,0,0,0,0
179,7,-102,0,0,0,0,0
180,7,-102,0,0,0,0,0
181,7,-102,0,0,0,0,0
182,7,-102,0,0,0,0,0
183,7,-102,0,0,0,0,0
184,7,-102,0,0,0,0,0
185,7,-102,0,0,0,0,0
186,7,-102,0,0,0,0,0
187,7,-102,0,0,0,0,0
188,7,-102,0,0,0,0,0
189,7,-102,0,0,0,0,0
190,7,-102,0,0,0,0,0
191,7,-102,0,0,0,0,0
192,7,-102,0,0,0,0,0
193,7,-102,0,0,0,0,0
194,7,-102,0,0,0,0,0
195,7,-102,0,0,0,0,0
196,7,-102,0,0,0,0,0
197,7,-102,0,0,0,0,0
198,7,-102,0,0,0,0,0
199,7,-102,0,0,0,0,0
200,7,-102,0,0,0,0,0
201,7,-102,0,0,0,0,0
202,7,-102,0,0,0,0,0
203,7,-102,0,0,0,0,0
204,7,-102,0,0,0,0,0
205,7,-102,0,0,0,0,0
206,7,-102,0,0,0,0,0
207,7,-102,0,0,0,0,0
208,7,-102,0,0,0,0,0
209,7,-102,0,0,0,0,0
210,7,-102,0,0,0,0,0
211,7,-102,0,0,0,0,0
212,7,-102,0,0,0,0,0
213,7,-102,0,0,0,0,0
214,7,-102,0,0,0,0,0
215,7,-102,0,0,0,0,0
216,7,-102,0,0,0,0,0
217,7,-102,0,0,0,0,0
218,7,-102,0,0,0,0,0
219,7,-102,0,0,0,0,0
220,7,-102,0,0,0,0,0
221,7,-102,0,0,0,0,0
222,7,-102,0,0,0,0,0
223,7,-102,0,0,0,0,0
224,7,-102,0,0,0,0,0
225,7,-102,0,0,0,0,0
226,7,-102,0,0,0,0,0
227,7,-102,0,0,0,0,0
228,7,-102,0,0,0,0,0
229,7,-102,0,0,0,0,0
230,7,-102,0,0,0,0,0
231,7,-102,0,0,0,0,0
232,7,-102,0,0,0,0,0
233,7,-102,0,0,0,0,0
234,7,-102,0,0,0,0,0
235,7,-102,0,0,0,0,0
236,7,-102,0,0,0,0,0
237,7,-102,0,0,0,0,0
238,7,-102,0,0,0,0,0
239,7,-102,0,0,0,0,0
240,7,-102,0,0,0,0,0
241,7,-102,0,0,0,0,0
242,7,-102,0,0,0,0,0
243,7,-102,0,0,0,0,0
244,7,-102,0,0,0,0,0
245,7,-102,0,0,0,0,0
246,7,-102,0,0,0,0,0
247,7,-102,0,0,0,0,0
248,7,-102,0,0,0,0,0
249,7,-102,0,0,0,0,0
250,7,-102,0,0,0,0,0
251,7,-102,0,0,0,0,0
252,7,-102,0,0,0,0,0
253,7,-102,0,0,0,0,0
254,7,-102,0,0,0,0,0
255,7,-102,0,0,0,0,0
256,7,-102,0,0,0,0,0
257,7,-102,0,0,0,0,0
258,7,-102,0,0,0,0,0
259,7,-102,0,0,0,0,0
260,7,-102,0,0,0,0,0
261,7,-102,0,0,0,0,0
262,7,-102,0,0,0,0,0
263,7,-102,0,0,0,0,0
264,7,-102,0,0,0,0,0
265,7,-102,0,0,0,0,0
266,7,-102,0,0,0,0,0
267,7,-102,0,0,0,0,0
268,7,-102,0,0,0,0,0
269,7,-102,0,0,0,0,0
270,7,-102,0,0,0,0,0
271,7,-102,0,0,0,0,0
272,7,-102,0,0,0,0,0
273,7,-102,0,0,0,0,0
274,7,-102,0,0,0,0,0
275,7,-102,0,0,0,0,0
276,7,-102,0,0,0,0,0
277,7,-102,0,0,0,0,0
278,7,-102,0,0,0,0,0
279,7,-102,0,0,0,0,0
280,7,-102,0,0,0,0,0
281,7,-102,0,0,0,0,0
282,7,-102,0,0,0,0,0
283,7,-102,0,0,0,0,0
284,7,-102,0,0,0,0,0
285,7,-102,0,0,0,0,0
286,7,-102,0,0,0,0,0
287,7,-102,0,0,0,0,0
288,7,-102,0,0,0,0,0
289,7,-102,0,0,0,0,0
290,7,-103,0,0,0,0,0
291,7,-103,0,0,0,0,0
292,7,-103,0,0,0,0,0
293,7,-103,0,0,0,0,0
294,7,-103,0,0,0,0,0
295,7,-104,0,0,0,0,0
296,7,-104,0,0,0,0,0
297,7,-104,0,0,0,0,0
298,7,-104,0,0,0,0,0
299,7,-104,0,0,0,0,0
300,7,-104,0,0,0,0,0
301,7,-104,0,0,0,0,0
302,7,-104,0,0,0,0,0
303,7,-104,0,0,0,0,0
304,7,-105,0,0,0,0,0
305,7,-105,0,0,0,0,0
306,7,-105,0,0,0,0,0
307,7,-105,0,0,0,0,0
308,7,-105,0,0,0,0,0
309,7,-105,0,0,0,0,0
310,7,-105,0,0,0,0,0
311,7,-105,0,0,0,0,0
312,7,-105,0,0,0,0,0
313,7,-105,0,0,0,0,0
314,6,-105,0,0,0,0,0
315,6,-105,0,0,0,0,0
316,6,-105,0,0,0,0,0
317,6,-105,0,0,0,0,0
318,6,-106,0,0,0,0,0
319,6,-106,0,0,0,0,0
320,6,-106,0,0,0,0,0
321,5,-106,0,0,0,0,0
322,5,-106,0,0,0,0,0
323,5,-106,0,0,0,0,0
324,5,-106,0,0,0,0,0
325,5,-106,0,0,0,0,0
326,5,-106,0,0,0,0,0
327,5,-107,0,0,0,0,0
328,5,-107,0,0,0,0,0
329,5,-107,0,0,0,0,0
330,5,-107,0,0,0,0,0
331,4,-107,0,0,0,0,0
332,4,-107,0,0,0,0,0
333,4,-108,0,0,0,0,0
334,4,-108,0,0,0,0,0
335,4,-108,0,0,0,0,0
336,4,-108,0,0,0,0,0
337,4,-108,0,0,0,0,0
338,4,-109,0,0,0,0,0
339,4,-109,0,0,0,0,0
340,4,-109,0,0,0,0,0
341,4,-109,0,0,0,0,0
342,4,-109,0,0,0,0,0
343,4,-109,0,0,0,0,0
344,4,-109,0,0,0,0,0
345,4,-109,0,0,0,0,0
346,3,-110,0,0,0,0,0
347,3,-110,0,0,0,0,0
348,3,-110,0,0,0,0,0
349,3,-110,0,0,0,0,0
350,3,-110,0,0,0,0,0
351,3,-110,0,0,0,0,0
352,3,-110,0,0,0,0,0
353,3,-110,0,0,0,0,0
354,3,-110,0,0,0,0,0
355,2,-111,0,0,0,0,0
356,2,-111,0,0,0,0,0
357,2,-111,0,0,0,0,0
358,2,-111,0,0,0,0,0
359,2,-111,0,0,0,0,0
360,2,-111,0,0,0,0,0
361,2,-111,0,0,0,0,0
362,2,-111,0,0,0,0,0
363,1,-112,0,0,0,0,0
364,1,-112,0,0,0,0,0
365,1,-112,0,0,0,0,0
366,1,-112,0,0,0,0,0
367,1,-112,0,0,0,0,0
368,1,-112,0,0,0,0,0
369,1,-112,0,0,0,0,0
370,1,-112,0,0,0,0,0
371,1,-112,0,0,0,0,0
372,1,-112,0,0,0,0,0
373,1,-112,0,0,0,0,0
374,1,-112,0,0,0,0,0
375,1,-112,0,0,0,0,0
376,1,-112,0,0,0,0,0
377,1,-112,0,0,0,0,0
378,1,-112,0,0,0,0,0
379,1,-113,0,0,0,0,0
380,1,-113,0,0,0,0,0
381,0,-113,0,0,0,0,0
382,0,-113,0,0,0,0,0
383,0,-113,0,0,0,0,0
384,0,-114,0,0,0,0,0
385,0,-114,0,0,0,0,0
386,0,-114,0,0,0,0,0
387,0,-114,0,0,0,0,0
388,0,-114,0,0,0,0,0
389,0,-114,0,0,0,0,0
390,0,-114,0,0,0,0,0
391,0,-114,0,0,0,0,0
392,0,-114,0,0,0,0,0
393,0,-114,0,0,0,0,0
394,-1,-114,0,0,0,0,0
395,-1,-114,0,0,0,0,0
396,-1,-115,0,0,0,0,0
397,-1,-115,0,0,0,0,0
398,-1,-115,0,0,0,0,0
399,-1,-115,0,0,0,0,0
400,-1,-115,0,0,0,0,0
401,-1,-115,0,0,0,0,0
402,-1,-115,0,0,0,0,0
403,-1,-115,0,0,0,0,0
404,-1,-116,0,0,0,0,0
405,-1,-116,0,0,0,0,0
406,-1,-116,0,0,0,0,0
407,-1,-116,0,0,0,0,0
408,-1,-116,0,0,0,0,0
409,-1,-116,0,0,0,0,0
410,-1,-116,0,0,0,0,0
411,-1,-117,0,0,0,0,0
412,-2,-117,0,0,0,0,0
413,-2,-117,0,0,0,0,0
414,-2,-117,0,0,0,0,0
415,-2,-117,0,0,0,0,0
416,-2,-117,0,0,0,0,0
417,-2,-117,0,0,0,0,0
418,-2,-117,0,0,0,0,0
419,-2,-118,0,0,0,0,0
420,-2,-118,0,0,0,0,0
421,-2,-118,0,0,0,0,0
422,-2,-119,0,0,0,0,0
423,-2,-119,0,0,0,0,0
424,-2,-119,0,0,0,0,0
425,-2,-119,0,0,0,0,0
426,-2,-119,0,0,0,0,0
427,-2,-120,0,0,0,0,0
428,-3,-120,0,0,0,0,0
429,-3,-120,0,0,0,0,0
430,-3,-120,0,0,0,0,0
431,-3,-120,0,0,0,0,0
432,-3,-120,0,0,0,0,0
433,-3,-120,0,0,0,0,0
434,-3,-121,0,0,0,0,0
435,-3,-121,0,0,0,0,0
436,-3,-121,0,0,0,0,0
437,-3,-121,0,0,0,0,0
438,-3,-121,0,0,0,0,0
439,-3,-121,0,0,0,0,0
440,-3,-121,0,0,0,0,0
441,-3,-121,0,0,0,0,0
442,-3,-122,0,0,0,0,0
443,-3,-122,0,0,0,0,0
444,-3,-122,0,0,0,0,0
445,-3,-122,0,0,0,0,0
446,-3,-122,0,0,0,0,0
447,-3,-122,0,0,0,0,0
448,-3,-122,0,0,0,0,0
449,-3,-122,0,0,0,0,0
450,-3,-123,0,0,0,0,0
451,-4,-123,0,0,0,0,0
452,-4,-123,0,0,0,0,0
453,-4,-123,0,0,0,0,0
454,-4,-123,0,0,0,0,0
455,-4,-123,0,0,0,0,0
456,-4,-123,0,0,0,0,0
457,-4,-124,0,0,0,0,0
458,-4,-124,0,0,0,0,0
459,-4,-124,0,0,0,0,0
460,-4,-124,0,0,0,0,0
461,-4,-124,0,0,0,0,0
462,-4,-124,0,0,0,0,0
463,-4,-124,0,0,0,0,0
464,-4,-124,0,0,0,0,0
465,-4,-124,0,0,0,0,0
466,-4,-124,0,0,0,0,0
467,-4,-124,0,0,0,0,0
468,-4,-124,0,0,0,0,0
469,-4,-124,0,0,0,0,0
470,-4,-124,0,0,0,0,0
471,-4,-124,0,0,0,0,0
472,-4,-124,0,0,0,0,0
473,-4,-124,0,0,0,0,0
474,-4,-124,0,0,0,0,0
475,-4,-124,0,0,0,0,0
476,-4,-124,0,0,0,0,0
477,-4,-124,0,0,0,0,0
478,-4,-124,0,0,0,0,0
479,-4,-124,0,0,0,0,0
480,-4,-124,0,0,0,0,0
481,-4,-124,0,0,0,0,0
482,-4,-124,0,0,0,0,0
483,-4,-124,0,0,0,0,0
484,-4,-124,0,0,0,0,0
485,-4,-124,0,0,0,0,0
486,-4,-124,0,0,0,0,0
487,-4,-124,0,0,0,0,0
488,-4,-124,0,0,0,0,0
489,-4,-124,0,0,0,0,0
490,-4,-124,0,0,0,0,0
491,-4,-124,0,0,0,0,0
492,-4,-124,0,0,0,0,0
493,-4,-124,0,0,0,0,0
494,-4,-124,0,0,0,0,0
495,-4,-124,0,0,0,0,0
496,-4,-124,0,0,0,0,0
497,-4,-124,0,0,0,0,0
498,-4,-124,0,0,0,0,0
499,-4,-124,0,0,0,0,0
500,-4,-124,0,0,0,0,0
501,-4,-124,0,0,0,0,0
502,-4,-124,0,0,0,0,0
503,-4,-124,0,0,0,0,0
504,-4,-124,0,0,0,0,0
505,-4,-124,0,0,0,0,0
506,-4,-124,0,0,0,0,0
507,-4,-124,0,0,0,0,0
508,-4,-124,0,0,0,0,0
509,-4,-124,0,0,0,0,0
510,-4,-124,0,0,0,0,0
511,-4,-124,0,0,0,0,0
512,-4,-124,0,0,0,0,0
513,-4,-124,0,0,0,0,0
514,-4,-124,0,0,0,0,0
515,-4,-124,0,0,0,0,0
516,-4,-124,0,0,0,0,0
517,-4,-124,0,0,0,0,0
518,-4,-124,0,0,0,0,0
519,-4,-124,0,0,0,0,0
520,-4,-124,0,0,0,0,0
521,-4,-124,0,0,0,0,0
522,-4,-124,0,0,0,0,0
523,-4,-124,0,0,0,0,0
524,-4,-124,0,0,0,0,0
525,-4,-124,0,0,0,0,0
526,-4,-124,0,0,0,0,0
527,-4,-124,0,0,0,0,0
528,-4,-124,0,0,0,0,0
529,-4,-124,0,0,0,0,0
530,-4,-124,0,0,0,0,0
531,-4,-124,0,0,0,0,0
532,-4,-124,0,0,0,0,0
533,-4,-124,0,0,0,0,0
534,-4,-124,0,0,0,0,0
535,-4,-124,0,0,0,0,0
536,-4,-124,0,0,0,0,0
537,-4,-124,0,0,0,0,0
538,-4,-124,0,0,0,0,0
539,-4,-124,0,0,0,0,0
540,-4,-124,0,0,0,0,0
541,-4,-124,0,0,0,0,0
542,-4,-124,0,0,0,0,0
543,-4,-124,0,0,0,0,0
544,-4,-124,0,0,0,0,0
545,-4,-124,0,0,0,0,0
546,-4,-124,0,0,0,0,0
547,-4,-124,0,0,0,0,0
548,-4,-124,0,0,0,0,0
549,-4,-124,0,0,0,0,0
550,-4,-124,0,0,0,0,0
551,-4,-124,0,0,0,0,0
552,-4,-124,0,0,0,0,0
553,-4,-124,0,0,0,0,0
554,-4,-124,0,0,0,0,0
555,-4,-124,0,0,0,0,0
556,-4,-124,0,0,0,0,0
557,-4,-124,0,0,0,0,0
558,-4,-124,0,0,0,0,0
559,-4,-124,0,0,0,0,0
560,-4,-124,1,0,0,0,0
561,-4,-124,1,0,0,0,0
562,-4,-124,1,0,0,0,0
563,-4,-124,1,0,0,0,0
564,-4,-124,1,0,0,0,0
565,-4,-124,1,0,0,0,0
566,-4,-124,1,0,0,0,0
567,-4,-124,1,0,0,0,0
568,-4,-124,1,0,0,0,0
569,-4,-124,1,0,0,0,0
570,-4,-124,1,0,0,0,0
571,-4,-124,1,0,0,0,0
572,-4,-124,1,0,0,0,0
573,-4,-124,1,0,0,0,0
574,-4,-124,1,0,0,0,0
575,-4,-124,1,0,0,0,0
576,-4,-124,1,0,0,0,0
577,-4,-124,1,0,0,0,0
578,-4,-124,1,0,0,0,0
579,-4,-124,1,0,0,0,0
580,-4,-124,1,0,0,0,0
581,-4,-124,1,0,0,0,0
582,-4,-124,1,0,0,0,0
583,-4,-124,1,0,0,0,0
584,-4,-124,1,0,0,0,0
585,-4,-124,1,0,0,0,0
586,-4,-124,1,0,0,0,0
587,-4,-124,1,0,0,0,0
588,-4,-124,1,0,0,0,0
589,-4,-124,1,0,0,0,0
590,-4,-124,1,0,0,0,0
591,-4,-124,1,0,0,0,0
592,-4,-124,1,0,0,0,0
593,-4,-124,1,0,0,0,0
594,-4,-124,1,0,0,0,0
595,-4,-124,1,0,0,0,0
596,-4,-124,1,0,0,0,0
597,-4,-124,1,0,0,0,0
598,-4,-124,1,0,0,0,0
599,-4,-124,1,0,0,0,0
600,-4,-124,1,0,0,0,0
601,-4,-124,1,0,0,0,0
602,-4,-124,1,0,0,0,0
603,-4,-124,1,0,0,0,0
604,-4,-124,1,0,0,0,0
605,-4,-124,1,0,0,0,0
606,-4,-124,1,0,0,0,0
607,-4,-124,1,0,0,0,0
608,-4,-124,1,0,0,0,0
609,-4,-124,1,0,0,0,0
610,-4,-124,1,0,0,0,0
611,-4,-124,1,0,0,0,0
612,-4,-124,1,0,0,0,0
613,-4,-124,1,0,0,0,0
614,-4,-124,1,0,0,0,0
615,-4,-124,1,0,0,0,0
616,-4,-124,1,0,0,0,0
617,-4,-124,1,0,0,0,0
618,-4,-124,1,0,0,0,0
619,-4,-124,1,0,0,0,0
620,-4,-124,1,0,0,0,0
621,-4,-124,1,0,0,0,0
622,-4,-124,1,0,0,0,0
623,-4,-124,1,0,0,0,0
624,-4,-124,1,0,0,0,0
625,-4,-124,1,0,0,0,0
626,-4,-124,1,0,0,0,0
627,-4,-124,1,0,0,0,0
628,-4,-124,1,0,0,0,0
629,-4,-124,1,0,0,0,0
630,-4,-124,1,0,0,0,0
631,-4,-124,1,0,0,0,0
632,-4,-124,1,0,0,0,0
633,-4,-124,1,0,0,0,0
634,-4,-124,1,0,0,0,0
635,-4,-124,1,0,0,0,0
636,-4,-124,1,0,0,0,0
637,-4,-124,1,0,0,0,0
638,-4,-124,1,0,0,0,0
639,-4,-124,1,0,0,0,0
640,-4,-124,1,0,0,0,0
641,-4,-124,1,0,0,0,0
642,-4,-124,1,0,0,0,0
643,-4,-124,1,0,0,0,0
644,-4,-124,1,0,0,0,0
645,-4,-124,1,0,0,0,0
646,-4,-124,1,0,0,0,0
647,-4,-124,1,0,0,0,0
648,-4,-124,1,0,0,0,0
649,-4,-124,1,0,0,0,0
650,-4,-124,1,0,0,0,0
651,-4,-124,1,0,0,0,0
652,-4,-124,1,0,0,0,0
653,-4,-124,1,0,0,0,0
654,-4,-124,1,0,0,0,0
655,-4,-124,1,0,0,0,0
656,-4,-124,1,0,0,0,0
657,-4,-124,1,0,0,0,0
658,-4,-124,1,0,0,0,0
659,-4,-124,1,0,0,0,0
660,-4,-124,1,0,0,0,0
661,-4,-124,1,0,0,0,0
662,-4,-124,1,0,0,0,0
663,-4,-124,1,0,0,0,0
664,-4,-124,1,0,0,0,0
665,-4,-124,1,0,0,0,0
666,-4,-124,1,0,0,0,0
667,-4,-124,1,0,0,0,0
668,-4,-124,1,0,0,0,0
669,-4,-124,1,0,0,0,0
670,-4,-124,1,0,0,0,0
671,-4,-124,1,0,0,0,0
672,-4,-124,1,0,0,0,0
673,-4,-124,1,0,0,0,0
674,-4,-124,1,0,0,0,0
675,-4,-124,1,0,0,0,0
676,-4,-124,1,0,0,0,0
677,-4,-124,1,0,0,0,0
678,-4,-124,1,0,0,0,0
679,-4,-124,1,0,0,0,0
680,-4,-124,1,0,0,0,0
681,-4,-124,1,0,0,0,0
682,-4,-124,1,0,0,0,0
683,-4,-124,1,0,0,0,0
684,-4,-123,1,0,0,0,0
685,-4,-123,1,0,0,0,0
686,-4,-123,1,0,0,0,0
687,-4,-123,1,0,0,0,0
688,-4,-123,1,0,0,0,0
689,-5,-123,1,0,0,0,0
690,-5,-123,1,0,0,0,0
691,-5,-123,1,0,0,0,0
692,-5,-123,1,0,0,0,0
693,-5,-123,1,0,0,0,0
694,-5,-123,1,0,0,0,0
695,-5,-123,1,0,0,0,0
696,-6,-123,1,0,0,0,0
697,-6,-123,1,0,0,0,0
698,-6,-123,1,0,0,0,0
699,-6,-123,1,0,0,0,0
700,-6,-123,1,0,0,0,0
701,-6,-123,1,0,0,0,0
702,-6,-123,1,0,0,0,0
703,-6,-123,1,0,0,0,0
704,-6,-123,1,0,0,0,0
705,-6,-123,1,0,0,0,0
706,-6,-122,1,0,0,0,0
707,-6,-122,1,0,0,0,0
708,-6,-122,1,0,0,0,0
709,-6,-122,1,0,0,0,0
710,-7,-122,1,0,0,0,0
711,-7,-122,1,0,0,0,0
712,-7,-122,1,0,0,0,0
713,-7,-122,1,0,0,0,0
714,-7,-122,1,0,0,0,0
715,-8,-122,1,0,0,0,0
716,-8,-121,1,0,0,0,0
717,-8,-121,1,0,0,0,0
718,-8,-121,1,0,0,0,0
719,-8,-121,1,0,0,0,0
720,-8,-121,1,0,0,0,0
721,-8,-121,1,0,0,0,0
722,-8,-121,1,0,0,0,0
723,-8,-121,1,0,0,0,0
724,-8,-121,1,0,0,0,0
725,-8,-121,1,0,0,0,0
726,-8,-121,1,0,0,0,0
727,-9,-121,1,0,0,0,0
728,-9,-121,1,0,0,0,0
729,-9,-121,1,0,0,0,0
730,-9,-120,1,0,0,0,0
731,-9,-120,1,0,0,0,0
732,-9,-120,1,0,0,0,0
733,-9,-120,1,0,0,0,0
734,-9,-120,1,0,0,0,0
735,-10,-120,1,0,0,0,0
736,-10,-120,1,0,0,0,0
737,-10,-120,1,0,0,0,0
738,-10,-120,1,0,0,0,0
739,-10,-120,1,0,0,0,0
740,-10,-120,1,0,0,0,0
741,-10,-120,1,0,0,0,0
742,-10,-120,1,0,0,0,0
743,-10,-120,1,0,0,0,0
744,-11,-120,1,0,0,0,0
745,-11,-120,1,0,0,0,0
746,-11,-120,1,0,0,0,0
747,-11,-119,1,0,0,0,0
748,-12,-119,1,0,0,0,0
749,-12,-119,1,0,0,0,0
750,-12,-119,1,0,0,0,0
751,-12,-119,1,0,0,0,0
752,-12,-119,1,0,0,0,0
753,-12,-119,1,0,0,0,0
754,-12,-119,1,0,0,0,0
755,-13,-119,1,0,0,0,0
756,-13,-119,1,0,0,0,0
757,-13,-119,1,0,0,0,0
758,-13,-119,1,0,0,0,0
759,-13,-118,1,0,0,0,0
760,-13,-118,1,0,0,0,0
761,-13,-118,1,0,0,0,0
762,-14,-118,1,0,0,0,0
763,-14,-117,1,0,0,0,0
764,-14,-117,1,0,0,0,0
765,-15,-116,1,0,0,0,0
766,-15,-116,1,0,0,0,0
767,-15,-116,1,0,0,0,0
768,-15,-116,1,0,0,0,0
769,-15,-116,1,0,0,0,0
770,-15,-116,1,0,0,0,0
771,-15,-116,1,0,0,0,0
772,-15,-116,1,0,0,0,0
773,-15,-116,1,0,0,0,0
774,-15,-116,1,0,0,0,0
775,-15,-116,1,0,0,0,0
776,-15,-116,1,0,0,0,0
777,-15,-116,1,0,0,0,0
778,-15,-116,1,0,0,0,0
779,-15,-116,1,0,0,0,0
780,-15,-115,1,0,0,0,0
781,-15,-115,1,0,0,0,0
782,-15,-115,1,0,0,0,0
783,-15,-115,1,0,0,0,0
784,-15,-115,1,0,0,0,0
785,-15,-115,1,0,0,0,0
786,-15,-115,1,0,0,0,0
787,-15,-115,1,0,0,0,0
788,-15,-115,1,0,0,0,0
789,-15,-115,1,0,0,0,0
790,-15,-115,1,0,0,0,0
791,-15,-115,1,0,0,0,0
792,-15,-115,1,0,0,0,0
793,-15,-115,1,0,0,0,0
794,-15,-115,1,0,0,0,0
795,-15,-115,1,0,0,0,0
796,-15,-115,1,0,0,0,0
797,-15,-115,1,0,0,0,0
798,-15,-115,1,0,0,0,0
799,-15,-115,1,0,0,0,0
800,-15,-115,1,0,0,0,0
801,-15,-115,1,0,0,0,0
802,-15,-114,1,0,0,0,0
803,-15,-114,1,0,0,0,0
804,-15,-114,1,0,0,0,0
805,-15,-114,1,0,0,0,0
806,-15,-114,1,0,0,0,0
807,-15,-114,1,0,0,0,0
808,-15,-114,1,0,0,0,0
809,-15,-114,1,0,0,0,0
810,-15,-114,1,0,0,0,0
811,-15,-114,1,0,0,0,0
812,-15,-114,1,0,0,0,0
813,-15,-114,1,0,0,0,0
814,-15,-114,1,0,0,0,0
815,-15,-114,1,0,0,0,0
816,-15,-114,1,0,0,0,0
817,-15,-114,1,0,0,0,0
818,-15,-114,1,0,0,0,0
819,-15,-113,1,0,0,0,0
820,-15,-113,1,0,0,0,0
821,-15,-113,1,0,0,0,0
822,-15,-113,1,0,0,0,0
823,-15,-113,1,0,0,0,0
824,-15,-113,1,0,0,0,0
825,-15,-113,1,0,0,0,0
826,-15,-113,1,0,0,0,0
827,-15,-112,1,0,0,0,0
828,-15,-112,1,0,0,0,0
829,-15,-112,1,0,0,0,0
830,-15,-112,1,0,0,0,0
831,-15,-112,1,0,0,0,0
832,-15,-112,1,0,0,0,0
833,-15,-112,1,0,0,0,0
834,-15,-112,1,0,0,0,0
835,-15,-112,1,0,0,0,0
836,-15,-112,1,0,0,0,0
837,-15,-111,1,0,0,0,0
838,-15,-111,1,0,0,0,0
839,-14,-111,1,0,0,0,0
840,-14,-111,1,0,0,0,0
841,-14,-111,1,0,0,0,0
842,-14,-111,1,0,0,0,0
843,-14,-111,1,0,0,0,0
844,-14,-111,1,0,0,0,0
845,-14,-110,1,0,0,0,0
846,-13,-110,1,0,0,0,0
847,-13,-110,1,0,0,0,0
848,-13,-110,1,0,0,0,0
849,-13,-110,1,0,0,0,0
850,-13,-110,1,0,0,0,0
851,-13,-110,1,0,0,0,0
852,-13,-109,1,0,0,0,0
853,-13,-109,1,0,0,0,0
854,-12,-109,1,0,0,0,0
855,-12,-109,1,0,0,0,0
856,-12,-109,1,0,0,0,0
857,-12,-109,1,0,0,0,0
858,-11,-109,1,0,0,0,0
859,-11,-109,1,0,0,0,0
860,-11,-109,1,0,0,0,0
861,-11,-109,1,0,0,0,0
862,-11,-109,1,0,0,0,0
863,-11,-108,1,0,0,0,0
864,-10,-108,1,0,0,0,0
865,-10,-108,1,0,0,0,0
866,-10,-108,1,0,0,0,0
867,-10,-108,1,0,0,0,0
868,-10,-108,1,0,0,0,0
869,-10,-108,1,0,0,0,0
870,-9,-108,1,0,0,0,0
871,-9,-108,1,0,0,0,0
872,-9,-108,1,0,0,0,0
873,-9,-108,1,0,0,0,0
874,-9,-107,1,0,0,0,0
875,-9,-107,1,0,0,0,0
876,-9,-107,1,0,0,0,0
877,-9,-107,1,0,0,0,0
878,-9,-107,1,0,0,0,0
879,-9,-107,1,0,0,0,0
880,-9,-107,1,0,0,0,0
881,-8,-107,1,0,0,0,0
882,-8,-107,1,0,0,0,0
883,-8,-107,1,0,0,0,0
884,-8,-107,1,0,0,0,0
885,-8,-107,1,0,0,0,0
886,-8,-107,1,0,0,0,0
887,-8,-107,1,0,0,0,0
888,-8,-107,1,0,0,0,0
889,-8,-107,1,0,0,0,0
890,-8,-107,1,0,0,0,0
891,-8,-107,1,0,0,0,0
892,-8,-106,1,0,0,0,0
893,-8,-106,1,0,0,0,0
894,-8,-106,1,0,0,0,0
895,-8,-106,1,0,0,0,0
896,-7,-106,1,0,0,0,0
897,-7,-106,1,0,0,0,0
898,-7,-106,1,0,0,0,0
899,-7,-106,1,0,0,0,0
900,-7,-106,1,0,0,0,0
901,-7,-106,1,0,0,0,0
902,-7,-106,1,0,0,0,0
903,-7,-106,1,0,0,0,0
904,-7,-106,1,0,0,0,0
905,-7,-106,1,0,0,0,0
906,-7,-106,1,0,0,0,0
907,-7,-105,1,0,0,0,0
908,-6,-105,1,0,0,0,0
909,-6,-105,1,0,0,0,0
910,-6,-105,1,0,0,0,0
911,-6,-105,1,0,0,0,0
912,-6,-105,1,0,0,0,0
913,-6,-105,1,0,0,0,0
914,-6,-105,1,0,0,0,0
915,-6,-105,1,0,0,0,0
916,-6,-105,1,0,0,0,0
917,-6,-105,1,0,0,0,0
918,-6,-105,1,0,0,0,0
919,-6,-105,1,0,0,0,0
920,-6,-105,1,0,0,0,0
921,-6,-105,1,0,0,0,0
922,-6,-105,1,0,0,0,0
923,-6,-105,1,0,0,0,0
924,-6,-105,1,0,0,0,0
925,-6,-105,1,0,0,0,0
926,-6,-105,1,0,0,0,0
927,-6,-105,1,0,0,0,0
928,-6,-105,1,0,0,0,0
929,-6,-105,1,0,0,0,0
930,-6,-105,1,0,0,0,0
931,-6,-105,1,0,0,0,0
932,-6,-105,1,0,0,0,0
933,-6,-105,1,0,0,0,0
934,-6,-105,1,0,0,0,0
935,-6,-105,1,0,0,0,0
936,-6,-105,1,0,0,0,0
937,-6,-105,1,0,0,0,0
938,-6,-105,1,0,0,0,0
939,-6,-105,1,0,0,0,0
940,-6,-105,1,0,0,0,0
941,-6,-105,1,0,0,0,0
942,-6,-105,1,0,0,0,0
943,-6,-105,1,0,0,0,0
944,-6,-105,1,0,0,0,0
945,-6,-105,1,0,0,0,0
946,-6,-105,1,0,0,0,0
947,-6,-105,1,0,0,0,0
948,-6,-105,1,0,0,0,0
949,-6,-105,1,0,0,0,0
950,-6,-105,1,0,0,0,0
951,-6,-105,1,0,0,0,0
952,-6,-105,1,0,0,0,0
953,-6,-105,1,0,0,0,0
954,-6,-105,1,0,0,0,0
955,-6,-105,1,0,0,0,0
956,-6,-105,1,0,0,0,0
957,-6,-105,1,0,0,0,0
958,-6,-105,1,0,0,0,0
959,-6,-105,1,0,0,0,0
960,-6,-105,1,0,0,0,0
961,-6,-105,1,0,0,0,0
962,-6,-105,1,0,0,0,0
963,-6,-105,1,0,0,0,0
964,-6,-105,1,0,0,0,0
965,-6,-105,1,0,0,0,0
966,-6,-105,1,0,0,0,0
967,-6,-105,1,0,0,0,0
968,-6,-105,1,0,0,0,0
969,-6,-105,1,0,0,0,0
970,-6,-105,1,0,0,0,0
971,-6,-105,1,0,0,0,0
972,-6,-105,1,0,0,0,0
973,-6,-105,1,0,0,0,0
974,-6,-105,1,0,0,0,0
975,-6,-105,1,0,0,0,0
976,-6,-105,1,0,0,0,0
977,-6,-105,1,0,0,0,0
978,-6,-105,1,0,0,0,0
979,-6,-105,1,0,0,0,0
980,-6,-105,1,0,0,0,0
981,-6,-105,1,0,0,0,0
982,-6,-105,1,0,0,0,0
983,-6,-105,1,0,0,0,0
984,-6,-105,1,0,0,0,0
985,-6,-105,1,0,0,0,0
986,-6,-105,1,0,0,0,0
987,-6,-105,1,0,0,0,0
988,-6,-105,1,0,0,0,0
989,-6,-105,1,0,0,0,0
990,-6,-105,1,0,0,0,0
991,-6,-105,1,0,0,0,0
992,-6,-105,1,0,0,0,0
993,-6,-105,1,0,0,0,0
994,-6,-105,1,0,0,0,0
995,-6,-105,1,0,0,0,0
996,-6,-105,1,0,0,0,0
997,-6,-105,1,0,0,0,0
998,-6,-105,1,0,0,0,0
999,-6,-105,1,0,0,0,0
1000,-6,-105,1,0,0,0,0
1001,-6,-105,1,0,0,0,0
1002,-6,-105,1,0,0,0,0
1003,-6,-105,1,0,0,0,0
1004,-6,-105,1,0,0,0,0
1005,-6,-105,1,0,0,0,0
1006,-6,-105,1,0,0,0,0
1007,-6,-105,1,0,0,0,0
1008,-6,-105,1,0,0,0,0
1009,-6,-105,1,0,0,0,0
1010,-6,-105,1,0,0,0,0
1011,-6,-105,1,0,0,0,0
1012,-6,-105,1,0,0,0,0
1013,-6,-105,1,0,0,0,0
1014,-6,-105,1,0,0,0,0
1015,-6,-105,1,0,0,0,0
1016,-6,-105,1,0,0,0,0
1017,-6,-105,1,0,0,0,0
1018,-6,-105,1,0,0,0,0
1019,-6,-105,1,0,0,0,0
1020,-6,-105,1,0,0,0,0
1021,-5,-105,1,0,0,0,0
1022,-5,-105,1,0,0,0,0
1023,-5,-105,1,0,0,0,0
1024,-5,-105,1,0,0,0,0
1025,-5,-105,1,0,0,0,0
1026,-5,-105,1,0,0,0,0
1027,-5,-105,1,0,0,0,0
1028,-5,-105,1,0,0,0,0
1029,-5,-105,1,0,0,0,0
1030,-5,-105,1,0,0,0,0
1031,-5,-105,1,0,0,0,0
1032,-5,-104,1,0,0,0,0
1033,-5,-104,1,0,0,0,0
1034,-5,-104,1,0,0,0,0
1035,-5,-104,1,0,0,0,0
1036,-5,-104,1,0,0,0,0
1037,-5,-104,1,0,0,0,0
1038,-5,-104,1,0,0,0,0
1039,-5,-104,1,0,0,0,0
1040,-5,-104,1,0,0,0,0
1041,-5,-104,1,0,0,0,0
1042,-5,-104,1,0,0,0,0
1043,-5,-104,1,0,0,0,0
1044,-5,-104,1,0,0,0,0
1045,-5,-104,1,0,0,0,0
1046,-5,-104,1,0,0,0,0
1047,-5,-104,1,0,0,0,0
1048,-5,-104,1,0,0,0,0
1049,-5,-104,1,0,0,0,0
1050,-5,-104,1,0,0,0,0
1051,-5,-104,1,0,0,0,0
1052,-5,-104,1,0,0,0,0
1053,-5,-103,1,0,0,0,0
1054,-5,-103,1,0,0,0,0
1055,-5,-103,1,0,0,0,0
1056,-5,-103,1,0,0,0,0
1057,-5,-103,1,0,0,0,0
1058,-5,-103,1,0,0,0,0
1059,-5,-103,1,0,0,0,0
1060,-5,-103,1,0,0,0,0
1061,-5,-103,1,0,0,0,0
1062,-4,-103,1,0,0,0,0
1063,-4,-103,1,0,0,0,0
1064,-4,-103,1,0,0,0,0
1065,-4,-103,1,0,0,0,0
1066,-4,-103,1,0,0,0,0
1067,-4,-103,1,0,0,0,0
1068,-4,-103,1,0,0,0,0
1069,-4,-103,1,0,0,0,0
1070,-4,-103,1,0,0,0,0
1071,-4,-103,1,0,0,0,0
1072,-4,-103,1,0,0,0,0
1073,-4,-103,1,0,0,0,0
1074,-4,-103,1,0,0,0,0
1075,-4,-103,1,0,0,0,0
1076,-4,-103,1,0,0,0,0
1077,-4,-103,1,0,0,0,0
1078,-4,-103,1,0,0,0,0
1079,-4,-103,1,0,0,0,0
1080,-4,-103,1,0,0,0,0
1081,-4,-103,1,0,0,0,0
1082,-4,-103,1,0,0,0,0
1083,-4,-102,1,0,0,0,0
1084,-4,-102,1,0,0,0,0
1085,-4,-102,1,0,0,0,0
1086,-4,-102,1,0,0,0,0
1087,-4,-102,1,0,0,0,0
1088,-4,-102,1,0,0,0,0
1089,-4,-102,1,0,0,0,0
1090,-4,-102,1,0,0,0,0
1091,-4,-102,1,0,0,0,0
1092,-4,-102,1,0,0,0,0
1093,-4,-102,1,0,0,0,0
1094,-4,-102,1,0,0,0,0
1095,-4,-102,1,0,0,0,0
1096,-4,-102,1,0,0,0,0
1097,-4,-102,1,0,0,0,0
1098,-4,-102,1,0,0,0,0
1099,-4,-102,1,0,0,0,0
1100,-4,-102,1,0,0,0,0
1101,-4,-102,1,0,0,0,0
1102,-4,-102,1,0,0,0,0
1103,-4,-102,1,0,0,0,0
1104,-4,-102,1,0,0,0,0
1105,-4,-102,1,0,0,0,0
