t,x,y,fh,fv,r,s,frame:
0,425,112,0,0,0,-28,1
1,425,112,0,0,0,-28,1
2,425,112,0,0,0,-28,1
3,425,112,0,0,0,-28,1
4,425,112,0,0,0,-28,1
5,425,112,0,0,0,-28,1
6,424,112,0,0,0,-28,1
7,424,112,0,0,0,-28,1
8,423,112,0,0,0,-28,1
9,421,112,0,0,0,-28,1
10,420,112,0,0,0,-28,1
11,418,112,0,0,0,-28,1
12,414,113,0,0,0,-28,1
13,412,113,0,0,0,-28,1
14,409,113,0,0,0,-28,1
15,407,113,0,0,0,-28,1
16,405,114,0,0,0,-28,1
17,403,114,0,0,0,-28,1
18,399,114,0,0,0,-28,1
19,395,114,0,0,0,-28,1
20,391,114,0,0,0,-28,1
21,386,114,0,0,0,-28,1
22,381,115,0,0,0,-28,1
23,376,115,0,0,0,-28,1
24,370,115,0,0,0,-28,1
25,364,115,0,0,0,-28,1
26,357,115,0,0,0,-28,1
27,350,115,0,0,0,-28,1
28,344,115,0,0,0,-28,1
29,335,115,0,0,0,-28,1
30,327,115,0,0,0,-28,1
31,319,115,0,0,0,-28,1
32,309,115,0,0,0,-28,1
33,299,115,0,0,0,-28,1
34,288,115,0,0,0,-28,1
35,274,115,0,0,0,-28,1
36,262,115,0,0,0,-28,1
37,250,115,0,0,0,-28,1
38,240,115,0,0,0,-28,1
39,230,115,0,0,0,-28,1
40,220,115,0,0,0,-28,1
41,211,115,0,0,0,-28,1
42,202,115,0,0,0,-28,1
43,193,115,0,0,0,-28,1
44,185,115,0,0,0,-28,1
45,178,115,0,0,0,-28,1
46,163,115,0,0,0,-28,1
47,152,115,0,0,0,-28,1
48,147,115,0,0,0,-28,1
49,139,115,0,0,0,-28,1
50,126,115,0,0,0,-28,1
51,112,115,0,0,0,-28,1
52,104,115,0,0,0,-28,1
53,96,115,0,0,0,-28,1
54,88,115,0,0,0,-28,1
55,81,115,0,0,0,-28,1
56,77,115,0,0,0,-28,1
57,71,115,0,0,0,-28,1
58,67,115,0,0,0,-28,1
59,62,115,0,0,0,-28,1
60,59,116,0,0,0,-28,1
61,56,116,0,0,0,-28,1
62,53,116,0,0,0,-28,1
63,52,116,0,0,0,-28,1
64,50,116,0,0,0,-28,1
65,48,116,0,0,0,-28,1
66,47,116,0,0,0,-28,1
67,47,116,0,0,0,-28,1
68,47,116,0,0,0,-28,1
69,47,116,0,0,0,-28,1
70,47,116,0,0,0,-28,1
71,47,116,0,0,0,-28,1
72,47,116,0,0,0,-28,1
73,47,116,0,0,0,-28,1
74,47,116,0,0,0,-28,1
75,47,116,0,0,0,-28,1
76,47,116,0,0,0,-28,1
77,47,116,0,0,0,-28,1
78,47,116,0,0,0,-28,1
79,47,116,0,0,0,-28,1
80,47,116,0,0,0,-28,1
81,47,116,0,0,0,-28,1
82,47,116,0,0,0,-28,1
83,47,116,0,0,0,-28,1
84,47,116,0,0,0,-28,1
85,47,116,0,0,0,-28,1
86,47,116,0,0,0,-28,1
87,47,116,0,0,0,-28,1
88,47,116,0,0,0,-28,1
89,47,116,0,0,0,-28,1
90,47,116,0,0,0,-28,1
91,47,116,0,0,0,-28,1
92,47,116,0,0,0,-28,1
93,47,116,0,0,0,-28,1
94,47,116,0,0,0,-28,1
95,47,116,0,0,0,-28,1
96,47,116,0,0,0,-28,1
97,47,116,0,0,0,-28,1
98,47,116,0,0,0,-28,1
99,47,116,0,0,0,-28,1
100,47,116,0,0,0,-28,1
101,47,116,0,0,0,-28,1
102,47,116,0,0,0,-28,1
103,47,116,0,0,0,-28,1
104,47,116,0,0,0,-28,1
105,47,116,0,0,0,-28,1
106,47,116,0,0,0,-28,1
107,47,116,0,0,0,-28,1
108,47,116,0,0,0,-28,1
109,47,116,0,0,0,-28,1
110,47,116,0,0,0,-28,1
111,47,116,0,0,0,-28,1
112,47,116,0,0,0,-28,1
113,47,116,0,0,0,-28,1
114,47,116,0,0,0,-28,1
115,47,116,0,0,0,-28,1
116,47,116,0,0,0,-28,1
117,47,116,0,0,0,-28,1
118,47,116,0,0,0,-28,1
119,47,116,0,0,0,-28,1
120,47,116,0,0,0,-28,1
121,47,116,0,0,0,-28,1
122,47,116,0,0,0,-28,1
123,47,116,0,0,0,-28,1
124,47,116,0,0,0,-28,1
125,47,116,0,0,0,-28,1
126,47,116,0,0,0,-28,1
127,47,116,0,0,0,-28,1
128,47,116,0,0,0,-28,1
129,47,116,0,0,0,-28,1
130,47,116,0,0,0,-28,1
131,47,116,0,0,0,-28,1
132,47,116,0,0,0,-28,1
133,47,116,0,0,0,-28,1
134,47,116,0,0,0,-28,1
135,47,116,0,0,0,-28,1
136,47,116,0,0,0,-28,1
137,47,116,0,0,0,-28,1
138,47,116,0,0,0,-28,1
139,47,116,0,0,0,-28,1
140,47,116,0,0,0,-28,1
141,47,116,0,0,0,-28,1
142,47,116,0,0,0,-28,1
143,47,116,0,0,0,-28,1
144,47,116,0,0,0,-28,1
145,47,116,0,0,0,-28,1
146,47,116,0,0,0,-28,1
147,47,116,0,0,0,-28,1
148,47,116,0,0,0,-28,1
149,47,116,0,0,0,-28,1
150,47,116,0,0,0,-28,1
151,47,116,0,0,0,-28,1
152,47,116,0,0,0,-28,1
153,47,116,0,0,0,-28,1
154,47,116,0,0,0,-28,1
155,47,116,0,0,0,-28,1
156,47,116,0,0,0,-28,1
157,47,116,0,0,0,-28,1
158,47,116,0,0,0,-28,1
159,47,116,0,0,0,-28,1
160,47,116,0,0,0,-28,1
161,47,116,0,0,0,-28,1
162,47,116,0,0,0,-28,1
163,47,116,0,0,0,-28,1
164,47,116,0,0,0,-28,1
165,47,116,0,0,0,-28,1
166,47,116,0,0,0,-28,1
167,47,116,0,0,0,-28,1
168,47,116,0,0,0,-28,1
169,47,116,0,0,0,-28,1
170,47,116,0,0,0,-28,1
171,47,116,0,0,0,-28,1
172,47,116,0,0,0,-28,1
173,47,116,0,0,0,-28,1
174,47,116,0,0,0,-28,1
175,47,116,0,0,0,-28,1
176,47,116,0,0,0,-28,1
177,47,116,0,0,0,-28,1
178,47,116,0,0,0,-28,1
179,47,116,0,0,0,-28,1
180,47,116,0,0,0,-28,1
181,47,116,0,0,0,-28,1
182,47,116,0,0,0,-28,1
183,47,116,0,0,0,-28,1
184,47,116,0,0,0,-28,1
185,47,116,0,0,0,-28,1
186,47,116,0,0,0,-28,1
187,47,116,0,0,0,-28,1
188,47,116,0,0,0,-28,1
189,47,116,0,0,0,-28,1
190,47,116,0,0,0,-28,1
191,47,116,0,0,0,-28,1
192,47,116,0,0,0,-28,1
193,47,116,0,0,0,-28,1
194,47,116,0,0,0,-28,1
195,47,116,0,0,0,-28,1
196,47,116,0,0,0,-28,1
197,47,116,0,0,0,-28,1
198,47,116,0,0,0,-28,1
199,47,116,0,0,0,-28,1
200,47,116,0,0,0,-28,1
201,47,116,0,0,0,-28,1
202,47,116,0,0,0,-28,1
203,47,116,0,0,0,-28,1
204,47,116,0,0,0,-28,1
205,47,116,0,0,0,-28,1
206,47,116,0,0,0,-28,1
207,47,116,0,0,0,-28,1
208,47,116,0,0,0,-28,1
209,47,116,0,0,0,-28,1
210,47,116,0,0,0,-28,1
211,47,116,0,0,0,-28,1
212,47,116,0,0,0,-28,1
213,47,116,0,0,0,-28,1
214,47,116,0,0,0,-28,1
215,47,116,0,0,0,-28,1
216,47,116,0,0,0,-28,1
217,47,116,0,0,0,-28,1
218,47,116,0,0,0,-28,1
219,47,116,0,0,0,-28,1
220,47,116,0,0,0,-28,1
221,47,116,0,0,0,-28,1
222,47,116,0,0,0,-28,1
223,47,116,0,0,0,-28,1
