t,x,y,fh,fv,r,s,frame:
0,-547,278,0,0,0,-108,0
1,-547,278,0,0,0,-108,0
2,-547,278,0,0,0,-108,0
3,-547,278,0,0,0,-108,0
4,-547,279,0,0,0,-108,0
5,-547,279,0,0,0,-108,0
6,-547,279,0,0,0,-108,0
7,-547,279,0,0,0,-108,0
8,-547,279,0,0,0,-108,0
9,-547,279,0,0,0,-108,0
10,-547,279,0,0,0,-108,0
11,-547,279,0,0,0,-108,0
12,-547,279,0,0,0,-108,0
13,-547,279,0,0,0,-108,0
14,-547,279,0,0,0,-108,0
15,-547,279,0,0,0,-108,0
16,-547,279,0,0,0,-108,0
17,-547,279,0,0,0,-108,0
18,-547,279,0,0,0,-108,0
19,-547,279,0,0,0,-108,0
20,-547,279,0,0,0,-108,0
21,-547,279,0,0,0,-108,0
22,-547,279,0,0,0,-108,0
23,-547,279,0,0,0,-108,0
24,-547,279,0,0,0,-108,0
25,-547,279,0,0,0,-108,0
26,-547,279,0,0,0,-108,0
27,-547,279,0,0,0,-108,0
28,-547,279,0,0,0,-108,0
29,-547,279,0,0,0,-108,0
30,-547,279,0,0,0,-108,0
31,-547,279,0,0,0,-108,0
32,-547,279,0,0,0,-108,0
33,-547,279,0,0,0,-108,0
34,-547,279,0,0,0,-108,0
35,-547,279,0,0,0,-108,0
36,-547,279,0,0,0,-108,0
37,-547,279,0,0,0,-108,0
38,-547,279,0,0,0,-108,0
39,-547,279,0,0,0,-108,0
40,-547,279,0,0,0,-108,0
41,-547,279,0,0,0,-108,0
42,-547,279,0,0,0,-108,0
43,-547,279,0,0,0,-108,0
44,-547,279,0,0,0,-108,0
45,-547,279,0,0,0,-108,0
46,-547,279,0,0,0,-108,0
47,-547,279,0,0,0,-108,0
48,-547,279,0,0,0,-108,0
49,-547,279,0,0,0,-108,0
50,-547,279,0,0,0,-108,0
51,-547,279,0,0,0,-108,0
52,-547,279,0,0,0,-108,0
53,-547,279,0,0,0,-108,0
54,-547,279,0,0,0,-108,0
55,-547,279,0,0,0,-108,0
56,-547,279,0,0,0,-108,0
57,-547,279,0,0,0,-108,0
58,-547,279,0,0,0,-108,0
59,-547,279,0,0,0,-108,0
60,-547,279,0,0,0,-108,0
61,-547,279,0,0,0,-108,0
62,-547,279,0,0,0,-108,0
63,-547,279,0,0,0,-108,0
64,-547,279,0,0,0,-108,0
65,-547,279,0,0,0,-108,0
66,-547,279,0,0,0,-108,0
67,-547,279,0,0,0,-108,0
68,-547,279,0,0,0,-108,0
69,-547,279,0,0,0,-108,0
70,-547,279,0,0,0,-108,0
71,-547,279,0,0,0,-108,0
72,-547,279,0,0,0,-108,0
73,-547,279,0,0,0,-108,0
74,-547,279,0,0,0,-108,0
75,-547,279,0,0,0,-108,0
76,-547,279,0,0,0,-108,0
77,-547,279,0,0,0,-108,0
78,-547,279,0,0,0,-108,0
79,-547,279,0,0,0,-108,0
80,-547,279,0,0,0,-108,0
81,-547,279,0,0,0,-108,0
82,-547,279,0,0,0,-108,0
83,-547,279,0,0,0,-108,0
84,-547,279,0,0,0,-108,0
85,-547,279,0,0,0,-108,0
86,-547,279,0,0,0,-108,0
87,-547,279,0,0,0,-108,0
88,-547,279,0,0,0,-108,0
89,-547,279,0,0,0,-108,0
90,-547,279,0,0,0,-108,0
91,-547,279,0,0,0,-108,0
92,-547,279,0,0,0,-108,0
93,-547,279,0,0,0,-108,0
94,-547,279,0,0,0,-108,0
95,-547,279,0,0,0,-108,0
96,-547,279,0,0,0,-108,0
97,-547,279,0,0,0,-108,0
98,-547,279,0,0,0,-108,0
99,-547,279,0,0,0,-108,0
100,-547,279,0,0,0,-108,0
101,-547,279,0,0,0,-108,0
102,-547,279,0,0,0,-108,0
103,-547,279,0,0,0,-108,0
104,-547,279,0,0,0,-108,0
105,-547,279,0,0,0,-108,0
106,-547,279,0,0,0,-108,0
107,-547,279,0,0,0,-108,0
108,-547,279,0,0,0,-108,0
109,-547,279,0,0,0,-108,0
110,-547,279,0,0,0,-108,0
111,-547,279,0,0,0,-108,0
112,-547,279,0,0,0,-108,0
113,-547,279,0,0,0,-108,0
114,-547,279,0,0,0,-108,0
115,-547,279,0,0,0,-108,0
116,-547,279,0,0,0,-108,0
117,-547,279,0,0,0,-108,0
118,-547,279,0,0,0,-108,0
119,-547,279,0,0,0,-108,0
120,-547,279,0,0,0,-108,0
121,-547,279,0,0,0,-108,0
122,-547,279,0,0,0,-108,0
123,-547,279,0,0,0,-108,0
124,-547,279,0,0,0,-108,0
125,-547,279,0,0,0,-108,0
126,-547,279,0,0,0,-108,0
127,-547,279,0,0,0,-108,0
128,-547,279,0,0,0,-108,0
129,-547,279,0,0,0,-108,0
130,-547,279,0,0,0,-108,0
131,-547,279,0,0,0,-108,0
132,-547,279,0,0,0,-108,0
133,-547,279,0,0,0,-108,0
134,-547,279,0,0,0,-108,0
135,-547,279,0,0,0,-108,0
136,-547,279,0,0,0,-108,0
137,-547,279,0,0,0,-108,0
138,-547,279,0,0,0,-108,0
139,-547,279,0,0,0,-108,0
140,-547,279,0,0,0,-108,0
141,-547,279,0,0,0,-108,0
142,-547,279,0,0,0,-108,0
143,-547,279,0,0,0,-108,0
144,-547,279,0,0,0,-108,0
145,-547,279,0,0,0,-108,0
146,-547,279,0,0,0,-108,0
147,-547,279,0,0,0,-108,0
148,-547,279,0,0,0,-108,0
149,-547,279,0,0,0,-108,0
150,-547,279,0,0,0,-108,0
151,-547,279,0,0,0,-108,0
152,-547,279,0,0,0,-108,0
153,-547,279,0,0,0,-108,0
154,-547,279,0,0,0,-108,0
155,-547,279,0,0,0,-108,0
156,-547,279,0,0,0,-108,0
157,-547,279,0,0,0,-108,0
158,-547,279,0,0,0,-108,0
159,-547,279,0,0,0,-108,0
160,-547,279,0,0,0,-108,0
161,-547,279,0,0,0,-108,0
162,-547,279,0,0,0,-108,0
163,-547,279,0,0,0,-108,0
164,-547,279,0,0,0,-108,0
165,-547,279,0,0,0,-108,0
166,-547,279,0,0,0,-108,0
167,-547,279,0,0,0,-108,0
168,-547,279,0,0,0,-108,0
169,-547,279,0,0,0,-108,0
170,-547,279,0,0,0,-108,0
171,-547,279,0,0,0,-108,0
172,-547,279,0,0,0,-108,0
173,-547,279,0,0,0,-108,0
174,-547,279,0,0,0,-108,0
175,-547,279,0,0,0,-108,0
176,-547,279,0,0,0,-108,0
177,-547,279,0,0,0,-108,0
178,-547,279,0,0,0,-108,0
179,-547,279,0,0,0,-108,0
180,-547,279,0,0,0,-108,0
181,-547,279,0,0,0,-108,0
182,-547,279,0,0,0,-108,0
183,-547,279,0,0,0,-108,0
184,-547,279,0,0,0,-108,0
185,-547,279,0,0,0,-108,0
186,-547,279,0,0,0,-108,0
187,-547,279,0,0,0,-108,0
188,-547,279,0,0,0,-108,0
189,-547,279,0,0,0,-108,0
190,-547,279,0,0,0,-108,0
191,-547,279,0,0,0,-108,0
192,-547,279,0,0,0,-108,0
193,-547,279,0,0,0,-108,0
194,-547,279,0,0,0,-108,0
195,-547,279,0,0,0,-108,0
196,-547,279,0,0,0,-108,0
197,-547,279,0,0,0,-108,0
198,-547,279,0,0,0,-108,0
199,-547,279,0,0,0,-108,0
200,-547,279,0,0,0,-108,0
201,-547,279,0,0,0,-108,0
202,-547,279,0,0,0,-108,0
203,-547,279,0,0,0,-108,0
204,-547,279,0,0,0,-108,0
205,-547,279,0,0,0,-108,0
206,-547,279,0,0,0,-108,0
207,-547,279,0,0,0,-108,0
208,-547,279,0,0,0,-108,0
209,-547,279,0,0,0,-108,0
210,-547,279,0,0,0,-108,0
211,-547,279,0,0,0,-108,0
212,-547,279,0,0,0,-108,0
213,-547,279,0,0,0,-108,0
214,-547,279,0,0,0,-108,0
215,-547,279,0,0,0,-108,0
216,-547,279,0,0,0,-108,0
217,-547,279,0,0,0,-108,0
218,-547,279,0,0,0,-108,0
219,-547,279,0,0,0,-108,0
220,-547,279,0,0,0,-108,0
221,-547,279,0,0,0,-108,0
222,-547,279,0,0,0,-108,0
223,-547,279,0,0,0,-108,0
224,-547,279,0,0,0,-108,0
225,-547,279,0,0,0,-108,0
226,-547,279,0,0,0,-108,0
227,-547,279,0,0,0,-108,0
228,-547,279,0,0,0,-108,0
229,-547,279,0,0,0,-108,0
230,-547,279,0,0,0,-108,0
231,-547,279,0,0,0,-108,0
232,-547,279,0,0,0,-108,0
233,-547,279,0,0,0,-108,0
234,-547,279,0,0,0,-108,0
235,-547,279,0,0,0,-108,0
236,-547,279,0,0,0,-108,0
237,-547,279,0,0,0,-108,0
238,-547,279,0,0,0,-108,0
239,-547,279,0,0,0,-108,0
240,-547,279,0,0,0,-108,0
241,-547,279,0,0,0,-108,0
242,-547,279,0,0,0,-108,0
243,-547,279,0,0,0,-108,0
244,-547,279,0,0,0,-108,0
245,-547,279,0,0,0,-108,0
246,-547,279,0,0,0,-108,0
247,-547,279,0,0,0,-108,0
248,-547,279,0,0,0,-108,0
249,-547,279,0,0,0,-108,0
250,-547,279,0,0,0,-108,0
251,-547,279,0,0,0,-108,0
252,-547,279,0,0,0,-108,0
253,-547,279,0,0,0,-108,0
254,-547,279,0,0,0,-108,0
255,-547,279,0,0,0,-108,0
256,-547,279,0,0,0,-108,0
257,-547,279,0,0,0,-108,0
258,-547,279,0,0,0,-108,0
259,-547,279,0,0,0,-108,0
260,-547,279,0,0,0,-108,0
261,-547,279,0,0,0,-108,0
262,-547,279,0,0,0,-108,0
263,-547,279,0,0,0,-108,0
264,-547,279,0,0,0,-108,0
265,-547,279,0,0,0,-108,0
266,-547,279,0,0,0,-108,0
267,-547,279,0,0,0,-108,0
268,-547,279,0,0,0,-108,0
269,-547,279,0,0,0,-108,0
270,-547,279,0,0,0,-108,0
271,-547,279,0,0,0,-108,0
272,-547,279,0,0,0,-108,0
273,-547,279,0,0,0,-108,0
274,-547,279,0,0,0,-108,0
275,-547,279,0,0,0,-108,0
276,-547,279,0,0,0,-108,0
277,-547,279,0,0,0,-108,0
278,-547,279,0,0,0,-108,0
279,-547,279,0,0,0,-108,0
280,-547,279,0,0,0,-108,0
281,-547,279,0,0,0,-108,0
282,-547,279,0,0,0,-108,0
283,-547,279,0,0,0,-108,0
284,-547,279,0,0,0,-108,0
285,-547,279,0,0,0,-108,0
286,-547,279,0,0,0,-108,0
287,-547,279,0,0,0,-108,0
288,-547,279,0,0,0,-108,0
289,-547,279,0,0,0,-108,0
290,-547,279,0,0,0,-108,0
291,-547,279,0,0,0,-108,0
292,-547,279,0,0,0,-108,0
293,-547,279,0,0,0,-108,0
294,-547,279,0,0,0,-108,0
295,-547,279,0,0,0,-108,0
296,-547,279,0,0,0,-108,0
297,-547,279,0,0,0,-108,0
298,-547,279,0,0,0,-108,0
299,-547,279,0,0,0,-108,0
300,-547,279,0,0,0,-108,0
301,-547,279,0,0,0,-108,0
302,-547,279,0,0,0,-108,0
303,-547,279,0,0,0,-108,0
304,-547,279,0,0,0,-108,0
305,-547,279,0,0,0,-108,0
306,-547,279,0,0,0,-108,0
307,-547,279,0,0,0,-108,0
308,-547,279,0,0,0,-108,0
309,-547,279,0,0,0,-108,0
310,-547,279,0,0,0,-108,0
311,-547,279,0,0,0,-108,0
312,-547,279,0,0,0,-108,0
313,-547,279,0,0,0,-108,0
314,-547,279,0,0,0,-108,0
315,-547,279,0,0,0,-108,0
316,-547,279,0,0,0,-108,0
317,-547,279,0,0,0,-108,0
318,-547,279,0,0,0,-108,0
319,-547,279,0,0,0,-108,0
320,-547,279,0,0,0,-108,0
321,-547,279,0,0,0,-108,0
322,-547,279,0,0,0,-108,0
323,-547,279,0,0,0,-108,0
324,-547,279,0,0,0,-108,0
325,-547,279,0,0,0,-108,0
326,-547,279,0,0,0,-108,0
327,-547,279,0,0,0,-108,0
328,-547,279,0,0,0,-108,0
329,-547,279,0,0,0,-108,0
330,-547,279,0,0,0,-108,0
331,-547,279,0,0,0,-108,0
332,-547,279,0,0,0,-108,0
333,-547,279,0,0,0,-108,0
334,-547,279,0,0,0,-108,0
335,-547,279,0,0,0,-108,0
336,-547,279,0,0,0,-108,0
337,-547,279,0,0,0,-108,0
338,-547,279,0,0,0,-108,0
339,-547,279,0,0,0,-108,0
340,-547,279,0,0,0,-108,0
341,-547,279,0,0,0,-108,0
342,-547,279,0,0,0,-108,0
343,-547,279,0,0,0,-108,0
344,-547,279,0,0,0,-108,0
345,-547,279,0,0,0,-108,0
346,-547,279,0,0,0,-108,0
347,-547,279,0,0,0,-108,0
348,-547,279,0,0,0,-108,0
349,-547,279,0,0,0,-108,0
350,-547,279,0,0,0,-108,0
351,-547,279,0,0,0,-108,0
352,-547,279,0,0,0,-108,0
353,-547,279,0,0,0,-108,0
354,-547,279,0,0,0,-108,0
355,-547,279,0,0,0,-108,0
356,-547,279,0,0,0,-108,0
357,-547,279,0,0,0,-108,0
358,-547,279,0,0,0,-108,0
359,-547,279,0,0,0,-108,0
360,-547,279,0,0,0,-108,0
361,-547,279,0,0,0,-108,0
362,-547,279,0,0,0,-108,0
363,-547,279,0,0,0,-108,0
364,-547,279,0,0,0,-108,0
365,-547,279,0,0,0,-108,0
366,-547,279,0,0,0,-108,0
367,-547,279,0,0,0,-108,0
368,-547,279,0,0,0,-108,0
369,-547,279,0,0,0,-108,0
370,-547,279,0,0,0,-108,0
371,-547,279,0,0,0,-108,0
372,-547,279,0,0,0,-108,0
373,-547,279,0,0,0,-108,0
374,-547,279,0,0,0,-108,0
375,-547,279,0,0,0,-108,0
376,-547,279,0,0,0,-108,0
377,-547,279,0,0,0,-108,0
378,-547,279,0,0,0,-108,0
379,-547,279,0,0,0,-108,0
380,-547,279,0,0,0,-108,0
381,-547,279,0,0,0,-108,0
382,-547,279,0,0,0,-108,0
383,-547,279,0,0,0,-108,0
384,-547,279,0,0,0,-108,0
385,-547,279,0,0,0,-108,0
386,-547,279,0,0,0,-108,0
387,-547,279,0,0,0,-108,0
388,-547,279,0,0,0,-108,0
389,-547,279,0,0,0,-108,0
390,-547,279,0,0,0,-108,0
391,-547,279,0,0,0,-108,0
392,-547,278,0,0,0,-108,0
393,-547,278,0,0,0,-108,0
394,-547,278,0,0,0,-108,0
395,-547,278,0,0,0,-108,0
396,-547,278,0,0,0,-108,0
397,-545,279,0,0,0,-108,0
398,-543,282,0,0,0,-108,0
399,-542,284,0,0,0,-108,0
400,-540,286,0,0,0,-108,0
401,-540,287,0,0,0,-108,0
402,-540,288,0,0,0,-108,0
403,-540,288,0,0,0,-108,0
404,-540,288,0,0,0,-108,0
405,-540,288,0,0,0,-108,0
406,-541,285,0,0,0,-108,0
407,-542,278,0,0,0,-108,0
408,-543,275,0,0,0,-108,0
409,-543,274,0,0,0,-108,0
410,-543,274,0,0,0,-108,0
411,-543,274,0,0,0,-108,0
412,-543,283,0,0,0,-108,0
413,-543,285,0,0,0,-108,0
414,-544,286,0,0,0,-108,0
415,-544,287,0,0,0,-108,0
416,-544,287,0,0,0,-108,0
417,-544,288,0,0,0,-108,0
418,-544,288,0,0,0,-108,0
419,-544,287,0,0,0,-108,0
420,-545,286,0,0,0,-108,0
421,-545,286,0,0,0,-108,0
422,-546,284,0,0,0,-108,0
423,-546,284,0,0,0,-108,0
424,-546,284,0,0,0,-108,0
425,-546,284,0,0,0,-108,0
426,-546,284,0,0,0,-108,0
427,-546,284,0,0,0,-108,0
428,-545,285,0,0,0,-108,0
429,-545,285,0,0,0,-108,0
430,-545,285,0,0,0,-108,0
431,-545,285,0,0,0,-108,0
432,-545,285,0,0,0,-108,0
433,-545,285,0,0,0,-108,0
434,-544,281,0,0,0,-108,0
435,-543,277,0,0,0,-108,0
436,-543,277,0,0,0,-108,0
437,-543,276,0,0,0,-108,0
438,-543,276,0,0,0,-108,0
439,-543,276,0,0,0,-108,0
440,-542,277,0,0,0,-108,0
441,-541,278,0,0,0,-108,0
442,-541,278,0,0,0,-108,0
443,-540,280,0,0,0,-108,0
444,-540,281,0,0,0,-108,0
445,-540,281,0,0,0,-108,0
446,-539,282,0,0,0,-108,0
447,-539,282,0,0,0,-108,0
448,-539,282,0,0,0,-108,0
449,-539,281,0,0,0,-108,0
450,-539,278,0,0,0,-108,0
451,-539,276,0,0,0,-108,0
452,-539,275,0,0,0,-108,0
453,-539,274,0,0,0,-108,0
454,-539,274,0,0,0,-108,0
455,-539,274,0,0,0,-108,0
456,-539,275,0,0,0,-108,0
457,-538,277,0,0,0,-108,0
458,-538,279,0,0,0,-108,0
459,-538,279,0,0,0,-108,0
460,-538,279,0,0,0,-108,0
461,-538,279,0,0,0,-108,0
462,-538,279,0,0,0,-108,0
463,-538,279,0,0,0,-108,0
464,-538,279,0,0,0,-108,0
465,-538,279,0,0,0,-108,0
466,-539,277,0,0,0,-108,0
467,-539,275,0,0,0,-108,0
468,-539,272,0,0,0,-108,0
469,-539,272,0,0,0,-108,0
470,-539,272,0,0,0,-108,0
471,-539,272,0,0,0,-108,0
472,-539,272,0,0,0,-108,0
473,-539,273,0,0,0,-108,0
474,-539,276,0,0,0,-108,0
475,-538,279,0,0,0,-108,0
476,-538,280,0,0,0,-108,0
477,-538,280,0,0,0,-108,0
