t,x,y,fh,fv,r,s,frame:
0,-426,4,0,0,0,-46,0
1,-426,4,0,0,0,-46,0
2,-426,4,0,0,0,-46,0
3,-426,4,0,0,0,-46,0
4,-426,4,0,0,0,-46,0
5,-426,4,0,0,0,-46,0
6,-426,4,0,0,0,-46,0
7,-426,4,0,0,0,-46,0
8,-426,4,0,0,0,-46,0
9,-427,4,0,0,0,-46,0
10,-427,4,0,0,0,-46,0
11,-428,4,0,0,0,-46,0
12,-429,4,0,0,0,-46,0
13,-430,4,0,0,0,-46,0
14,-430,4,0,0,0,-46,0
15,-430,4,0,0,0,-46,0
16,-431,4,0,0,0,-46,0
17,-431,4,0,0,0,-46,0
18,-431,4,0,0,0,-46,0
19,-431,4,0,0,0,-46,0
20,-431,4,0,0,0,-46,0
21,-432,4,0,0,0,-46,0
22,-432,4,0,0,0,-46,0
23,-433,4,0,0,0,-46,0
24,-433,4,0,0,0,-46,0
25,-433,5,0,0,0,-46,0
26,-433,6,0,0,0,-46,0
27,-433,6,0,0,0,-46,0
28,-433,6,0,0,0,-46,0
29,-433,6,0,0,0,-46,0
30,-434,6,0,0,0,-46,0
31,-434,6,0,0,0,-46,0
32,-434,6,0,0,0,-46,0
33,-434,6,0,0,0,-46,0
34,-434,6,0,0,0,-46,0
35,-434,6,0,0,0,-46,0
36,-434,6,0,0,0,-46,0
37,-434,6,0,0,0,-46,0
38,-434,6,0,0,0,-46,0
39,-434,6,0,0,0,-46,0
40,-434,6,0,0,0,-46,0
41,-435,6,0,0,0,-46,0
42,-435,6,0,0,0,-46,0
43,-435,6,0,0,0,-46,0
44,-435,7,0,0,0,-46,0
45,-436,7,0,0,0,-46,0
46,-436,7,0,0,0,-46,0
47,-437,7,0,0,0,-46,0
48,-437,7,0,0,0,-46,0
49,-437,7,0,0,0,-46,0
50,-437,7,0,0,0,-46,0
51,-437,7,0,0,0,-46,0
52,-437,7,0,0,0,-46,0
53,-437,7,0,0,0,-46,0
54,-437,7,0,0,0,-46,0
55,-437,7,0,0,0,-46,0
56,-437,7,0,0,0,-46,0
57,-438,7,0,0,0,-46,0
58,-438,7,0,0,0,-46,0
59,-438,7,0,0,0,-46,0
60,-438,7,0,0,0,-46,0
61,-438,7,0,0,0,-46,0
62,-439,7,0,0,0,-46,0
63,-439,7,0,0,0,-46,0
64,-439,7,0,0,0,-46,0
65,-439,7,0,0,0,-46,0
66,-439,7,0,0,0,-46,0
67,-439,7,0,0,0,-46,0
68,-439,7,0,0,0,-46,0
69,-439,7,0,0,0,-46,0
70,-439,7,0,0,0,-46,0
71,-439,7,0,0,0,-46,0
72,-439,7,0,0,0,-46,0
73,-439,7,0,0,0,-46,0
74,-439,7,0,0,0,-46,0
75,-439,7,0,0,0,-46,0
76,-439,7,0,0,0,-46,0
77,-439,7,0,0,0,-46,0
78,-439,7,0,0,0,-46,0
79,-439,7,0,0,0,-46,0
80,-439,7,0,0,0,-46,0
81,-439,7,0,0,0,-46,0
82,-439,7,0,0,0,-46,0
83,-439,7,0,0,0,-46,0
84,-439,7,0,0,0,-46,0
85,-439,7,0,0,0,-46,0
86,-439,7,0,0,0,-46,0
87,-440,7,0,0,0,-46,0
88,-440,7,0,0,0,-46,0
89,-440,6,0,0,0,-46,0
90,-440,6,0,0,0,-46,0
91,-440,6,0,0,0,-46,0
92,-440,6,0,0,0,-46,0
93,-440,6,0,0,0,-46,0
94,-440,6,0,0,0,-46,0
95,-440,6,0,0,0,-46,0
96,-440,6,0,0,0,-46,0
97,-440,6,0,0,0,-46,0
98,-440,6,0,0,0,-46,0
99,-440,6,0,0,0,-46,0
100,-440,6,0,0,0,-46,0
101,-440,6,0,0,0,-46,0
102,-440,6,0,0,0,-46,0
103,-440,6,0,0,0,-46,0
104,-440,6,0,0,0,-46,0
105,-440,6,0,0,0,-46,0
106,-440,6,0,0,0,-46,0
107,-441,6,0,0,0,-46,0
108,-441,6,0,0,0,-46,0
109,-441,6,0,0,0,-46,0
110,-441,6,0,0,0,-46,0
111,-442,6,0,0,0,-46,0
112,-442,6,0,0,0,-46,0
113,-442,5,0,0,0,-46,0
114,-442,5,0,0,0,-46,0
115,-442,5,0,0,0,-46,0
116,-442,5,0,0,0,-46,0
117,-443,5,0,0,0,-46,0
118,-443,5,0,0,0,-46,0
119,-443,5,0,0,0,-46,0
120,-443,5,0,0,0,-46,0
121,-443,5,0,0,0,-46,0
122,-443,5,0,0,0,-46,0
123,-443,5,0,0,0,-46,0
124,-443,5,0,0,0,-46,0
125,-443,5,0,0,0,-46,0
126,-443,5,0,0,0,-46,0
127,-443,5,0,0,0,-46,0
128,-443,5,0,0,0,-46,0
129,-443,5,0,0,0,-46,0
130,-443,5,0,0,0,-46,0
131,-443,5,0,0,0,-46,0
132,-443,5,0,0,0,-46,0
133,-444,5,0,0,0,-46,0
134,-444,6,0,0,0,-46,0
135,-444,6,0,0,0,-46,0
136,-444,6,0,0,0,-46,0
137,-444,6,0,0,0,-46,0
138,-444,6,0,0,0,-46,0
139,-444,6,0,0,0,-46,0
140,-444,6,0,0,0,-46,0
141,-444,6,0,0,0,-46,0
142,-444,6,0,0,0,-46,0
143,-444,6,0,0,0,-46,0
144,-444,6,0,0,0,-46,0
145,-444,6,0,0,0,-46,0
146,-444,6,0,0,0,-46,0
147,-444,6,0,0,0,-46,0
148,-444,6,0,0,0,-46,0
149,-444,6,0,0,0,-46,0
150,-444,6,0,0,0,-46,0
151,-444,6,0,0,0,-46,0
152,-444,6,0,0,0,-46,0
153,-444,6,0,0,0,-46,0
154,-445,7,0,0,0,-46,0
155,-445,7,0,0,0,-46,0
156,-445,7,0,0,0,-46,0
157,-445,7,0,0,0,-46,0
158,-446,7,0,0,0,-46,0
159,-446,7,0,0,0,-46,0
160,-447,7,0,0,0,-46,0
161,-447,7,0,0,0,-46,0
162,-447,7,0,0,0,-46,0
163,-447,7,0,0,0,-46,0
164,-447,7,0,0,0,-46,0
165,-448,7,0,0,0,-46,0
166,-448,7,0,0,0,-46,0
167,-449,7,0,0,0,-46,0
168,-449,7,0,0,0,-46,0
169,-450,7,0,0,0,-46,0
170,-450,7,0,0,0,-46,0
171,-450,7,0,0,0,-46,0
172,-451,7,0,0,0,-46,0
173,-451,6,0,0,0,-46,0
174,-451,6,0,0,0,-46,0
175,-451,6,0,0,0,-46,0
176,-451,6,0,0,0,-46,0
177,-451,6,0,0,0,-46,0
178,-451,6,0,0,0,-46,0
179,-451,6,0,0,0,-46,0
180,-451,6,0,0,0,-46,0
181,-451,6,0,0,0,-46,0
182,-451,6,0,0,0,-46,0
183,-451,6,0,0,0,-46,0
184,-451,6,0,0,0,-46,0
185,-451,5,0,0,0,-46,0
186,-451,5,0,0,0,-46,0
187,-451,5,0,0,0,-46,0
188,-451,5,0,0,0,-46,0
189,-451,5,0,0,0,-46,0
190,-451,5,0,0,0,-46,0
191,-451,5,0,0,0,-46,0
192,-451,5,0,0,0,-46,0
193,-451,5,0,0,0,-46,0
194,-451,5,0,0,0,-46,0
195,-451,5,0,0,0,-46,0
196,-451,5,0,0,0,-46,0
197,-451,5,0,0,0,-46,0
198,-451,5,0,0,0,-46,0
199,-451,5,0,0,0,-46,0
200,-451,5,0,0,0,-46,0
201,-451,5,0,0,0,-46,0
202,-451,5,0,0,0,-46,0
203,-451,5,0,0,0,-46,0
204,-451,5,0,0,0,-46,0
205,-451,5,0,0,0,-46,0
206,-452,5,0,0,0,-46,0
207,-452,5,0,0,0,-46,0
208,-452,5,0,0,0,-46,0
209,-452,5,0,0,0,-46,0
210,-453,5,0,0,0,-46,0
211,-454,5,0,0,0,-46,0
212,-455,5,0,0,0,-46,0
213,-455,5,0,0,0,-46,0
214,-456,5,0,0,0,-46,0
215,-456,5,0,0,0,-46,0
216,-456,5,0,0,0,-46,0
217,-456,5,0,0,0,-46,0
218,-456,5,0,0,0,-46,0
219,-456,5,0,0,0,-46,0
220,-456,5,0,0,0,-46,0
221,-456,5,0,0,0,-46,0
222,-456,5,0,0,0,-46,0
223,-456,5,0,0,0,-46,0
224,-456,5,0,0,0,-46,0
225,-456,5,0,0,0,-46,0
226,-456,5,0,0,0,-46,0
227,-456,5,0,0,0,-46,0
228,-457,6,0,0,0,-46,0
229,-457,6,0,0,0,-46,0
230,-457,6,0,0,0,-46,0
231,-457,6,0,0,0,-46,0
232,-457,6,0,0,0,-46,0
233,-457,7,0,0,0,-46,0
234,-457,7,0,0,0,-46,0
235,-457,7,0,0,0,-46,0
236,-457,7,0,0,0,-46,0
237,-458,7,0,0,0,-46,0
238,-458,7,0,0,0,-46,0
239,-458,7,0,0,0,-46,0
240,-458,8,0,0,0,-46,0
241,-458,8,0,0,0,-46,0
242,-458,8,0,0,0,-46,0
243,-458,8,0,0,0,-46,0
244,-458,8,0,0,0,-46,0
245,-459,8,0,0,0,-46,0
246,-459,8,0,0,0,-46,0
247,-459,8,0,0,0,-46,0
248,-459,8,0,0,0,-46,0
249,-460,8,0,0,0,-46,0
250,-460,8,0,0,0,-46,0
251,-460,8,0,0,0,-46,0
252,-460,8,0,0,0,-46,0
253,-461,8,0,0,0,-46,0
254,-461,8,0,0,0,-46,0
255,-461,8,0,0,0,-46,0
256,-461,8,0,0,0,-46,0
257,-461,8,0,0,0,-46,0
258,-461,8,0,0,0,-46,0
259,-461,8,0,0,0,-46,0
260,-461,8,0,0,0,-46,0
261,-462,8,0,0,0,-46,0
262,-462,8,0,0,0,-46,0
263,-462,8,0,0,0,-46,0
264,-462,8,0,0,0,-46,0
265,-462,8,0,0,0,-46,0
266,-462,8,0,0,0,-46,0
267,-462,8,0,0,0,-46,0
268,-462,8,0,0,0,-46,0
269,-462,8,0,0,0,-46,0
270,-462,8,0,0,0,-46,0
271,-462,8,0,0,0,-46,0
272,-462,8,0,0,0,-46,0
273,-462,7,0,0,0,-46,0
274,-463,7,0,0,0,-46,0
275,-463,7,0,0,0,-46,0
276,-463,7,0,0,0,-46,0
277,-463,7,0,0,0,-46,0
278,-463,7,0,0,0,-46,0
279,-463,7,0,0,0,-46,0
280,-463,6,0,0,0,-46,0
281,-463,6,0,0,0,-46,0
282,-463,6,0,0,0,-46,0
283,-464,6,0,0,0,-46,0
284,-464,6,0,0,0,-46,0
285,-464,6,0,0,0,-46,0
286,-464,6,0,0,0,-46,0
287,-464,6,0,0,0,-46,0
288,-464,6,0,0,0,-46,0
289,-464,6,0,0,0,-46,0
290,-464,6,0,0,0,-46,0
291,-464,6,0,0,0,-46,0
292,-464,6,0,0,0,-46,0
293,-464,6,0,0,0,-46,0
294,-464,6,0,0,0,-46,0
295,-464,6,0,0,0,-46,0
296,-464,6,0,0,0,-46,0
297,-464,6,0,0,0,-46,0
298,-464,6,0,0,0,-46,0
299,-464,6,0,0,0,-46,0
300,-464,6,0,0,0,-46,0
301,-464,6,0,0,0,-46,0
302,-464,6,0,0,0,-46,0
303,-464,6,0,0,0,-46,0
304,-464,6,0,0,0,-46,0
305,-464,6,0,0,0,-46,0
306,-464,6,0,0,0,-46,0
307,-464,6,0,0,0,-46,0
308,-464,6,0,0,0,-46,0
309,-464,6,0,0,0,-46,0
310,-464,6,0,0,0,-46,0
311,-464,6,0,0,0,-46,0
312,-464,6,0,0,0,-46,0
313,-464,6,0,0,0,-46,0
314,-464,6,0,0,0,-46,0
315,-464,6,0,0,0,-46,0
316,-464,6,0,0,0,-46,0
317,-464,6,0,0,0,-46,0
318,-464,6,0,0,0,-46,0
319,-464,6,0,0,0,-46,0
320,-464,6,0,0,0,-46,0
321,-464,6,0,0,0,-46,0
322,-464,6,0,0,0,-46,0
323,-464,6,0,0,0,-46,0
324,-464,6,0,0,0,-46,0
325,-464,6,0,0,0,-46,0
326,-464,6,0,0,0,-46,0
327,-464,6,0,0,0,-46,0
328,-464,6,0,0,0,-46,0
329,-464,6,0,0,0,-46,0
330,-464,6,0,0,0,-46,0
331,-464,6,0,0,0,-46,0
332,-464,6,0,0,0,-46,0
333,-464,6,0,0,0,-46,0
334,-464,6,0,0,0,-46,0
335,-464,6,0,0,0,-46,0
336,-464,6,0,0,0,-46,0
337,-464,6,0,0,0,-46,0
338,-464,6,0,0,0,-46,0
339,-464,6,0,0,0,-46,0
340,-464,6,0,0,0,-46,0
341,-464,6,0,0,0,-46,0
342,-464,6,0,0,0,-46,0
343,-464,6,0,0,0,-46,0
344,-464,6,0,0,0,-46,0
345,-464,6,0,0,0,-46,0
346,-464,6,0,0,0,-46,0
347,-464,6,0,0,0,-46,0
348,-464,6,0,0,0,-46,0
349,-464,6,0,0,0,-46,0
350,-464,6,0,0,0,-46,0
351,-464,6,0,0,0,-46,0
352,-464,6,0,0,0,-46,0
353,-464,6,0,0,0,-46,0
354,-464,6,0,0,0,-46,0
355,-464,6,0,0,0,-46,0
356,-464,6,0,0,0,-46,0
357,-464,6,0,0,0,-46,0
358,-464,6,0,0,0,-46,0
359,-464,6,0,0,0,-46,0
360,-464,6,0,0,0,-46,0
361,-464,6,0,0,0,-46,0
362,-464,6,0,0,0,-46,0
363,-464,6,0,0,0,-46,0
364,-464,6,0,0,0,-46,0
365,-464,6,0,0,0,-46,0
366,-464,6,0,0,0,-46,0
367,-464,6,0,0,0,-46,0
368,-464,6,0,0,0,-46,0
369,-464,6,0,0,0,-46,0
370,-464,6,0,0,0,-46,0
371,-464,6,0,0,0,-46,0
372,-464,6,0,0,0,-46,0
373,-464,6,0,0,0,-46,0
374,-464,6,0,0,0,-46,0
375,-464,6,0,0,0,-46,0
376,-464,6,0,0,0,-46,0
377,-464,6,0,0,0,-46,0
378,-464,6,0,0,0,-46,0
379,-464,6,0,0,0,-46,0
380,-464,6,0,0,0,-46,0
381,-464,6,0,0,0,-46,0
382,-464,6,0,0,0,-46,0
383,-464,6,0,0,0,-46,0
384,-464,6,0,0,0,-46,0
385,-464,6,0,0,0,-46,0
386,-464,6,0,0,0,-46,0
387,-464,6,0,0,0,-46,0
388,-464,6,0,0,0,-46,0
389,-464,6,0,0,0,-46,0
390,-464,6,0,0,0,-46,0
391,-464,6,0,0,0,-46,0
392,-464,6,0,0,0,-46,0
393,-464,6,0,0,0,-46,0
394,-464,6,0,0,0,-46,0
395,-464,6,0,0,0,-46,0
396,-464,6,0,0,0,-46,0
397,-464,6,0,0,0,-46,0
398,-464,6,0,0,0,-46,0
399,-464,6,0,0,0,-46,0
400,-464,6,0,0,0,-46,0
401,-464,6,0,0,0,-46,0
402,-464,6,0,0,0,-46,0
403,-464,6,0,0,0,-46,0
404,-464,6,0,0,0,-46,0
405,-464,6,0,0,0,-46,0
406,-464,6,0,0,0,-46,0
407,-464,6,0,0,0,-46,0
408,-464,6,0,0,0,-46,0
409,-464,6,0,0,0,-46,0
410,-464,6,0,0,0,-46,0
411,-464,6,0,0,0,-46,0
412,-464,6,0,0,0,-46,0
413,-464,6,0,0,0,-46,0
414,-464,6,0,0,0,-46,0
415,-464,6,0,0,0,-46,0
416,-464,6,0,0,0,-46,0
417,-464,6,0,0,0,-46,0
418,-464,6,0,0,0,-46,0
419,-464,6,0,0,0,-46,0
420,-464,6,0,0,0,-46,0
421,-464,6,0,0,0,-46,0
422,-464,6,0,0,0,-46,0
423,-464,6,0,0,0,-46,0
424,-464,6,0,0,0,-46,0
425,-464,6,0,0,0,-46,0
426,-464,6,0,0,0,-46,0
427,-464,6,0,0,0,-46,0
428,-464,6,0,0,0,-46,0
429,-464,6,0,0,0,-46,0
430,-464,6,0,0,0,-46,0
431,-464,6,0,0,0,-46,0
432,-464,6,0,0,0,-46,0
433,-464,6,0,0,0,-46,0
434,-464,6,0,0,0,-46,0
435,-464,6,0,0,0,-46,0
436,-464,6,0,0,0,-46,0
437,-464,6,0,0,0,-46,0
438,-464,6,0,0,0,-46,0
439,-464,6,0,0,0,-46,0
440,-464,6,0,0,0,-46,0
441,-464,6,0,0,0,-46,0
442,-464,6,0,0,0,-46,0
443,-464,6,0,0,0,-46,0
444,-464,6,0,0,0,-46,0
445,-464,6,0,0,0,-46,0
446,-464,6,0,0,0,-46,0
447,-464,6,0,0,0,-46,0
448,-464,6,0,0,0,-46,0
449,-464,6,0,0,0,-46,0
450,-464,6,0,0,0,-46,0
451,-464,6,0,0,0,-46,0
452,-464,6,0,0,0,-46,0
453,-464,6,0,0,0,-46,0
454,-464,6,0,0,0,-46,0
455,-464,6,0,0,0,-46,0
456,-464,6,0,0,0,-46,0
457,-464,6,0,0,0,-46,0
458,-464,6,0,0,0,-46,0
459,-464,6,0,0,0,-46,0
460,-464,6,0,0,0,-46,0
461,-464,6,0,0,0,-46,0
462,-464,6,0,0,0,-46,0
463,-464,6,0,0,0,-46,0
464,-464,6,0,0,0,-46,0
465,-464,6,0,0,0,-46,0
466,-464,6,0,0,0,-46,0
467,-464,6,0,0,0,-46,0
468,-464,6,0,0,0,-46,0
469,-464,6,0,0,0,-46,0
470,-464,6,0,0,0,-46,0
471,-464,6,0,0,0,-46,0
472,-464,6,0,0,0,-46,0
473,-464,6,0,0,0,-46,0
474,-464,6,0,0,0,-46,0
475,-464,6,0,0,0,-46,0
476,-464,6,0,0,0,-46,0
477,-464,6,0,0,0,-46,0
478,-464,6,0,0,0,-46,0
479,-464,6,0,0,0,-46,0
480,-464,6,0,0,0,-46,0
481,-464,6,0,0,0,-46,0
482,-464,6,0,0,0,-46,0
483,-464,6,0,0,0,-46,0
484,-464,6,0,0,0,-46,0
485,-464,6,0,0,0,-46,0
486,-464,6,0,0,0,-46,0
487,-464,6,0,0,0,-46,0
488,-464,6,0,0,0,-46,0
489,-464,6,0,0,0,-46,0
490,-464,6,0,0,0,-46,0
491,-464,6,0,0,0,-46,0
492,-464,6,0,0,0,-46,0
493,-464,6,0,0,0,-46,0
494,-464,6,0,0,0,-46,0
495,-464,6,0,0,0,-46,0
496,-464,6,0,0,0,-46,0
497,-464,6,0,0,0,-46,0
498,-464,6,0,0,0,-46,0
499,-464,6,0,0,0,-46,0
500,-464,6,0,0,0,-46,0
501,-464,6,0,0,0,-46,0
502,-464,6,0,0,0,-46,0
503,-464,6,0,0,0,-46,0
504,-464,6,0,0,0,-46,0
505,-464,6,0,0,0,-46,0
506,-464,6,0,0,0,-46,0
507,-464,6,0,0,0,-46,0
508,-464,6,0,0,0,-46,0
509,-464,6,0,0,0,-46,0
510,-464,6,0,0,0,-46,0
511,-464,6,0,0,0,-46,0
512,-464,6,0,0,0,-46,0
513,-464,6,0,0,0,-46,0
514,-464,6,0,0,0,-46,0
515,-464,6,0,0,0,-46,0
516,-464,6,0,0,0,-46,0
517,-464,6,0,0,0,-46,0
518,-464,6,0,0,0,-46,0
519,-464,6,0,0,0,-46,0
520,-464,6,0,0,0,-46,0
521,-464,6,0,0,0,-46,0
522,-464,6,0,0,0,-46,0
523,-464,6,0,0,0,-46,0
524,-464,6,0,0,0,-46,0
525,-464,6,0,0,0,-46,0
526,-464,6,0,0,0,-46,0
527,-464,6,0,0,0,-46,0
528,-464,6,0,0,0,-46,0
529,-464,6,0,0,0,-46,0
530,-464,6,0,0,0,-46,0
531,-464,6,0,0,0,-46,0
532,-464,6,0,0,0,-46,0
533,-464,6,0,0,0,-46,0
534,-464,6,0,0,0,-46,0
535,-464,6,0,0,0,-46,0
536,-464,6,0,0,0,-46,0
537,-464,6,0,0,0,-46,0
538,-464,6,1,0,0,-46,0
539,-464,6,1,0,0,-46,0
540,-464,6,1,0,0,-46,0
541,-464,6,1,0,0,-46,0
542,-464,6,1,0,0,-46,0
543,-464,6,1,0,0,-46,0
544,-464,6,1,0,0,-46,0
545,-464,6,1,0,0,-46,0
546,-464,6,1,0,0,-46,0
547,-464,6,1,0,0,-46,0
548,-464,6,1,0,0,-46,0
549,-464,6,1,0,0,-46,0
550,-464,6,1,0,0,-46,0
551,-464,6,1,0,0,-46,0
552,-464,6,1,0,0,-46,0
553,-464,6,1,0,0,-46,0
554,-464,6,1,0,0,-46,0
555,-464,6,1,0,0,-46,0
556,-464,6,1,0,0,-46,0
557,-464,6,1,0,0,-46,0
558,-464,6,1,0,0,-46,0
559,-464,6,1,0,0,-46,0
560,-464,6,1,0,0,-46,0
561,-464,6,1,0,0,-46,0
562,-464,6,1,0,0,-46,0
563,-464,6,1,0,0,-46,0
564,-464,6,1,0,0,-46,0
565,-464,6,1,0,0,-46,0
566,-464,6,1,0,0,-46,0
567,-464,6,1,0,0,-46,0
568,-464,6,1,0,0,-46,0
569,-464,6,1,0,0,-46,0
570,-464,6,1,0,0,-46,0
571,-464,6,1,0,0,-46,0
572,-464,6,1,0,0,-46,0
573,-464,6,1,0,0,-46,0
574,-464,6,1,0,0,-46,0
575,-464,6,1,0,0,-46,0
576,-464,6,1,0,0,-46,0
577,-464,6,1,0,0,-46,0
578,-464,6,1,0,0,-46,0
579,-464,6,1,0,0,-46,0
580,-464,6,1,0,0,-46,0
581,-464,6,1,0,0,-46,0
582,-464,6,1,0,0,-46,0
583,-464,6,1,0,0,-46,0
584,-464,6,1,0,0,-46,0
585,-464,6,1,0,0,-46,0
586,-464,6,1,0,0,-46,0
587,-464,6,1,0,0,-46,0
588,-464,6,1,0,0,-46,0
589,-464,6,1,0,0,-46,0
590,-464,6,1,0,0,-46,0
591,-464,6,1,0,0,-46,0
592,-464,6,1,0,0,-46,0
593,-464,6,1,0,0,-46,0
594,-464,6,1,0,0,-46,0
595,-464,6,1,0,0,-46,0
596,-464,6,1,0,0,-46,0
597,-464,6,1,0,0,-46,0
598,-464,6,1,0,0,-46,0
599,-464,6,1,0,0,-46,0
600,-464,6,1,0,0,-46,0
601,-464,6,1,0,0,-46,0
602,-464,6,1,0,0,-46,0
603,-464,6,1,0,0,-46,0
604,-464,6,1,0,0,-46,0
605,-464,6,1,0,0,-46,0
606,-464,6,1,0,0,-46,0
607,-464,6,1,0,0,-46,0
608,-464,6,1,0,0,-46,0
609,-464,6,1,0,0,-46,0
610,-464,6,1,0,0,-46,0
611,-464,6,1,0,0,-46,0
612,-464,6,1,0,0,-46,0
613,-464,6,1,0,0,-46,0
614,-464,6,1,0,0,-46,0
615,-464,6,1,0,0,-46,0
616,-464,6,1,0,0,-46,0
617,-464,6,1,0,0,-46,0
618,-464,6,1,0,0,-46,0
619,-464,6,1,0,0,-46,0
620,-464,6,1,0,0,-46,0
621,-464,6,1,0,0,-46,0
622,-464,6,1,0,0,-46,0
623,-464,6,1,0,0,-46,0
624,-464,6,1,0,0,-46,0
625,-464,6,1,0,0,-46,0
626,-464,6,1,0,0,-46,0
627,-464,6,1,0,0,-46,0
628,-464,6,1,0,0,-46,0
629,-464,6,1,0,0,-46,0
630,-464,6,1,0,0,-46,0
631,-464,6,1,0,0,-46,0
632,-464,6,1,0,0,-46,0
633,-464,6,1,0,0,-46,0
634,-464,6,1,0,0,-46,0
635,-464,6,1,0,0,-46,0
636,-464,6,1,0,0,-46,0
637,-464,6,1,0,0,-46,0
638,-464,6,1,0,0,-46,0
639,-464,6,1,0,0,-46,0
640,-464,6,1,0,0,-46,0
641,-464,6,1,0,0,-46,0
642,-464,6,1,0,0,-46,0
643,-464,6,1,0,0,-46,0
644,-464,6,1,0,0,-46,0
645,-464,6,1,0,0,-46,0
646,-464,6,1,0,0,-46,0
647,-464,6,1,0,0,-46,0
648,-464,6,1,0,0,-46,0
649,-464,6,1,0,0,-46,0
650,-464,6,1,0,0,-46,0
651,-464,6,1,0,0,-46,0
652,-464,6,1,0,0,-46,0
653,-464,6,1,0,0,-46,0
654,-463,6,1,0,0,-46,0
655,-462,6,1,0,0,-46,0
656,-461,6,1,0,0,-46,0
657,-461,6,1,0,0,-46,0
658,-461,6,1,0,0,-46,0
659,-461,6,1,0,0,-46,0
660,-461,6,1,0,0,-46,0
661,-460,6,1,0,0,-46,0
662,-460,6,1,0,0,-46,0
663,-460,6,1,0,0,-46,0
664,-460,7,1,0,0,-46,0
665,-459,7,1,0,0,-46,0
666,-459,7,1,0,0,-46,0
667,-459,8,1,0,0,-46,0
668,-459,8,1,0,0,-46,0
669,-458,9,1,0,0,-46,0
670,-458,10,1,0,0,-46,0
671,-457,10,1,0,0,-46,0
672,-457,10,1,0,0,-46,0
673,-457,10,1,0,0,-46,0
674,-457,10,1,0,0,-46,0
675,-457,10,1,0,0,-46,0
676,-457,10,1,0,0,-46,0
677,-457,10,1,0,0,-46,0
678,-457,10,1,0,0,-46,0
679,-457,10,1,0,0,-46,0
680,-457,10,1,0,0,-46,0
681,-455,11,1,0,0,-46,0
682,-452,11,1,0,0,-46,0
683,-450,11,1,0,0,-46,0
684,-449,11,1,0,0,-46,0
685,-449,11,1,0,0,-46,0
686,-449,11,1,0,0,-46,0
687,-448,11,1,0,0,-46,0
688,-447,11,1,0,0,-46,0
689,-446,11,1,0,0,-46,0
690,-446,11,1,0,0,-46,0
691,-446,11,1,0,0,-46,0
692,-445,10,1,0,0,-46,0
693,-444,10,1,0,0,-46,0
694,-443,9,1,0,0,-46,0
695,-443,9,1,0,0,-46,0
696,-442,9,1,0,0,-46,0
697,-442,9,1,0,0,-46,0
698,-442,9,1,0,0,-46,0
699,-441,8,1,0,0,-46,0
700,-441,8,1,0,0,-46,0
701,-441,8,1,0,0,-46,0
702,-441,8,1,0,0,-46,0
703,-441,7,1,0,0,-46,0
704,-441,7,1,0,0,-46,0
705,-440,6,1,0,0,-46,0
706,-440,6,1,0,0,-46,0
707,-440,6,1,0,0,-46,0
708,-440,6,1,0,0,-46,0
709,-439,6,1,0,0,-46,0
710,-439,6,1,0,0,-46,0
711,-439,6,1,0,0,-46,0
712,-439,6,1,0,0,-46,0
713,-439,6,1,0,0,-46,0
714,-439,6,1,0,0,-46,0
715,-439,6,1,0,0,-46,0
716,-439,6,1,0,0,-46,0
717,-439,6,1,0,0,-46,0
718,-438,6,1,0,0,-46,0
719,-438,6,1,0,0,-46,0
720,-438,6,1,0,0,-46,0
721,-438,6,1,0,0,-46,0
722,-438,6,1,0,0,-46,0
723,-438,6,1,0,0,-46,0
724,-437,6,1,0,0,-46,0
725,-437,6,1,0,0,-46,0
726,-437,6,1,0,0,-46,0
727,-437,6,1,0,0,-46,0
728,-437,6,1,0,0,-46,0
729,-437,6,1,0,0,-46,0
730,-437,6,1,0,0,-46,0
731,-437,6,1,0,0,-46,0
732,-437,6,1,0,0,-46,0
733,-437,6,1,0,0,-46,0
734,-436,7,1,0,0,-46,0
735,-436,7,1,0,0,-46,0
736,-436,7,1,0,0,-46,0
737,-436,7,1,0,0,-46,0
738,-435,8,1,0,0,-46,0
739,-434,8,1,0,0,-46,0
740,-434,8,1,0,0,-46,0
741,-433,9,1,0,0,-46,0
742,-433,9,1,0,0,-46,0
743,-432,10,1,0,0,-46,0
744,-432,10,1,0,0,-46,0
745,-431,10,1,0,0,-46,0
746,-431,10,1,0,0,-46,0
747,-431,10,1,0,0,-46,0
748,-431,10,1,0,0,-46,0
749,-431,10,1,0,0,-46,0
750,-431,10,1,0,0,-46,0
751,-431,10,1,0,0,-46,0
752,-431,10,1,0,0,-46,0
753,-431,10,1,0,0,-46,0
754,-431,10,1,0,0,-46,0
755,-431,10,1,0,0,-46,0
756,-430,10,1,0,0,-46,0
757,-430,10,1,0,0,-46,0
758,-430,10,1,0,0,-46,0
759,-430,10,1,0,0,-46,0
760,-430,10,1,0,0,-46,0
761,-430,10,1,0,0,-46,0
762,-430,10,1,0,0,-46,0
763,-430,10,1,0,0,-46,0
764,-429,10,1,0,0,-46,0
765,-428,10,1,0,0,-46,0
766,-428,10,1,0,0,-46,0
767,-428,10,1,0,0,-46,0
768,-428,10,1,0,0,-46,0
769,-428,10,1,0,0,-46,0
770,-428,10,1,0,0,-46,0
771,-428,10,1,0,0,-46,0
772,-427,10,1,0,0,-46,0
773,-427,10,1,0,0,-46,0
774,-427,10,1,0,0,-46,0
775,-427,10,1,0,0,-46,0
776,-427,10,1,0,0,-46,0
777,-427,10,1,0,0,-46,0
778,-426,9,1,0,0,-46,0
779,-426,9,1,0,0,-46,0
780,-426,9,1,0,0,-46,0
781,-425,9,1,0,0,-46,0
782,-425,9,1,0,0,-46,0
783,-425,9,1,0,0,-46,0
784,-425,9,1,0,0,-46,0
785,-425,9,1,0,0,-46,0
786,-425,9,1,0,0,-46,0
787,-425,9,1,0,0,-46,0
788,-424,9,1,0,0,-46,0
789,-424,9,1,0,0,-46,0
790,-424,9,1,0,0,-46,0
791,-423,9,1,0,0,-46,0
792,-423,9,1,0,0,-46,0
793,-423,9,1,0,0,-46,0
794,-423,8,1,0,0,-46,0
795,-423,8,1,0,0,-46,0
796,-422,8,1,0,0,-46,0
797,-422,8,1,0,0,-46,0
798,-422,8,1,0,0,-46,0
799,-422,8,1,0,0,-46,0
800,-421,8,1,0,0,-46,0
801,-420,8,1,0,0,-46,0
802,-420,8,1,0,0,-46,0
803,-420,8,1,0,0,-46,0
804,-420,8,1,0,0,-46,0
805,-420,8,1,0,0,-46,0
806,-420,8,1,0,0,-46,0
807,-420,8,1,0,0,-46,0
808,-419,9,1,0,0,-46,0
809,-419,9,1,0,0,-46,0
810,-419,9,1,0,0,-46,0
811,-419,9,1,0,0,-46,0
812,-419,9,1,0,0,-46,0
813,-419,9,1,0,0,-46,0
814,-419,9,1,0,0,-46,0
815,-418,9,1,0,0,-46,0
816,-418,9,1,0,0,-46,0
817,-418,9,1,0,0,-46,0
818,-418,9,1,0,0,-46,0
819,-417,9,1,0,0,-46,0
820,-417,9,1,0,0,-46,0
821,-417,9,1,0,0,-46,0
822,-417,9,1,0,0,-46,0
823,-417,9,1,0,0,-46,0
824,-416,9,1,0,0,-46,0
825,-415,9,1,0,0,-46,0
826,-415,9,1,0,0,-46,0
827,-415,9,1,0,0,-46,0
828,-415,9,1,0,0,-46,0
829,-415,9,1,0,0,-46,0
830,-415,9,1,0,0,-46,0
831,-415,9,1,0,0,-46,0
832,-415,9,1,0,0,-46,0
833,-415,9,1,0,0,-46,0
834,-415,9,1,0,0,-46,0
835,-415,9,1,0,0,-46,0
836,-414,9,1,0,0,-46,0
837,-414,9,1,0,0,-46,0
838,-414,9,1,0,0,-46,0
839,-413,9,1,0,0,-46,0
840,-413,9,1,0,0,-46,0
841,-413,9,1,0,0,-46,0
842,-413,9,1,0,0,-46,0
843,-413,9,1,0,0,-46,0
844,-413,9,1,0,0,-46,0
845,-413,9,1,0,0,-46,0
846,-413,9,1,0,0,-46,0
847,-413,9,1,0,0,-46,0
848,-413,9,1,0,0,-46,0
849,-413,9,1,0,0,-46,0
850,-413,8,1,0,0,-46,0
851,-413,8,1,0,0,-46,0
852,-413,8,1,0,0,-46,0
853,-413,8,1,0,0,-46,0
854,-413,8,1,0,0,-46,0
855,-413,8,1,0,0,-46,0
856,-413,8,1,0,0,-46,0
857,-413,8,1,0,0,-46,0
858,-413,8,1,0,0,-46,0
859,-413,8,1,0,0,-46,0
860,-413,8,1,0,0,-46,0
861,-412,7,1,0,0,-46,0
862,-412,7,1,0,0,-46,0
863,-412,7,1,0,0,-46,0
864,-412,7,1,0,0,-46,0
865,-412,7,1,0,0,-46,0
866,-412,7,1,0,0,-46,0
867,-412,7,1,0,0,-46,0
868,-412,7,1,0,0,-46,0
869,-412,7,1,0,0,-46,0
870,-412,7,1,0,0,-46,0
871,-412,7,1,0,0,-46,0
872,-412,7,1,0,0,-46,0
873,-412,7,1,0,0,-46,0
874,-412,7,1,0,0,-46,0
875,-412,7,1,0,0,-46,0
876,-412,7,1,0,0,-46,0
877,-412,7,1,0,0,-46,0
878,-412,7,1,0,0,-46,0
879,-412,7,1,0,0,-46,0
880,-412,7,1,0,0,-46,0
881,-412,7,1,0,0,-46,0
882,-412,7,1,0,0,-46,0
883,-412,7,1,0,0,-46,0
884,-412,7,1,0,0,-46,0
885,-412,7,1,0,0,-46,0
886,-411,7,1,0,0,-46,0
887,-411,7,1,0,0,-46,0
888,-411,7,1,0,0,-46,0
889,-411,7,1,0,0,-46,0
890,-411,7,1,0,0,-46,0
891,-411,7,1,0,0,-46,0
892,-411,7,1,0,0,-46,0
893,-411,7,1,0,0,-46,0
894,-411,7,1,0,0,-46,0
895,-411,7,1,0,0,-46,0
896,-411,7,1,0,0,-46,0
897,-410,7,1,0,0,-46,0
898,-410,7,1,0,0,-46,0
899,-410,7,1,0,0,-46,0
900,-410,7,1,0,0,-46,0
901,-410,7,1,0,0,-46,0
902,-410,7,1,0,0,-46,0
903,-410,7,1,0,0,-46,0
904,-410,7,1,0,0,-46,0
905,-410,7,1,0,0,-46,0
906,-410,7,1,0,0,-46,0
907,-410,7,1,0,0,-46,0
908,-410,7,1,0,0,-46,0
909,-410,7,1,0,0,-46,0
910,-410,7,1,0,0,-46,0
911,-410,7,1,0,0,-46,0
912,-410,7,1,0,0,-46,0
913,-410,7,1,0,0,-46,0
914,-410,7,1,0,0,-46,0
915,-410,7,1,0,0,-46,0
916,-410,7,1,0,0,-46,0
917,-410,7,1,0,0,-46,0
918,-410,7,1,0,0,-46,0
919,-410,7,1,0,0,-46,0
920,-410,7,1,0,0,-46,0
921,-410,7,1,0,0,-46,0
922,-410,7,1,0,0,-46,0
923,-410,7,1,0,0,-46,0
924,-410,7,1,0,0,-46,0
925,-410,7,1,0,0,-46,0
926,-410,7,1,0,0,-46,0
927,-410,7,1,0,0,-46,0
928,-410,7,1,0,0,-46,0
929,-410,7,1,0,0,-46,0
930,-410,7,1,0,0,-46,0
931,-410,7,1,0,0,-46,0
932,-410,7,1,0,0,-46,0
933,-410,7,1,0,0,-46,0
934,-410,7,1,0,0,-46,0
935,-410,7,1,0,0,-46,0
936,-410,7,1,0,0,-46,0
937,-410,7,1,0,0,-46,0
938,-410,7,1,0,0,-46,0
939,-410,7,1,0,0,-46,0
940,-410,7,1,0,0,-46,0
941,-410,7,1,0,0,-46,0
942,-410,7,1,0,0,-46,0
943,-410,7,1,0,0,-46,0
944,-410,7,1,0,0,-46,0
945,-410,7,1,0,0,-46,0
946,-410,7,1,0,0,-46,0
947,-410,7,1,0,0,-46,0
948,-410,7,1,0,0,-46,0
949,-410,7,1,0,0,-46,0
950,-410,7,1,0,0,-46,0
951,-410,7,1,0,0,-46,0
952,-410,7,1,0,0,-46,0
953,-410,7,1,0,0,-46,0
954,-410,7,1,0,0,-46,0
955,-410,7,1,0,0,-46,0
956,-410,7,1,0,0,-46,0
957,-410,7,1,0,0,-46,0
958,-410,7,1,0,0,-46,0
959,-410,7,1,0,0,-46,0
960,-410,7,1,0,0,-46,0
961,-410,7,1,0,0,-46,0
962,-410,7,1,0,0,-46,0
963,-410,7,1,0,0,-46,0
964,-410,7,1,0,0,-46,0
965,-410,7,1,0,0,-46,0
966,-410,7,1,0,0,-46,0
967,-410,7,1,0,0,-46,0
968,-410,7,1,0,0,-46,0
969,-410,7,1,0,0,-46,0
970,-410,7,1,0,0,-46,0
971,-410,7,1,0,0,-46,0
972,-410,7,1,0,0,-46,0
973,-410,7,1,0,0,-46,0
974,-410,7,1,0,0,-46,0
975,-410,7,1,0,0,-46,0
976,-410,7,1,0,0,-46,0
977,-410,7,1,0,0,-46,0
978,-410,7,1,0,0,-46,0
979,-410,7,1,0,0,-46,0
980,-410,7,1,0,0,-46,0
981,-410,7,1,0,0,-46,0
982,-410,7,1,0,0,-46,0
983,-410,7,1,0,0,-46,0
984,-410,7,1,0,0,-46,0
985,-410,7,1,0,0,-46,0
986,-410,7,1,0,0,-46,0
987,-410,7,1,0,0,-46,0
988,-410,7,1,0,0,-46,0
989,-410,7,1,0,0,-46,0
990,-410,7,1,0,0,-46,0
991,-410,7,1,0,0,-46,0
992,-410,7,1,0,0,-46,0
993,-410,7,1,0,0,-46,0
994,-410,7,1,0,0,-46,0
995,-410,7,1,0,0,-46,0
996,-410,7,1,0,0,-46,0
997,-410,7,1,0,0,-46,0
998,-410,7,1,0,0,-46,0
999,-410,7,1,0,0,-46,0
1000,-410,7,1,0,0,-46,0
1001,-410,7,1,0,0,-46,0
1002,-410,7,1,0,0,-46,0
1003,-410,7,1,0,0,-46,0
1004,-410,7,1,0,0,-46,0
1005,-410,7,1,0,0,-46,0
1006,-410,7,1,0,0,-46,0
1007,-410,7,1,0,0,-46,0
1008,-410,7,1,0,0,-46,0
1009,-410,7,1,0,0,-46,0
1010,-410,7,1,0,0,-46,0
1011,-410,7,1,0,0,-46,0
1012,-410,7,1,0,0,-46,0
1013,-410,7,1,0,0,-46,0
1014,-410,7,1,0,0,-46,0
1015,-410,7,1,0,0,-46,0
1016,-410,7,1,0,0,-46,0
1017,-410,7,1,0,0,-46,0
1018,-410,7,1,0,0,-46,0
1019,-410,7,1,0,0,-46,0
1020,-410,7,1,0,0,-46,0
1021,-410,7,1,0,0,-46,0
1022,-410,7,1,0,0,-46,0
1023,-410,7,1,0,0,-46,0
1024,-410,7,1,0,0,-46,0
1025,-410,7,1,0,0,-46,0
1026,-410,7,1,0,0,-46,0
1027,-410,7,1,0,0,-46,0
1028,-410,7,1,0,0,-46,0
1029,-410,7,1,0,0,-46,0
1030,-410,7,1,0,0,-46,0
1031,-410,7,1,0,0,-46,0
1032,-410,7,1,0,0,-46,0
1033,-410,7,1,0,0,-46,0
1034,-410,7,1,0,0,-46,0
1035,-410,7,1,0,0,-46,0
1036,-410,7,1,0,0,-46,0
1037,-410,7,1,0,0,-46,0
1038,-411,7,1,0,0,-46,0
1039,-411,7,1,0,0,-46,0
1040,-411,7,1,0,0,-46,0
1041,-411,7,1,0,0,-46,0
1042,-411,7,1,0,0,-46,0
1043,-411,7,1,0,0,-46,0
1044,-411,7,1,0,0,-46,0
1045,-411,7,1,0,0,-46,0
1046,-411,6,1,0,0,-46,0
1047,-411,6,1,0,0,-46,0
1048,-411,6,1,0,0,-46,0
1049,-412,6,1,0,0,-46,0
1050,-412,6,1,0,0,-46,0
1051,-412,6,1,0,0,-46,0
1052,-412,6,1,0,0,-46,0
1053,-412,6,1,0,0,-46,0
1054,-412,6,1,0,0,-46,0
1055,-413,6,1,0,0,-46,0
1056,-413,6,1,0,0,-46,0
1057,-413,6,1,0,0,-46,0
1058,-413,6,1,0,0,-46,0
1059,-413,6,1,0,0,-46,0
1060,-414,6,1,0,0,-46,0
1061,-414,6,1,0,0,-46,0
1062,-414,6,1,0,0,-46,0
1063,-415,6,1,0,0,-46,0
1064,-415,6,1,0,0,-46,0
1065,-415,6,1,0,0,-46,0
1066,-415,6,1,0,0,-46,0
1067,-415,6,1,0,0,-46,0
1068,-416,6,1,0,0,-46,0
1069,-416,6,1,0,0,-46,0
1070,-416,6,1,0,0,-46,0
1071,-416,6,1,0,0,-46,0
1072,-416,6,1,0,0,-46,0
1073,-416,6,1,0,0,-46,0
1074,-416,6,1,0,0,-46,0
1075,-416,6,1,0,0,-46,0
1076,-417,6,1,0,0,-46,0
1077,-417,6,1,0,0,-46,0
1078,-417,6,1,0,0,-46,0
1079,-417,6,1,0,0,-46,0
1080,-417,6,1,0,0,-46,0
1081,-417,6,1,0,0,-46,0
1082,-417,6,1,0,0,-46,0
1083,-417,6,1,0,0,-46,0
1084,-418,6,1,0,0,-46,0
1085,-418,6,1,0,0,-46,0
1086,-418,6,1,0,0,-46,0
1087,-418,6,1,0,0,-46,0
1088,-419,6,1,0,0,-46,0
1089,-419,6,1,0,0,-46,0
1090,-419,6,1,0,0,-46,0
1091,-419,6,1,0,0,-46,0
1092,-419,6,1,0,0,-46,0
1093,-419,6,1,0,0,-46,0
1094,-419,6,1,0,0,-46,0
1095,-419,6,1,0,0,-46,0
1096,-419,6,1,0,0,-46,0
1097,-420,6,1,0,0,-46,0
1098,-420,6,1,0,0,-46,0
1099,-420,6,1,0,0,-46,0
1100,-420,6,1,0,0,-46,0
1101,-420,6,1,0,0,-46,0
1102,-420,6,1,0,0,-46,0
1103,-420,6,1,0,0,-46,0
1104,-420,6,1,0,0,-46,0
1105,-421,6,1,0,0,-46,0
1106,-421,6,1,0,0,-46,0
1107,-421,6,1,0,0,-46,0
1108,-421,6,1,0,0,-46,0
1109,-421,6,1,0,0,-46,0
1110,-421,6,1,0,0,-46,0
1111,-422,6,1,0,0,-46,0
1112,-422,6,1,0,0,-46,0
1113,-422,6,1,0,0,-46,0
1114,-422,6,1,0,0,-46,0
1115,-422,6,1,0,0,-46,0
1116,-422,6,1,0,0,-46,0
1117,-422,6,1,0,0,-46,0
1118,-422,6,1,0,0,-46,0
1119,-422,6,1,0,0,-46,0
1120,-422,6,1,0,0,-46,0
1121,-422,6,1,0,0,-46,0
1122,-422,6,1,0,0,-46,0
1123,-422,6,1,0,0,-46,0
1124,-423,6,1,0,0,-46,0
1125,-423,6,1,0,0,-46,0
1126,-423,6,1,0,0,-46,0
1127,-423,6,1,0,0,-46,0
1128,-423,6,1,0,0,-46,0
1129,-423,6,1,0,0,-46,0
1130,-423,6,1,0,0,-46,0
1131,-423,6,1,0,0,-46,0
1132,-423,6,1,0,0,-46,0
1133,-423,6,1,0,0,-46,0
1134,-423,6,1,0,0,-46,0
1135,-423,6,1,0,0,-46,0
1136,-423,6,1,0,0,-46,0
1137,-423,6,1,0,0,-46,0
1138,-423,6,1,0,0,-46,0
1139,-423,6,1,0,0,-46,0
1140,-423,6,1,0,0,-46,0
1141,-423,6,1,0,0,-46,0
1142,-423,6,1,0,0,-46,0
1143,-423,6,1,0,0,-46,0
1144,-423,6,1,0,0,-46,0
1145,-423,6,1,0,0,-46,0
1146,-423,6,1,0,0,-46,0
1147,-423,6,1,0,0,-46,0
1148,-423,6,1,0,0,-46,0
1149,-423,6,1,0,0,-46,0
1150,-423,6,1,0,0,-46,0
1151,-423,6,1,0,0,-46,0
1152,-423,6,1,0,0,-46,0
1153,-423,6,1,0,0,-46,0
1154,-423,6,1,0,0,-46,0
1155,-423,6,1,0,0,-46,0
1156,-423,6,1,0,0,-46,0
1157,-423,6,1,0,0,-46,0
1158,-423,6,1,0,0,-46,0
1159,-423,6,1,0,0,-46,0
1160,-423,6,1,0,0,-46,0
1161,-423,6,1,0,0,-46,0
1162,-423,6,1,0,0,-46,0
1163,-423,6,1,0,0,-46,0
1164,-423,6,1,0,0,-46,0
1165,-423,6,1,0,0,-46,0
1166,-423,6,1,0,0,-46,0
1167,-423,6,1,0,0,-46,0
1168,-423,6,1,0,0,-46,0
1169,-423,6,1,0,0,-46,0
1170,-423,6,1,0,0,-46,0
1171,-423,6,1,0,0,-46,0
1172,-423,6,1,0,0,-46,0
1173,-423,6,1,0,0,-46,0
1174,-423,6,1,0,0,-46,0
1175,-423,6,1,0,0,-46,0
1176,-423,6,1,0,0,-46,0
1177,-423,6,1,0,0,-46,0
1178,-423,6,1,0,0,-46,0
1179,-423,6,1,0,0,-46,0
1180,-423,6,1,0,0,-46,0
1181,-423,6,1,0,0,-46,0
1182,-423,6,1,0,0,-46,0
1183,-423,6,1,0,0,-46,0
1184,-423,6,1,0,0,-46,0
1185,-423,6,1,0,0,-46,0
1186,-423,6,1,0,0,-46,0
1187,-423,6,1,0,0,-46,0
1188,-423,6,1,0,0,-46,0
1189,-423,6,1,0,0,-46,0
1190,-423,6,1,0,0,-46,0
1191,-423,6,1,0,0,-46,0
1192,-423,6,1,0,0,-46,0
1193,-423,6,1,0,0,-46,0
1194,-423,6,1,0,0,-46,0
1195,-423,6,1,0,0,-46,0
1196,-423,6,1,0,0,-46,0
1197,-423,6,1,0,0,-46,0
1198,-423,6,1,0,0,-46,0
1199,-423,6,1,0,0,-46,0
1200,-423,6,1,0,0,-46,0
1201,-423,6,1,0,0,-46,0
1202,-423,6,1,0,0,-46,0
1203,-423,6,1,0,0,-46,0
1204,-423,6,1,0,0,-46,0
1205,-423,6,1,0,0,-46,0
1206,-423,6,1,0,0,-46,0
1207,-423,6,1,0,0,-46,0
1208,-423,6,1,0,0,-46,0
1209,-423,6,1,0,0,-46,0
1210,-423,6,1,0,0,-46,0
1211,-423,6,1,0,0,-46,0
1212,-423,6,1,0,0,-46,0
1213,-423,6,1,0,0,-46,0
1214,-423,6,1,0,0,-46,0
1215,-423,6,1,0,0,-46,0
1216,-423,6,1,0,0,-46,0
1217,-423,6,1,0,0,-46,0
1218,-423,6,0,0,0,-46,0
1219,-423,6,0,0,0,-46,0
1220,-423,6,0,0,0,-46,0
1221,-423,6,0,0,0,-46,0
1222,-423,6,0,0,0,-46,0
1223,-423,6,0,0,0,-46,0
1224,-423,6,0,0,0,-46,0
1225,-423,6,0,0,0,-46,0
1226,-423,6,0,0,0,-46,0
1227,-423,6,0,0,0,-46,0
1228,-423,6,0,0,0,-46,0
1229,-423,6,0,0,0,-46,0
1230,-423,6,0,0,0,-46,0
1231,-423,6,0,0,0,-46,0
1232,-423,6,0,0,0,-46,0
1233,-423,6,0,0,0,-46,0
1234,-423,6,0,0,0,-46,0
1235,-423,6,0,0,0,-46,0
1236,-423,6,0,0,0,-46,0
1237,-423,6,0,0,0,-46,0
1238,-423,6,0,0,0,-46,0
1239,-423,6,0,0,0,-46,0
1240,-423,6,0,0,0,-46,0
1241,-422,5,0,0,0,-46,0
1242,-421,3,0,0,0,-46,0
1243,-420,2,0,0,0,-46,0
1244,-419,1,0,0,0,-46,0
1245,-418,1,0,0,0,-46,0
1246,-418,1,0,0,0,-46,0
1247,-418,1,0,0,0,-46,0
1248,-418,1,0,0,0,-46,0
1249,-418,1,0,0,0,-46,0
1250,-418,1,0,0,0,-46,0
1251,-418,1,0,0,0,-46,0
1252,-418,0,0,0,0,-46,0
1253,-418,0,0,0,0,-46,0
1254,-420,-1,0,0,0,-46,0
1255,-422,-1,0,0,0,-46,0
1256,-426,-1,0,0,0,-46,0
1257,-427,-1,0,0,0,-46,0
1258,-428,-1,0,0,0,-46,0
1259,-428,-1,0,0,0,-46,0
1260,-428,-1,0,0,0,-46,0
1261,-428,-1,0,0,0,-46,0
1262,-428,-1,0,0,0,-46,0
1263,-424,-1,0,0,0,-46,0
1264,-422,-1,0,0,0,-46,0
1265,-421,-1,0,0,0,-46,0
1266,-420,-1,0,0,0,-46,0
1267,-419,-1,0,0,0,-46,0
1268,-418,-1,0,0,0,-46,0
1269,-418,-1,0,0,0,-46,0
1270,-418,-1,0,0,0,-46,0
1271,-418,-1,0,0,0,-46,0
1272,-419,0,0,0,0,-46,0
1273,-421,1,0,0,0,-46,0
1274,-424,3,0,0,0,-46,0
1275,-425,5,0,0,0,-46,0
1276,-428,7,0,0,0,-46,0
1277,-428,8,0,0,0,-46,0
1278,-428,8,0,0,0,-46,0
1279,-428,8,0,0,0,-46,0
1280,-427,8,0,0,0,-46,0
1281,-425,7,0,0,0,-46,0
1282,-423,5,0,0,0,-46,0
1283,-422,5,0,0,0,-46,0
1284,-422,5,0,0,0,-46,0
1285,-422,5,0,0,0,-46,0
1286,-422,5,0,0,0,-46,0
1287,-422,5,0,0,0,-46,0
1288,-422,6,0,0,0,-46,0
1289,-424,9,0,0,0,-46,0
1290,-425,9,0,0,0,-46,0
1291,-427,11,0,0,0,-46,0
1292,-427,11,0,0,0,-46,0
1293,-427,12,0,0,0,-46,0
1294,-427,12,0,0,0,-46,0
1295,-427,12,0,0,0,-46,0
1296,-427,12,0,0,0,-46,0
1297,-427,12,0,0,0,-46,0
1298,-427,12,0,0,0,-46,0
1299,-427,12,0,0,0,-46,0
1300,-427,12,0,0,0,-46,0
1301,-427,12,0,0,0,-46,0
1302,-427,12,0,0,0,-46,0
1303,-427,12,0,0,0,-46,0
1304,-427,12,0,0,0,-46,0
1305,-427,12,0,0,0,-46,0
1306,-427,11,0,0,0,-46,0
1307,-427,11,0,0,0,-46,0
1308,-427,11,0,0,0,-46,0
1309,-426,11,0,0,0,-46,0
1310,-426,11,0,0,0,-46,0
1311,-426,11,0,0,0,-46,0
1312,-425,11,0,0,0,-46,0
1313,-425,11,0,0,0,-46,0
1314,-425,11,0,0,0,-46,0
1315,-425,11,0,0,0,-46,0
1316,-425,11,0,0,0,-46,0
1317,-425,11,0,0,0,-46,0
1318,-425,11,0,0,0,-46,0
1319,-425,11,0,0,0,-46,0
1320,-425,11,0,0,0,-46,0
1321,-425,11,0,0,0,-46,0
1322,-425,11,0,0,0,-46,0
1323,-425,11,0,0,0,-46,0
1324,-425,11,0,0,0,-46,0
1325,-425,11,0,0,0,-46,0
1326,-425,11,0,0,0,-46,0
1327,-425,11,0,0,0,-46,0
1328,-425,11,0,0,0,-46,0
1329,-425,11,0,0,0,-46,0
1330,-425,11,0,0,0,-46,0
1331,-425,11,0,0,0,-46,0
1332,-425,11,0,0,0,-46,0
1333,-425,11,0,0,0,-46,0
1334,-425,11,0,0,0,-46,0
1335,-425,11,0,0,0,-46,0
1336,-425,11,0,0,0,-46,0
1337,-425,11,0,0,0,-46,0
1338,-425,11,0,0,0,-46,0
1339,-425,11,0,0,0,-46,0
1340,-425,11,0,0,0,-46,0
1341,-425,11,0,0,0,-46,0
1342,-425,11,0,0,0,-46,0
1343,-425,11,0,0,0,-46,0
1344,-425,11,0,0,0,-46,0
1345,-425,11,0,0,0,-46,0
1346,-425,11,0,0,0,-46,0
1347,-425,11,0,0,0,-46,0
1348,-425,11,0,0,0,-46,0
1349,-425,11,0,0,0,-46,0
1350,-425,11,0,0,0,-46,0
1351,-425,11,0,0,0,-46,0
1352,-425,11,0,0,0,-46,0
1353,-425,11,0,0,0,-46,0
1354,-425,11,0,0,0,-46,0
1355,-425,11,0,0,0,-46,0
1356,-425,11,0,0,0,-46,0
1357,-425,11,0,0,0,-46,0
1358,-425,11,0,0,0,-46,0
1359,-425,11,0,0,0,-46,0
1360,-425,11,0,0,0,-46,0
1361,-425,11,0,0,0,-46,0
1362,-425,11,0,0,0,-46,0
1363,-425,11,0,0,0,-46,0
1364,-425,11,0,0,0,-46,0
1365,-425,11,0,0,0,-46,0
1366,-425,11,0,0,0,-46,0
1367,-425,11,0,0,0,-46,0
1368,-425,11,0,0,0,-46,0
1369,-425,11,0,0,0,-46,0
1370,-425,11,0,0,0,-46,0
1371,-425,11,0,0,0,-46,0
1372,-425,11,0,0,0,-46,0
1373,-425,11,0,0,0,-46,0
1374,-425,11,0,0,0,-46,0
1375,-425,11,0,0,0,-46,0
1376,-425,11,0,0,0,-46,0
1377,-425,11,0,0,0,-46,0
1378,-425,11,0,0,0,-46,0
1379,-425,11,0,0,0,-46,0
1380,-425,11,0,0,0,-46,0
1381,-425,11,0,0,0,-46,0
1382,-425,11,0,0,0,-46,0
1383,-425,11,0,0,0,-46,0
1384,-425,11,0,0,0,-46,0
1385,-425,11,0,0,0,-46,0
1386,-425,11,0,0,0,-46,0
1387,-425,11,0,0,0,-46,0
1388,-425,11,0,0,0,-46,0
1389,-425,11,0,0,0,-46,0
1390,-425,11,0,0,0,-46,0
1391,-425,11,0,0,0,-46,0
1392,-425,11,0,0,0,-46,0
1393,-425,11,0,0,0,-46,0
1394,-425,11,0,0,0,-46,0
1395,-425,11,0,0,0,-46,0
1396,-425,11,0,0,0,-46,0
1397,-425,11,0,0,0,-46,0
1398,-425,11,0,0,0,-46,0
1399,-425,11,0,0,0,-46,0
1400,-425,11,0,0,0,-46,0
1401,-425,11,0,0,0,-46,0
1402,-425,11,0,0,0,-46,0
1403,-425,11,0,0,0,-46,0
1404,-425,11,0,0,0,-46,0
1405,-425,11,0,0,0,-46,0
1406,-425,11,0,0,0,-46,0
1407,-425,11,0,0,0,-46,0
1408,-425,11,0,0,0,-46,0
1409,-425,11,0,0,0,-46,0
1410,-425,11,0,0,0,-46,0
1411,-425,11,0,0,0,-46,0
1412,-425,11,0,0,0,-46,0
1413,-425,11,0,0,0,-46,0
1414,-425,11,0,0,0,-46,0
1415,-425,11,0,0,0,-46,0
1416,-425,11,0,0,0,-46,0
1417,-425,11,0,0,0,-46,0
1418,-425,11,0,0,0,-46,0
1419,-425,11,0,0,0,-46,0
1420,-425,11,0,0,0,-46,0
1421,-425,11,0,0,0,-46,0
1422,-425,11,0,0,0,-46,0
1423,-425,11,0,0,0,-46,0
1424,-425,11,0,0,0,-46,0
1425,-425,11,0,0,0,-46,0
1426,-425,11,0,0,0,-46,0
1427,-425,11,0,0,0,-46,0
1428,-425,11,0,0,0,-46,0
1429,-425,11,0,0,0,-46,0
1430,-425,11,0,0,0,-46,0
1431,-425,11,0,0,0,-46,0
1432,-425,11,0,0,0,-46,0
1433,-425,11,0,0,0,-46,0
1434,-425,11,0,0,0,-46,0
1435,-425,11,0,0,0,-46,0
1436,-425,11,0,0,0,-46,0
1437,-425,11,0,0,0,-46,0
1438,-425,11,0,0,0,-46,0
1439,-425,11,0,0,0,-46,0
1440,-425,11,0,0,0,-46,0
1441,-425,11,0,0,0,-46,0
1442,-425,11,0,0,0,-46,0
1443,-425,11,0,0,0,-46,0
1444,-425,11,0,0,0,-46,0
1445,-425,11,0,0,0,-46,0
1446,-425,11,0,0,0,-46,0
1447,-425,11,0,0,0,-46,0
1448,-427,10,0,0,0,-46,0
1449,-427,10,0,0,0,-46,0
1450,-427,10,0,0,0,-46,0
1451,-427,10,0,0,0,-46,0
1452,-427,10,0,0,0,-46,0
1453,-427,10,0,0,0,-46,0
1454,-427,10,0,0,0,-46,0
1455,-427,10,0,0,0,-46,0
1456,-427,10,0,0,0,-46,0
1457,-427,10,0,0,0,-46,0
1458,-427,10,0,0,0,-46,0
1459,-427,10,0,0,0,-46,0
1460,-427,10,0,0,0,-46,0
1461,-427,10,0,0,0,-46,0
1462,-427,10,0,0,0,-46,0
1463,-427,10,0,0,0,-46,0
1464,-427,10,0,0,0,-46,0
1465,-427,10,0,0,0,-46,0
1466,-427,10,0,0,0,-46,0
1467,-427,10,0,0,0,-46,0
1468,-427,10,0,0,0,-46,0
1469,-427,10,0,0,0,-46,0
1470,-427,10,0,0,0,-46,0
1471,-427,10,0,0,0,-46,0
1472,-427,10,0,0,0,-46,0
1473,-427,9,0,0,0,-46,0
1474,-427,9,0,0,0,-46,0
1475,-427,9,0,0,0,-46,0
1476,-427,9,0,0,0,-46,0
1477,-427,9,0,0,0,-46,0
1478,-427,9,0,0,0,-46,0
1479,-427,9,0,0,0,-46,0
1480,-427,9,0,0,0,-46,0
1481,-427,8,0,0,0,-46,0
1482,-427,8,0,0,0,-46,0
1483,-427,8,0,0,0,-46,0
1484,-428,8,0,0,0,-46,0
1485,-428,8,0,0,0,-46,0
1486,-428,8,0,0,0,-46,0
1487,-428,7,0,0,0,-46,0
1488,-428,7,0,0,0,-46,0
1489,-428,7,0,0,0,-46,0
1490,-428,7,0,0,0,-46,0
1491,-428,7,0,0,0,-46,0
1492,-428,7,0,0,0,-46,0
1493,-428,7,0,0,0,-46,0
1494,-428,7,0,0,0,-46,0
1495,-428,7,0,0,0,-46,0
1496,-428,7,0,0,0,-46,0
1497,-428,7,0,0,0,-46,0
1498,-428,7,0,0,0,-46,0
1499,-428,7,0,0,0,-46,0
1500,-428,7,0,0,0,-46,0
1501,-428,7,0,0,0,-46,0
1502,-428,7,0,0,0,-46,0
1503,-428,7,0,0,0,-46,0
1504,-428,7,0,0,0,-46,0
1505,-428,7,0,0,0,-46,0
1506,-428,7,0,0,0,-46,0
1507,-428,7,0,0,0,-46,0
1508,-428,7,0,0,0,-46,0
1509,-428,7,0,0,0,-46,0
1510,-428,7,0,0,0,-46,0
1511,-428,7,0,0,0,-46,0
1512,-428,7,0,0,0,-46,0
1513,-428,7,0,0,0,-46,0
1514,-428,7,0,0,0,-46,0
1515,-428,7,0,0,0,-46,0
1516,-428,7,0,0,0,-46,0
1517,-428,7,0,0,0,-46,0
1518,-428,7,0,0,0,-46,0
1519,-428,7,0,0,0,-46,0
1520,-428,7,0,0,0,-46,0
1521,-428,7,0,0,0,-46,0
1522,-428,7,0,0,0,-46,0
1523,-428,7,0,0,0,-46,0
1524,-428,7,0,0,0,-46,0
1525,-428,7,0,0,0,-46,0
1526,-428,7,0,0,0,-46,0
1527,-428,7,0,0,0,-46,0
1528,-428,7,0,0,0,-46,0
1529,-428,7,0,0,0,-46,0
1530,-428,7,0,0,0,-46,0
1531,-428,7,0,0,0,-46,0
1532,-428,7,0,0,0,-46,0
1533,-428,7,0,0,0,-46,0
1534,-428,7,0,0,0,-46,0
1535,-428,7,0,0,0,-46,0
1536,-428,7,0,0,0,-46,0
1537,-428,7,0,0,0,-46,0
1538,-428,7,0,0,0,-46,0
1539,-428,7,0,0,0,-46,0
1540,-428,7,0,0,0,-46,0
1541,-428,7,0,0,0,-46,0
1542,-428,7,0,0,0,-46,0
1543,-428,7,0,0,0,-46,0
1544,-428,7,0,0,0,-46,0
1545,-428,7,0,0,0,-46,0
1546,-428,7,0,0,0,-46,0
1547,-428,7,0,0,0,-46,0
1548,-428,7,0,0,0,-46,0
1549,-428,7,0,0,0,-46,0
1550,-428,7,0,0,0,-46,0
1551,-428,7,0,0,0,-46,0
1552,-428,7,0,0,0,-46,0
1553,-428,7,0,0,0,-46,0
1554,-428,7,0,0,0,-46,0
1555,-428,7,0,0,0,-46,0
1556,-428,7,0,0,0,-46,0
1557,-428,7,0,0,0,-46,0
1558,-428,7,0,0,0,-46,0
1559,-428,7,0,0,0,-46,0
1560,-428,7,0,0,0,-46,0
1561,-428,7,0,0,0,-46,0
1562,-427,7,0,0,0,-46,0
1563,-426,6,0,0,0,-46,0
1564,-426,5,0,0,0,-46,0
1565,-426,5,0,0,0,-46,0
1566,-426,5,0,0,0,-46,0
1567,-426,5,0,0,0,-46,0
1568,-426,5,0,0,0,-46,0
1569,-426,5,0,0,0,-46,0
1570,-426,5,0,0,0,-46,0
1571,-426,5,0,0,0,-46,0
1572,-426,5,0,0,0,-46,0
1573,-426,4,0,0,0,-46,0
1574,-426,4,0,0,0,-46,0
1575,-426,4,0,0,0,-46,0
1576,-426,4,0,0,0,-46,0
1577,-426,3,0,0,0,-46,0
1578,-426,3,0,0,0,-46,0
1579,-426,3,0,0,0,-46,0
1580,-426,3,0,0,0,-46,0
1581,-427,2,0,0,0,-46,0
1582,-427,2,0,0,0,-46,0
1583,-427,2,0,0,0,-46,0
1584,-427,2,0,0,0,-46,0
1585,-427,2,0,0,0,-46,0
1586,-427,2,0,0,0,-46,0
1587,-427,2,0,0,0,-46,0
1588,-427,2,0,0,0,-46,0
1589,-428,2,0,0,0,-46,0
1590,-428,2,0,0,0,-46,0
1591,-428,2,0,0,0,-46,0
1592,-428,2,0,0,0,-46,0
1593,-429,2,0,0,0,-46,0
1594,-429,2,0,0,0,-46,0
1595,-429,2,0,0,0,-46,0
1596,-429,2,0,0,0,-46,0
1597,-429,2,0,0,0,-46,0
1598,-429,2,0,0,0,-46,0
1599,-429,2,0,0,0,-46,0
1600,-430,2,0,0,0,-46,0
1601,-430,2,0,0,0,-46,0
1602,-430,2,0,0,0,-46,0
1603,-430,2,0,0,0,-46,0
1604,-430,2,0,0,0,-46,0
1605,-430,2,0,0,0,-46,0
1606,-430,2,0,0,0,-46,0
1607,-430,2,0,0,0,-46,0
1608,-430,2,0,0,0,-46,0
1609,-430,2,0,0,0,-46,0
1610,-430,2,0,0,0,-46,0
1611,-430,3,0,0,0,-46,0
1612,-430,3,0,0,0,-46,0
1613,-430,3,0,0,0,-46,0
1614,-430,3,0,0,0,-46,0
1615,-430,3,0,0,0,-46,0
1616,-430,3,0,0,0,-46,0
1617,-430,3,0,0,0,-46,0
1618,-430,4,0,0,0,-46,0
1619,-430,4,0,0,0,-46,0
1620,-430,4,0,0,0,-46,0
1621,-430,4,0,0,0,-46,0
1622,-430,4,0,0,0,-46,0
1623,-430,4,0,0,0,-46,0
1624,-430,4,0,0,0,-46,0
1625,-430,4,0,0,0,-46,0
1626,-430,4,0,0,0,-46,0
1627,-430,4,0,0,0,-46,0
1628,-430,4,0,0,0,-46,0
1629,-430,4,0,0,0,-46,0
1630,-429,4,0,0,0,-46,0
1631,-429,4,0,0,0,-46,0
1632,-429,4,0,0,0,-46,0
1633,-429,4,0,0,0,-46,0
1634,-429,4,0,0,0,-46,0
1635,-429,4,0,0,0,-46,0
1636,-429,4,0,0,0,-46,0
1637,-429,4,0,0,0,-46,0
1638,-429,4,0,0,0,-46,0
1639,-429,4,0,0,0,-46,0
1640,-429,4,0,0,0,-46,0
1641,-429,4,0,0,0,-46,0
1642,-429,4,0,0,0,-46,0
1643,-429,4,0,0,0,-46,0
1644,-429,4,0,0,0,-46,0
1645,-429,4,0,0,0,-46,0
1646,-429,3,0,0,0,-46,0
1647,-429,3,0,0,0,-46,0
1648,-429,3,0,0,0,-46,0
1649,-429,3,0,0,0,-46,0
1650,-429,3,0,0,0,-46,0
1651,-429,3,0,0,0,-46,0
1652,-429,3,0,0,0,-46,0
1653,-429,3,0,0,0,-46,0
1654,-429,3,0,0,0,-46,0
1655,-429,3,0,0,0,-46,0
1656,-429,3,0,0,0,-46,0
1657,-429,3,0,0,0,-46,0
1658,-429,3,0,0,0,-46,0
1659,-429,3,0,0,0,-46,0
1660,-429,3,0,0,0,-46,0
1661,-429,3,0,0,0,-46,0
1662,-429,3,0,0,0,-46,0
1663,-429,2,0,0,0,-46,0
1664,-429,2,0,0,0,-46,0
1665,-429,2,0,0,0,-46,0
1666,-429,2,0,0,0,-46,0
1667,-429,2,0,0,0,-46,0
1668,-430,2,0,0,0,-46,0
1669,-430,2,0,0,0,-46,0
1670,-430,2,0,0,0,-46,0
1671,-430,1,0,0,0,-46,0
1672,-430,1,0,0,0,-46,0
1673,-430,1,0,0,0,-46,0
1674,-430,1,0,0,0,-46,0
1675,-430,1,0,0,0,-46,0
1676,-430,1,0,0,0,-46,0
1677,-430,1,0,0,0,-46,0
1678,-430,1,0,0,0,-46,0
1679,-430,1,0,0,0,-46,0
1680,-430,1,0,0,0,-46,0
1681,-430,1,0,0,0,-46,0
1682,-430,1,0,0,0,-46,0
1683,-430,1,0,0,0,-46,0
1684,-430,1,0,0,0,-46,0
1685,-430,0,0,0,0,-46,0
1686,-430,0,0,0,0,-46,0
1687,-430,0,0,0,0,-46,0
1688,-430,0,0,0,0,-46,0
1689,-430,0,0,0,0,-46,0
1690,-430,0,0,0,0,-46,0
1691,-430,0,0,0,0,-46,0
1692,-430,0,0,0,0,-46,0
1693,-430,0,0,0,0,-46,0
1694,-430,0,0,0,0,-46,0
1695,-430,0,0,0,0,-46,0
1696,-430,0,0,0,0,-46,0
1697,-430,0,0,0,0,-46,0
1698,-430,0,0,0,0,-46,0
1699,-430,0,0,0,0,-46,0
1700,-430,0,0,0,0,-46,0
1701,-430,0,0,0,0,-46,0
1702,-430,0,0,0,0,-46,0
1703,-430,0,0,0,0,-46,0
1704,-430,0,0,0,0,-46,0
1705,-430,0,0,0,0,-46,0
1706,-430,0,0,0,0,-46,0
1707,-430,0,0,0,0,-46,0
1708,-430,0,0,0,0,-46,0
