t,x,y,fh,fv,r,s,frame:
0,-461,-249,0,0,0,-94,0
1,-461,-249,0,0,0,-94,0
2,-461,-249,0,0,0,-94,0
3,-461,-249,0,0,0,-94,0
4,-461,-249,0,0,0,-94,0
5,-461,-249,0,0,0,-94,0
6,-461,-249,0,0,0,-94,0
7,-461,-249,0,0,0,-94,0
8,-461,-249,0,0,0,-94,0
9,-461,-249,0,0,0,-94,0
10,-461,-249,0,0,0,-94,0
11,-461,-249,0,0,0,-94,0
12,-461,-249,0,0,0,-94,0
13,-461,-249,0,0,0,-94,0
14,-461,-249,0,0,0,-94,0
15,-461,-249,0,0,0,-94,0
16,-461,-249,0,0,0,-94,0
17,-461,-249,0,0,0,-94,0
18,-461,-249,0,0,0,-94,0
19,-461,-249,0,0,0,-94,0
20,-461,-249,0,0,0,-94,0
21,-461,-249,0,0,0,-94,0
22,-461,-249,0,0,0,-94,0
23,-461,-249,0,0,0,-94,0
24,-461,-249,0,0,0,-94,0
25,-461,-249,0,0,0,-94,0
26,-461,-249,0,0,0,-94,0
27,-461,-249,0,0,0,-94,0
28,-461,-249,0,0,0,-94,0
29,-461,-249,0,0,0,-94,0
30,-461,-249,0,0,0,-94,0
31,-461,-249,0,0,0,-94,0
32,-462,-250,0,0,0,-94,0
33,-462,-250,0,0,0,-94,0
34,-462,-251,0,0,0,-94,0
35,-463,-251,0,0,0,-94,0
36,-463,-251,0,0,0,-94,0
37,-463,-251,0,0,0,-94,0
38,-463,-251,0,0,0,-94,0
39,-463,-251,0,0,0,-94,0
40,-463,-251,0,0,0,-94,0
41,-463,-251,0,0,0,-94,0
42,-464,-251,0,0,0,-94,0
43,-464,-251,0,0,0,-94,0
44,-464,-251,0,0,0,-94,0
45,-464,-250,0,0,0,-94,0
46,-464,-250,0,0,0,-94,0
47,-464,-250,0,0,0,-94,0
48,-464,-250,0,0,0,-94,0
49,-465,-250,0,0,0,-94,0
50,-465,-250,0,0,0,-94,0
51,-465,-250,0,0,0,-94,0
52,-465,-250,0,0,0,-94,0
53,-466,-249,0,0,0,-94,0
54,-466,-249,0,0,0,-94,0
55,-466,-249,0,0,0,-94,0
56,-466,-249,0,0,0,-94,0
57,-466,-249,0,0,0,-94,0
58,-466,-249,0,0,0,-94,0
59,-466,-249,0,0,0,-94,0
60,-466,-249,0,0,0,-94,0
61,-466,-249,0,0,0,-94,0
62,-466,-249,0,0,0,-94,0
63,-466,-249,0,0,0,-94,0
64,-466,-249,0,0,0,-94,0
65,-466,-249,0,0,0,-94,0
66,-466,-249,0,0,0,-94,0
67,-467,-249,0,0,0,-94,0
68,-467,-249,0,0,0,-94,0
69,-467,-249,0,0,0,-94,0
70,-467,-249,0,0,0,-94,0
71,-468,-249,0,0,0,-94,0
72,-468,-249,0,0,0,-94,0
73,-468,-249,0,0,0,-94,0
74,-468,-249,0,0,0,-94,0
75,-468,-249,0,0,0,-94,0
76,-468,-249,0,0,0,-94,0
77,-468,-249,0,0,0,-94,0
78,-468,-249,0,0,0,-94,0
79,-468,-249,0,0,0,-94,0
80,-468,-249,0,0,0,-94,0
81,-468,-249,0,0,0,-94,0
82,-468,-249,0,0,0,-94,0
83,-468,-249,0,0,0,-94,0
84,-468,-249,0,0,0,-94,0
85,-468,-249,0,0,0,-94,0
86,-468,-249,0,0,0,-94,0
87,-468,-249,0,0,0,-94,0
88,-468,-249,0,0,0,-94,0
89,-468,-249,0,0,0,-94,0
90,-468,-249,0,0,0,-94,0
91,-468,-249,0,0,0,-94,0
92,-469,-249,0,0,0,-94,0
93,-469,-249,0,0,0,-94,0
94,-469,-249,0,0,0,-94,0
95,-469,-249,0,0,0,-94,0
96,-469,-249,0,0,0,-94,0
97,-469,-249,0,0,0,-94,0
98,-469,-249,0,0,0,-94,0
99,-469,-249,0,0,0,-94,0
100,-470,-249,0,0,0,-94,0
101,-470,-249,0,0,0,-94,0
102,-470,-249,0,0,0,-94,0
103,-470,-249,0,0,0,-94,0
104,-470,-249,0,0,0,-94,0
105,-470,-249,0,0,0,-94,0
106,-470,-249,0,0,0,-94,0
107,-471,-249,0,0,0,-94,0
108,-471,-249,0,0,0,-94,0
109,-471,-249,0,0,0,-94,0
110,-471,-249,0,0,0,-94,0
111,-471,-249,0,0,0,-94,0
112,-471,-249,0,0,0,-94,0
113,-471,-249,0,0,0,-94,0
114,-472,-249,0,0,0,-94,0
115,-472,-249,0,0,0,-94,0
116,-472,-249,0,0,0,-94,0
117,-472,-249,0,0,0,-94,0
118,-472,-249,0,0,0,-94,0
119,-472,-249,0,0,0,-94,0
120,-472,-249,0,0,0,-94,0
121,-472,-249,0,0,0,-94,0
122,-473,-249,0,0,0,-94,0
123,-473,-249,0,0,0,-94,0
124,-473,-248,0,0,0,-94,0
125,-473,-248,0,0,0,-94,0
126,-474,-248,0,0,0,-94,0
127,-474,-248,0,0,0,-94,0
128,-474,-248,0,0,0,-94,0
129,-474,-248,0,0,0,-94,0
130,-475,-248,0,0,0,-94,0
131,-475,-248,0,0,0,-94,0
132,-475,-248,0,0,0,-94,0
133,-475,-248,0,0,0,-94,0
134,-475,-248,0,0,0,-94,0
135,-475,-249,0,0,0,-94,0
136,-475,-249,0,0,0,-94,0
137,-476,-249,0,0,0,-94,0
138,-476,-249,0,0,0,-94,0
139,-476,-249,0,0,0,-94,0
140,-476,-249,0,0,0,-94,0
141,-476,-249,0,0,0,-94,0
142,-476,-250,0,0,0,-94,0
143,-477,-250,0,0,0,-94,0
144,-477,-250,0,0,0,-94,0
145,-477,-250,0,0,0,-94,0
146,-477,-250,0,0,0,-94,0
147,-477,-250,0,0,0,-94,0
148,-477,-250,0,0,0,-94,0
149,-478,-251,0,0,0,-94,0
150,-478,-251,0,0,0,-94,0
151,-478,-251,0,0,0,-94,0
152,-478,-251,0,0,0,-94,0
153,-478,-251,0,0,0,-94,0
154,-478,-251,0,0,0,-94,0
155,-478,-251,0,0,0,-94,0
156,-478,-251,0,0,0,-94,0
157,-479,-251,0,0,0,-94,0
158,-479,-251,0,0,0,-94,0
159,-479,-251,0,0,0,-94,0
160,-479,-251,0,0,0,-94,0
161,-479,-250,0,0,0,-94,0
162,-479,-250,0,0,0,-94,0
163,-479,-250,0,0,0,-94,0
164,-479,-250,0,0,0,-94,0
165,-479,-250,0,0,0,-94,0
166,-480,-249,0,0,0,-94,0
167,-480,-249,0,0,0,-94,0
168,-480,-249,0,0,0,-94,0
169,-480,-249,0,0,0,-94,0
170,-480,-249,0,0,0,-94,0
171,-480,-249,0,0,0,-94,0
172,-480,-249,0,0,0,-94,0
173,-480,-249,0,0,0,-94,0
174,-480,-249,0,0,0,-94,0
175,-480,-249,0,0,0,-94,0
176,-480,-249,0,0,0,-94,0
177,-480,-249,0,0,0,-94,0
178,-480,-249,0,0,0,-94,0
179,-480,-249,0,0,0,-94,0
180,-481,-249,0,0,0,-94,0
181,-481,-249,0,0,0,-94,0
182,-481,-249,0,0,0,-94,0
183,-481,-249,0,0,0,-94,0
184,-481,-249,0,0,0,-94,0
185,-481,-249,0,0,0,-94,0
186,-481,-249,0,0,0,-94,0
187,-481,-249,0,0,0,-94,0
188,-481,-249,0,0,0,-94,0
189,-481,-249,0,0,0,-94,0
190,-481,-249,0,0,0,-94,0
191,-481,-249,0,0,0,-94,0
192,-481,-249,0,0,0,-94,0
193,-481,-249,0,0,0,-94,0
194,-481,-249,0,0,0,-94,0
195,-481,-249,0,0,0,-94,0
196,-481,-249,0,0,0,-94,0
197,-481,-249,0,0,0,-94,0
198,-481,-249,0,0,0,-94,0
199,-481,-249,0,0,0,-94,0
200,-481,-249,0,0,0,-94,0
201,-481,-249,0,0,0,-94,0
202,-481,-249,0,0,0,-94,0
203,-481,-249,0,0,0,-94,0
204,-481,-249,0,0,0,-94,0
205,-481,-249,0,0,0,-94,0
206,-481,-249,0,0,0,-94,0
207,-481,-249,0,0,0,-94,0
208,-481,-249,0,0,0,-94,0
209,-481,-249,0,0,0,-94,0
210,-481,-249,0,0,0,-94,0
211,-481,-249,1,0,0,-94,0
212,-481,-249,1,0,0,-94,0
213,-481,-249,1,0,0,-94,0
214,-481,-249,1,0,0,-94,0
215,-481,-249,1,0,0,-94,0
216,-481,-249,1,0,0,-94,0
217,-481,-249,1,0,0,-94,0
218,-481,-249,1,0,0,-94,0
219,-481,-249,1,0,0,-94,0
220,-481,-249,1,0,0,-94,0
221,-481,-249,1,0,0,-94,0
222,-481,-249,1,0,0,-94,0
223,-481,-249,1,0,0,-94,0
224,-481,-249,1,0,0,-94,0
225,-481,-249,1,0,0,-94,0
226,-481,-249,1,0,0,-94,0
227,-481,-249,1,0,0,-94,0
228,-481,-249,1,0,0,-94,0
229,-481,-249,1,0,0,-94,0
230,-481,-249,1,0,0,-94,0
231,-481,-249,1,0,0,-94,0
232,-481,-249,1,0,0,-94,0
233,-481,-249,1,0,0,-94,0
234,-481,-249,1,0,0,-94,0
235,-481,-249,1,0,0,-94,0
236,-481,-248,1,0,0,-94,0
237,-481,-248,1,0,0,-94,0
238,-481,-248,1,0,0,-94,0
239,-481,-248,1,0,0,-94,0
240,-481,-248,1,0,0,-94,0
241,-481,-248,1,0,0,-94,0
242,-481,-248,1,0,0,-94,0
243,-481,-248,1,0,0,-94,0
244,-481,-248,1,0,0,-94,0
245,-481,-248,1,0,0,-94,0
246,-481,-248,1,0,0,-94,0
247,-481,-248,1,0,0,-94,0
248,-481,-248,1,0,0,-94,0
249,-481,-248,1,0,0,-94,0
250,-481,-248,1,0,0,-94,0
251,-481,-248,1,0,0,-94,0
252,-481,-248,1,0,0,-94,0
253,-481,-248,1,0,0,-94,0
254,-481,-248,1,0,0,-94,0
255,-481,-248,1,0,0,-94,0
256,-481,-248,1,0,0,-94,0
257,-481,-248,1,0,0,-94,0
258,-481,-248,1,0,0,-94,0
259,-481,-248,1,0,0,-94,0
260,-481,-248,1,0,0,-94,0
261,-481,-248,1,0,0,-94,0
262,-480,-248,1,0,0,-94,0
263,-480,-248,1,0,0,-94,0
264,-480,-248,1,0,0,-94,0
265,-480,-249,1,0,0,-94,0
266,-480,-249,1,0,0,-94,0
267,-480,-249,1,0,0,-94,0
268,-480,-249,1,0,0,-94,0
269,-480,-249,1,0,0,-94,0
270,-479,-249,1,0,0,-94,0
271,-479,-249,1,0,0,-94,0
272,-479,-249,1,0,0,-94,0
273,-479,-249,1,0,0,-94,0
274,-479,-249,1,0,0,-94,0
275,-479,-249,1,0,0,-94,0
276,-479,-249,1,0,0,-94,0
277,-479,-249,1,0,0,-94,0
278,-479,-249,1,0,0,-94,0
279,-479,-249,1,0,0,-94,0
280,-479,-249,1,0,0,-94,0
281,-479,-249,1,0,0,-94,0
282,-479,-249,1,0,0,-94,0
283,-478,-249,1,0,0,-94,0
284,-478,-249,1,0,0,-94,0
285,-478,-249,1,0,0,-94,0
286,-478,-249,1,0,0,-94,0
287,-478,-249,1,0,0,-94,0
288,-478,-249,1,0,0,-94,0
289,-478,-249,1,0,0,-94,0
290,-478,-249,1,0,0,-94,0
291,-477,-249,1,0,0,-94,0
292,-477,-249,1,0,0,-94,0
293,-477,-249,1,0,0,-94,0
294,-477,-248,1,0,0,-94,0
295,-477,-248,1,0,0,-94,0
296,-477,-248,1,0,0,-94,0
297,-477,-248,1,0,0,-94,0
298,-477,-248,1,0,0,-94,0
299,-477,-248,1,0,0,-94,0
300,-477,-248,1,0,0,-94,0
301,-477,-248,1,0,0,-94,0
302,-477,-248,1,0,0,-94,0
303,-477,-248,1,0,0,-94,0
304,-477,-248,1,0,0,-94,0
305,-476,-248,1,0,0,-94,0
306,-476,-248,1,0,0,-94,0
307,-476,-248,1,0,0,-94,0
308,-476,-248,1,0,0,-94,0
309,-475,-248,1,0,0,-94,0
310,-475,-248,1,0,0,-94,0
311,-475,-248,1,0,0,-94,0
312,-475,-248,1,0,0,-94,0
313,-474,-248,1,0,0,-94,0
314,-474,-248,1,0,0,-94,0
315,-474,-248,1,0,0,-94,0
316,-474,-248,1,0,0,-94,0
317,-474,-248,1,0,0,-94,0
318,-474,-248,1,0,0,-94,0
319,-474,-248,1,0,0,-94,0
320,-473,-248,1,0,0,-94,0
321,-473,-249,1,0,0,-94,0
322,-473,-249,1,0,0,-94,0
323,-473,-249,1,0,0,-94,0
324,-473,-249,1,0,0,-94,0
325,-473,-249,1,0,0,-94,0
326,-473,-249,1,0,0,-94,0
327,-472,-249,1,0,0,-94,0
328,-472,-249,1,0,0,-94,0
329,-472,-249,1,0,0,-94,0
330,-472,-249,1,0,0,-94,0
331,-472,-249,1,0,0,-94,0
332,-472,-249,1,0,0,-94,0
333,-472,-249,1,0,0,-94,0
334,-471,-249,1,0,0,-94,0
335,-471,-249,1,0,0,-94,0
336,-471,-249,1,0,0,-94,0
337,-471,-249,1,0,0,-94,0
338,-471,-249,1,0,0,-94,0
339,-471,-249,1,0,0,-94,0
340,-470,-248,1,0,0,-94,0
341,-470,-248,1,0,0,-94,0
342,-470,-248,1,0,0,-94,0
343,-470,-248,1,0,0,-94,0
344,-470,-248,1,0,0,-94,0
345,-470,-248,1,0,0,-94,0
346,-470,-248,1,0,0,-94,0
347,-469,-248,1,0,0,-94,0
348,-469,-248,1,0,0,-94,0
349,-469,-248,1,0,0,-94,0
350,-469,-248,1,0,0,-94,0
351,-469,-248,1,0,0,-94,0
352,-469,-248,1,0,0,-94,0
353,-469,-248,1,0,0,-94,0
354,-469,-248,1,0,0,-94,0
355,-469,-248,1,0,0,-94,0
356,-468,-248,1,0,0,-94,0
357,-468,-248,1,0,0,-94,0
358,-468,-248,1,0,0,-94,0
359,-468,-248,1,0,0,-94,0
360,-468,-248,1,0,0,-94,0
361,-468,-248,1,0,0,-94,0
362,-468,-248,1,0,0,-94,0
363,-468,-248,1,0,0,-94,0
364,-468,-248,1,0,0,-94,0
365,-467,-248,1,0,0,-94,0
366,-467,-248,1,0,0,-94,0
367,-467,-248,1,0,0,-94,0
368,-467,-248,1,0,0,-94,0
369,-467,-248,1,0,0,-94,0
370,-467,-248,1,0,0,-94,0
371,-467,-248,1,0,0,-94,0
372,-467,-248,1,0,0,-94,0
373,-467,-248,1,0,0,-94,0
374,-467,-248,1,0,0,-94,0
375,-467,-248,1,0,0,-94,0
376,-467,-248,1,0,0,-94,0
377,-467,-248,1,0,0,-94,0
378,-467,-248,1,0,0,-94,0
379,-467,-248,1,0,0,-94,0
380,-467,-248,1,0,0,-94,0
381,-467,-248,1,0,0,-94,0
382,-467,-248,1,0,0,-94,0
383,-467,-248,1,0,0,-94,0
384,-467,-248,1,0,0,-94,0
385,-467,-248,1,0,0,-94,0
386,-467,-248,1,0,0,-94,0
387,-467,-248,1,0,0,-94,0
388,-467,-248,1,0,0,-94,0
389,-467,-248,1,0,0,-94,0
390,-467,-248,1,0,0,-94,0
391,-467,-248,1,0,0,-94,0
392,-467,-248,1,0,0,-94,0
393,-467,-248,1,0,0,-94,0
394,-467,-248,1,0,0,-94,0
395,-467,-248,1,0,0,-94,0
396,-467,-248,1,0,0,-94,0
397,-467,-248,1,0,0,-94,0
398,-467,-248,1,0,0,-94,0
399,-467,-248,1,0,0,-94,0
400,-467,-248,1,0,0,-94,0
401,-467,-248,0,0,0,-94,0
402,-467,-248,0,0,0,-94,0
403,-467,-248,0,0,0,-94,0
404,-467,-248,0,0,0,-94,0
405,-467,-248,0,0,0,-94,0
406,-467,-248,0,0,0,-94,0
407,-467,-248,0,0,0,-94,0
408,-467,-248,0,0,0,-94,0
409,-467,-248,0,0,0,-94,0
410,-467,-248,0,0,0,-94,0
411,-467,-248,0,0,0,-94,0
412,-467,-248,0,0,0,-94,0
413,-467,-248,0,0,0,-94,0
414,-467,-248,0,0,0,-94,0
415,-467,-248,0,0,0,-94,0
416,-467,-248,0,0,0,-94,0
417,-467,-248,0,0,0,-94,0
418,-467,-248,0,0,0,-94,0
419,-467,-248,0,0,0,-94,0
420,-467,-248,0,0,0,-94,0
421,-467,-248,0,0,0,-94,0
422,-467,-248,0,0,0,-94,0
423,-467,-248,0,0,0,-94,0
424,-467,-248,0,0,0,-94,0
425,-467,-248,0,0,0,-94,0
426,-467,-248,0,0,0,-94,0
427,-467,-248,0,0,0,-94,0
428,-467,-248,0,0,0,-94,0
429,-467,-248,0,0,0,-94,0
430,-467,-248,0,0,0,-94,0
431,-467,-248,0,0,0,-94,0
432,-467,-248,0,0,0,-94,0
433,-467,-248,0,0,0,-94,0
434,-467,-248,0,0,0,-94,0
435,-467,-248,0,0,0,-94,0
436,-467,-248,0,0,0,-94,0
437,-467,-248,0,0,0,-94,0
438,-467,-248,0,0,0,-94,0
439,-467,-248,0,0,0,-94,0
440,-467,-248,0,0,0,-94,0
441,-467,-248,0,0,0,-94,0
442,-467,-248,0,0,0,-94,0
443,-467,-248,0,0,0,-94,0
444,-467,-248,0,0,0,-94,0
445,-467,-248,0,0,0,-94,0
446,-468,-248,0,0,0,-94,0
447,-468,-248,0,0,0,-94,0
448,-468,-248,0,0,0,-94,0
449,-468,-248,0,0,0,-94,0
450,-468,-248,0,0,0,-94,0
451,-468,-248,0,0,0,-94,0
452,-468,-248,0,0,0,-94,0
453,-468,-248,0,0,0,-94,0
454,-469,-248,0,0,0,-94,0
455,-469,-247,0,0,0,-94,0
456,-469,-247,0,0,0,-94,0
457,-469,-247,0,0,0,-94,0
458,-469,-247,0,0,0,-94,0
459,-469,-247,0,0,0,-94,0
460,-469,-247,0,0,0,-94,0
461,-469,-247,0,0,0,-94,0
462,-469,-247,0,0,0,-94,0
463,-469,-247,0,0,0,-94,0
464,-469,-247,0,0,0,-94,0
465,-470,-247,0,0,0,-94,0
466,-470,-247,0,0,0,-94,0
467,-470,-247,0,0,0,-94,0
468,-470,-247,0,0,0,-94,0
469,-470,-247,0,0,0,-94,0
470,-470,-247,0,0,0,-94,0
471,-470,-247,0,0,0,-94,0
472,-470,-247,0,0,0,-94,0
473,-470,-247,0,0,0,-94,0
474,-471,-247,0,0,0,-94,0
475,-471,-247,0,0,0,-94,0
476,-471,-247,0,0,0,-94,0
477,-471,-247,0,0,0,-94,0
478,-471,-247,0,0,0,-94,0
479,-471,-247,0,0,0,-94,0
480,-472,-247,0,0,0,-94,0
481,-472,-247,0,0,0,-94,0
482,-472,-247,0,0,0,-94,0
483,-472,-248,0,0,0,-94,0
484,-472,-248,0,0,0,-94,0
485,-472,-248,0,0,0,-94,0
486,-472,-248,0,0,0,-94,0
487,-472,-248,0,0,0,-94,0
488,-472,-248,0,0,0,-94,0
489,-472,-248,0,0,0,-94,0
490,-472,-248,0,0,0,-94,0
491,-472,-248,0,0,0,-94,0
492,-472,-248,0,0,0,-94,0
493,-472,-248,0,0,0,-94,0
494,-472,-248,0,0,0,-94,0
495,-472,-248,0,0,0,-94,0
496,-472,-248,0,0,0,-94,0
497,-472,-248,0,0,0,-94,0
498,-472,-248,0,0,0,-94,0
499,-472,-248,0,0,0,-94,0
500,-472,-248,0,0,0,-94,0
501,-472,-248,0,0,0,-94,0
502,-472,-248,0,0,0,-94,0
503,-472,-248,0,0,0,-94,0
504,-472,-248,0,0,0,-94,0
505,-472,-248,0,0,0,-94,0
506,-472,-248,0,0,0,-94,0
507,-472,-248,0,0,0,-94,0
508,-472,-248,0,0,0,-94,0
509,-472,-248,0,0,0,-94,0
510,-472,-248,0,0,0,-94,0
511,-472,-248,0,0,0,-94,0
512,-472,-248,0,0,0,-94,0
513,-472,-248,0,0,0,-94,0
514,-472,-248,0,0,0,-94,0
515,-472,-248,0,0,0,-94,0
516,-472,-248,0,0,0,-94,0
517,-472,-248,0,0,0,-94,0
518,-472,-248,0,0,0,-94,0
519,-472,-248,0,0,0,-94,0
520,-472,-248,0,0,0,-94,0
521,-472,-248,0,0,0,-94,0
522,-472,-248,0,0,0,-94,0
523,-472,-248,0,0,0,-94,0
524,-472,-248,0,0,0,-94,0
525,-472,-248,0,0,0,-94,0
526,-472,-248,0,0,0,-94,0
527,-472,-248,0,0,0,-94,0
528,-472,-248,0,0,0,-94,0
529,-472,-248,0,0,0,-94,0
530,-472,-247,0,0,0,-94,0
531,-472,-247,0,0,0,-94,0
532,-472,-247,0,0,0,-94,0
533,-472,-247,0,0,0,-94,0
534,-472,-247,0,0,0,-94,0
535,-472,-247,0,0,0,-94,0
536,-472,-247,0,0,0,-94,0
537,-472,-247,0,0,0,-94,0
538,-472,-247,0,0,0,-94,0
539,-472,-247,0,0,0,-94,0
540,-472,-247,0,0,0,-94,0
541,-472,-247,0,0,0,-94,0
542,-472,-247,0,0,0,-94,0
543,-472,-247,0,0,0,-94,0
544,-472,-247,0,0,0,-94,0
545,-472,-247,0,0,0,-94,0
546,-472,-247,0,0,0,-94,0
547,-472,-247,0,0,0,-94,0
548,-472,-247,0,0,0,-94,0
549,-472,-247,0,0,0,-94,0
550,-472,-247,0,0,0,-94,0
551,-473,-247,0,0,0,-94,0
552,-473,-247,0,0,0,-94,0
553,-474,-247,0,0,0,-94,0
554,-474,-247,0,0,0,-94,0
555,-474,-247,0,0,0,-94,0
556,-474,-247,0,0,0,-94,0
557,-474,-247,0,0,0,-94,0
558,-474,-247,0,0,0,-94,0
559,-474,-247,0,0,0,-94,0
560,-474,-247,0,0,0,-94,0
561,-474,-247,0,0,0,-94,0
562,-474,-247,0,0,0,-94,0
563,-474,-247,0,0,0,-94,0
564,-474,-247,0,0,0,-94,0
565,-474,-247,0,0,0,-94,0
566,-474,-247,0,0,0,-94,0
567,-474,-247,0,0,0,-94,0
568,-474,-247,0,0,0,-94,0
569,-474,-247,0,0,0,-94,0
570,-474,-247,0,0,0,-94,0
571,-474,-247,0,0,0,-94,0
572,-474,-247,0,0,0,-94,0
573,-474,-247,0,0,0,-51,2
574,-474,-247,0,0,0,-51,2
575,-474,-247,0,0,0,-51,2
576,-474,-247,0,0,0,-51,2
577,-474,-247,0,0,0,-51,2
578,-474,-247,0,0,0,-51,2
579,-474,-247,0,0,0,-51,2
580,-474,-247,0,0,0,-51,2
581,-474,-247,0,0,0,-51,2
582,-474,-247,0,0,0,-51,2
583,-474,-247,0,0,0,-51,2
584,-474,-247,0,0,0,-51,1
585,-474,-247,0,0,0,-51,1
586,-474,-247,0,0,0,-51,1
587,-474,-247,0,0,0,-51,1
588,-474,-247,0,0,0,-51,1
589,-474,-247,0,0,0,-51,1
590,-474,-247,0,0,0,-51,1
591,-474,-247,0,0,0,-51,1
592,-474,-247,0,0,0,-51,1
593,-474,-247,0,0,0,-51,1
594,-474,-247,0,0,0,-51,1
595,-474,-247,0,0,0,-51,1
596,-474,-247,0,0,0,-51,1
597,-474,-247,0,0,0,-51,1
598,-474,-247,0,0,0,-51,1
599,-474,-247,0,0,0,-51,1
600,-474,-247,0,0,0,-51,1
601,-474,-247,0,0,0,-51,1
602,-474,-247,0,0,0,-51,1
603,-474,-247,0,0,0,-51,1
604,-474,-247,0,0,0,-51,1
605,-474,-247,0,0,0,-51,1
606,-474,-247,0,0,0,-51,1
607,-474,-247,0,0,0,-51,1
608,-474,-247,0,0,0,-51,1
609,-474,-247,0,0,0,-51,1
610,-474,-247,0,0,0,-51,1
611,-474,-247,0,0,0,-51,1
612,-474,-247,0,0,0,-51,1
613,-474,-247,0,0,0,-51,1
614,-474,-247,0,0,0,-51,1
615,-474,-247,0,0,0,-51,1
616,-474,-247,0,0,0,-51,1
617,-474,-247,0,0,0,-51,1
618,-474,-247,0,0,0,-51,1
619,-474,-247,0,0,0,-51,1
620,-474,-247,0,0,0,-51,1
621,-474,-247,0,0,0,-51,1
622,-474,-247,0,0,0,-51,1
623,-474,-247,0,0,0,-51,1
624,-474,-247,0,0,0,-51,1
625,-474,-247,0,0,0,-51,1
626,-474,-247,0,0,0,-51,1
627,-474,-247,0,0,0,-51,1
628,-474,-247,0,0,0,-51,1
629,-474,-247,0,0,0,-51,1
630,-474,-247,0,0,0,-51,1
631,-474,-247,0,0,0,-51,1
632,-474,-247,0,0,0,-51,1
633,-474,-247,0,0,0,-51,1
634,-474,-247,0,0,0,-51,1
635,-474,-247,0,0,0,-51,1
636,-474,-247,0,0,0,-51,1
637,-474,-247,0,0,0,-51,1
638,-474,-247,0,0,0,-51,1
639,-474,-247,0,0,0,-51,1
640,-474,-247,0,0,0,-51,1
641,-474,-247,0,0,0,-51,1
642,-474,-247,0,0,0,-51,1
643,-474,-247,0,0,0,-51,1
644,-474,-247,0,0,0,-51,1
645,-474,-247,0,0,0,-51,1
646,-474,-247,0,0,0,-51,1
647,-474,-247,0,0,0,-51,1
648,-474,-247,0,0,0,-51,1
649,-474,-247,0,0,0,-51,1
650,-474,-247,0,0,0,-51,1
651,-474,-247,0,0,0,-51,1
652,-474,-247,0,0,0,-51,1
653,-474,-247,0,0,0,-51,1
654,-474,-247,0,0,0,-51,1
655,-474,-247,0,0,0,-51,1
656,-474,-247,0,0,0,-51,1
657,-474,-247,0,0,0,-51,1
658,-474,-247,0,0,0,-51,1
659,-474,-247,0,0,0,-51,1
660,-474,-247,0,0,0,-51,1
661,-474,-247,0,0,0,-51,1
662,-474,-247,0,0,0,-51,1
663,-474,-247,0,0,0,-51,1
664,-474,-247,0,0,0,-51,1
665,-474,-247,0,0,0,-51,1
666,-474,-247,0,0,0,-51,1
667,-474,-247,0,0,0,-51,1
668,-474,-247,0,0,0,-51,1
669,-474,-247,0,0,0,-51,1
670,-474,-247,0,0,0,-51,1
671,-474,-247,0,0,0,-51,1
672,-474,-247,0,0,0,-51,1
673,-474,-247,0,0,0,-51,1
674,-474,-247,0,0,0,-51,1
675,-474,-247,0,0,0,-51,1
676,-474,-247,0,0,0,-51,1
677,-474,-247,0,0,0,-51,1
678,-474,-247,0,0,0,-51,1
679,-474,-247,0,0,0,-51,1
680,-474,-247,0,0,0,-51,1
681,-474,-247,0,0,0,-51,1
682,-474,-247,0,0,0,-51,1
683,-474,-247,0,0,0,-51,1
684,-474,-247,0,0,0,-51,1
685,-474,-247,0,0,0,-51,1
686,-474,-247,0,0,0,-51,1
687,-474,-247,0,0,0,-51,1
688,-474,-247,0,0,0,-51,1
689,-474,-247,0,0,0,-51,1
690,-474,-247,0,0,0,-51,1
691,-474,-247,0,0,0,-51,1
692,-474,-247,0,0,0,-51,1
693,-474,-247,0,0,0,-51,1
694,-474,-247,0,0,0,-51,1
695,-474,-247,0,0,0,-51,1
696,-474,-247,0,0,0,-51,1
697,-474,-247,0,0,0,-51,1
698,-474,-247,0,0,0,-51,1
699,-474,-247,0,0,0,-51,1
700,-474,-247,0,0,0,-51,1
701,-474,-247,0,0,0,-51,1
702,-474,-247,0,0,0,-51,1
703,-474,-247,0,0,0,-51,1
704,-474,-247,0,0,0,-51,1
705,-474,-247,0,0,0,-51,1
706,-474,-247,0,0,0,-51,1
707,-474,-247,0,0,0,-51,1
708,-474,-247,0,0,0,-51,1
709,-474,-247,0,0,0,-51,1
710,-474,-247,0,0,0,-51,1
711,-474,-247,0,0,0,-51,1
712,-474,-247,0,0,0,-51,1
713,-474,-247,0,0,0,-51,1
714,-474,-247,0,0,0,-51,1
715,-474,-247,0,0,0,-51,1
716,-474,-247,0,0,0,-51,1
717,-474,-247,0,0,0,-51,1
718,-474,-247,0,0,0,-51,1
719,-474,-247,0,0,0,-51,1
720,-474,-247,0,0,0,-51,1
721,-474,-247,0,0,0,-51,1
722,-474,-247,0,0,0,-51,1
723,-474,-247,0,0,0,-51,1
724,-474,-247,0,0,0,-51,1
725,-474,-247,0,0,0,-51,1
726,-474,-247,0,0,0,-51,1
727,-474,-247,0,0,0,-51,1
728,-474,-247,0,0,0,-51,1
729,-474,-247,0,0,0,-51,1
730,-474,-247,0,0,0,-51,1
731,-474,-247,0,0,0,-51,1
732,-474,-247,0,0,0,-51,1
733,-474,-247,0,0,0,-51,1
734,-474,-247,0,0,0,-51,1
735,-474,-247,0,0,0,-51,1
736,-474,-247,0,0,0,-51,1
737,-474,-247,0,0,0,-51,1
738,-474,-247,0,0,0,-51,1
739,-474,-247,0,0,0,-51,1
740,-474,-247,0,0,0,-51,1
741,-474,-247,0,0,0,-51,1
742,-474,-247,0,0,0,-51,1
743,-474,-247,0,0,0,-51,1
744,-474,-247,0,0,0,-51,1
745,-474,-247,0,0,0,-51,1
746,-474,-247,0,0,0,-51,1
747,-474,-247,0,0,0,-51,1
748,-474,-247,0,0,0,-51,1
749,-474,-247,0,0,0,-51,1
750,-474,-247,0,0,0,-51,1
751,-474,-247,0,0,0,-51,1
752,-474,-247,0,0,0,-51,1
753,-474,-247,0,0,0,-51,1
754,-474,-247,0,0,0,-51,1
755,-474,-247,0,0,0,-51,1
756,-474,-247,0,0,0,-51,1
757,-474,-247,0,0,0,-51,1
758,-474,-247,0,0,0,-51,1
759,-474,-247,0,0,0,-51,1
760,-474,-247,0,0,0,-51,1
761,-474,-247,0,0,0,-51,1
762,-474,-247,0,0,0,-51,1
763,-474,-247,0,0,0,-51,1
764,-474,-247,0,0,0,-51,1
765,-474,-247,0,0,0,-51,1
766,-474,-247,0,0,0,-51,1
767,-474,-247,0,0,0,-51,1
768,-474,-247,0,0,0,-51,1
769,-474,-247,0,0,0,-51,1
770,-474,-247,0,0,0,-51,1
771,-474,-247,0,0,0,-51,1
772,-474,-247,0,0,0,-51,1
773,-474,-247,0,0,0,-51,1
774,-474,-247,0,0,0,-51,1
775,-474,-247,0,0,0,-51,1
776,-474,-247,0,0,0,-51,1
777,-474,-247,0,0,0,-51,1
778,-474,-247,0,0,0,-51,1
779,-474,-247,0,0,0,-51,1
780,-474,-247,0,0,0,-51,1
781,-474,-247,0,0,0,-51,1
782,-474,-247,0,0,0,-51,1
783,-474,-247,0,0,0,-51,1
784,-474,-247,0,0,0,-51,1
785,-474,-247,0,0,0,-51,1
786,-474,-247,0,0,0,-51,1
787,-474,-247,0,0,0,-51,1
788,-474,-247,0,0,0,-51,1
789,-474,-247,0,0,0,-51,1
790,-474,-247,0,0,0,-51,1
791,-474,-247,0,0,0,-51,1
792,-474,-247,0,0,0,-51,1
793,-474,-247,0,0,0,-51,1
794,-474,-247,0,0,0,-51,1
795,-474,-247,0,0,0,-51,1
796,-474,-247,0,0,0,-51,1
797,-474,-247,0,0,0,-51,1
798,-474,-247,0,0,0,-51,1
799,-474,-247,0,0,0,-51,1
800,-474,-247,0,0,0,-51,1
801,-474,-247,0,0,0,-51,1
802,-474,-247,0,0,0,-51,1
803,-474,-247,0,0,0,-51,1
804,-474,-247,0,0,0,-51,1
805,-474,-247,0,0,0,-51,1
806,-474,-247,0,0,0,-51,1
807,-474,-247,0,0,0,-51,1
808,-474,-247,0,0,0,-51,1
809,-474,-247,0,0,0,-51,1
810,-474,-247,0,0,0,-51,1
811,-474,-247,0,0,0,-51,1
812,-474,-247,0,0,0,-51,1
813,-474,-247,0,0,0,-51,1
814,-474,-247,0,0,0,-51,1
815,-474,-247,0,0,0,-51,1
816,-474,-247,0,0,0,-51,1
817,-474,-247,0,0,0,-51,1
818,-474,-247,0,0,0,-51,1
819,-474,-247,0,0,0,-51,1
820,-474,-247,0,0,0,-51,1
821,-474,-247,0,0,0,-51,1
822,-474,-247,0,0,0,-51,1
823,-474,-247,0,0,0,-51,1
824,-474,-247,0,0,0,-51,1
825,-474,-247,0,0,0,-51,1
826,-474,-247,0,0,0,-51,1
827,-474,-247,0,0,0,-51,1
828,-474,-247,0,0,0,-51,1
829,-474,-247,0,0,0,-51,1
830,-474,-247,0,0,0,-51,1
831,-474,-247,0,0,0,-51,1
832,-474,-247,0,0,0,-51,1
833,-474,-247,0,0,0,-51,1
834,-474,-247,0,0,0,-51,1
835,-474,-247,0,0,0,-51,1
836,-474,-247,0,0,0,-51,1
837,-474,-247,0,0,0,-51,1
838,-474,-247,0,0,0,-51,1
839,-474,-247,0,0,0,-51,1
840,-474,-247,0,0,0,-51,1
841,-474,-247,0,0,0,-51,1
842,-474,-247,0,0,0,-51,1
843,-474,-247,0,0,0,-51,1
844,-474,-247,0,0,0,-51,1
845,-474,-247,0,0,0,-51,1
846,-474,-247,0,0,0,-51,1
847,-474,-247,0,0,0,-51,1
848,-474,-247,0,0,0,-51,1
849,-474,-247,0,0,0,-51,1
850,-474,-247,0,0,0,-51,1
851,-474,-247,0,0,0,-51,1
852,-474,-247,0,0,0,-51,1
853,-474,-247,0,0,0,-51,1
854,-474,-247,0,0,0,-51,1
855,-474,-247,0,0,0,-51,1
856,-474,-247,0,0,0,-51,1
857,-474,-247,0,0,0,-51,1
858,-474,-247,0,0,0,-51,1
859,-474,-247,0,0,0,-51,1
860,-474,-247,0,0,0,-51,1
861,-474,-247,0,0,0,-51,1
862,-474,-247,0,0,0,-51,1
863,-474,-247,0,0,0,-51,1
864,-474,-247,0,0,0,-51,1
865,-474,-247,0,0,0,-51,1
866,-474,-247,0,0,0,-51,1
867,-474,-247,0,0,0,-51,1
868,-474,-247,0,0,0,-51,1
869,-474,-247,0,0,0,-51,1
870,-474,-247,0,0,0,-51,1
871,-474,-247,0,0,0,-51,1
872,-474,-247,0,0,0,-51,1
873,-474,-247,0,0,0,-51,1
874,-474,-247,0,0,0,-51,1
875,-474,-247,0,0,0,-51,1
876,-474,-247,0,0,0,-51,1
877,-474,-247,0,0,0,-51,1
878,-474,-247,0,0,0,-51,1
879,-474,-247,0,0,0,-51,1
880,-474,-247,0,0,0,-51,1
881,-474,-247,0,0,0,-51,1
882,-474,-247,0,0,0,-51,1
883,-474,-247,0,0,0,-51,1
884,-474,-247,0,0,0,-51,1
885,-474,-247,0,0,0,-51,1
886,-474,-247,0,0,0,-51,1
887,-474,-247,0,0,0,-51,1
888,-474,-247,0,0,0,-51,1
889,-474,-247,0,0,0,-51,1
890,-474,-247,0,0,0,-51,1
891,-474,-247,0,0,0,-51,1
892,-474,-247,0,0,0,-51,1
893,-474,-247,0,0,0,-51,1
894,-474,-247,0,0,0,-51,1
895,-474,-247,0,0,0,-51,1
896,-474,-247,0,0,0,-51,1
897,-474,-247,0,0,0,-51,1
898,-474,-247,0,0,0,-51,1
899,-474,-247,0,0,0,-51,1
900,-474,-247,0,0,0,-51,1
901,-474,-247,0,0,0,-51,1
902,-474,-247,0,0,0,-51,1
903,-474,-247,0,0,0,-51,1
904,-474,-247,0,0,0,-51,1
905,-474,-247,0,0,0,-51,1
906,-474,-247,0,0,0,-51,1
907,-474,-247,0,0,0,-51,1
908,-474,-247,0,0,0,-51,1
909,-474,-247,0,0,0,-51,1
910,-474,-247,0,0,0,-51,1
911,-474,-247,0,0,0,-51,1
912,-474,-247,0,0,0,-51,1
913,-474,-247,0,0,0,-51,1
914,-474,-247,0,0,0,-51,1
915,-474,-247,0,0,0,-51,1
916,-474,-247,0,0,0,-51,1
917,-474,-247,0,0,0,-51,1
918,-474,-247,0,0,0,-51,1
919,-474,-247,0,0,0,-51,1
920,-474,-247,0,0,0,-51,1
921,-474,-247,0,0,0,-51,1
922,-474,-247,0,0,0,-51,1
923,-474,-247,0,0,0,-51,1
924,-474,-247,0,0,0,-51,1
925,-474,-247,0,0,0,-51,1
926,-474,-247,0,0,0,-51,1
927,-474,-247,0,0,0,-51,1
928,-474,-247,0,0,0,-51,1
929,-474,-247,0,0,0,-51,1
930,-474,-247,0,0,0,-51,1
931,-474,-247,0,0,0,-51,1
932,-474,-247,0,0,0,-51,1
933,-474,-247,0,0,0,-51,1
934,-474,-247,0,0,0,-51,1
935,-474,-247,0,0,0,-51,1
936,-474,-247,0,0,0,-51,1
937,-474,-247,0,0,0,-51,1
938,-474,-247,0,0,0,-51,1
939,-474,-247,0,0,0,-51,1
940,-474,-247,0,0,0,-51,1
941,-474,-247,0,0,0,-51,1
942,-474,-247,0,0,0,-51,1
943,-474,-247,0,0,0,-51,1
944,-474,-247,0,0,0,-51,1
945,-474,-247,0,0,0,-51,1
946,-474,-247,0,0,0,-51,1
947,-474,-247,0,0,0,-51,1
948,-474,-247,0,0,0,-51,1
949,-474,-247,0,0,0,-51,1
950,-474,-247,0,0,0,-51,1
951,-474,-247,0,0,0,-51,1
952,-474,-247,0,0,0,-51,1
953,-474,-247,0,0,0,-51,1
954,-474,-247,0,0,0,-51,1
955,-474,-247,0,0,0,-51,1
956,-474,-247,0,0,0,-51,1
957,-474,-247,0,0,0,-51,1
958,-474,-247,0,0,0,-51,1
959,-474,-247,0,0,0,-51,1
960,-474,-247,0,0,0,-51,1
961,-474,-247,0,0,0,-51,1
962,-474,-247,0,0,0,-51,1
963,-474,-247,0,0,0,-51,1
964,-474,-247,0,0,0,-51,1
965,-474,-247,0,0,0,-51,1
966,-474,-247,0,0,0,-51,1
967,-474,-247,0,0,0,-51,1
968,-474,-247,0,0,0,-51,1
969,-474,-247,0,0,0,-51,1
970,-474,-247,0,0,0,-51,1
971,-474,-247,0,0,0,-51,1
972,-474,-247,0,0,0,-51,1
973,-474,-247,0,0,0,-51,1
974,-474,-247,0,0,0,-51,1
975,-474,-247,0,0,0,-51,1
976,-474,-247,0,0,0,-51,1
977,-474,-247,0,0,0,-51,1
978,-474,-247,0,0,0,-51,1
979,-474,-247,0,0,0,-51,1
980,-474,-247,0,0,0,-51,1
981,-474,-247,0,0,0,-51,1
982,-474,-247,0,0,0,-51,1
983,-474,-247,0,0,0,-51,1
984,-474,-247,0,0,0,-51,1
985,-474,-247,0,0,0,-51,1
986,-474,-247,0,0,0,-51,1
987,-474,-247,0,0,0,-51,1
988,-474,-247,0,0,0,-51,1
989,-474,-247,0,0,0,-51,1
990,-474,-247,0,0,0,-51,1
991,-474,-247,0,0,0,-51,1
992,-474,-247,0,0,0,-51,1
993,-474,-247,0,0,0,-51,1
994,-474,-247,0,0,0,-51,1
995,-474,-247,0,0,0,-51,1
996,-474,-247,0,0,0,-51,1
997,-474,-247,0,0,0,-51,1
998,-474,-247,0,0,0,-51,1
999,-474,-247,0,0,0,-51,1
1000,-474,-247,0,0,0,-51,1
1001,-474,-247,0,0,0,-51,1
1002,-474,-247,0,0,0,-51,1
1003,-474,-247,0,0,0,-51,1
1004,-474,-247,0,0,0,-51,1
1005,-474,-247,0,0,0,-51,1
1006,-474,-247,0,0,0,-51,1
1007,-474,-247,0,0,0,-51,1
1008,-474,-247,0,0,0,-51,1
1009,-474,-247,0,0,0,-51,1
1010,-474,-247,0,0,0,-51,1
1011,-474,-247,0,0,0,-51,1
1012,-474,-247,0,0,0,-51,1
1013,-474,-247,0,0,0,-51,1
1014,-474,-247,0,0,0,-51,1
1015,-474,-247,0,0,0,-51,1
1016,-474,-247,0,0,0,-51,1
1017,-474,-247,0,0,0,-51,1
1018,-474,-247,0,0,0,-51,1
1019,-474,-247,0,0,0,-51,1
1020,-474,-247,0,0,0,-51,1
1021,-474,-247,0,0,0,-51,1
1022,-474,-247,0,0,0,-51,1
1023,-474,-247,0,0,0,-51,1
1024,-474,-247,0,0,0,-51,1
1025,-474,-247,0,0,0,-51,1
1026,-474,-247,0,0,0,-51,1
1027,-474,-247,0,0,0,-51,1
1028,-474,-247,0,0,0,-51,1
1029,-474,-247,0,0,0,-51,1
1030,-474,-247,0,0,0,-51,1
1031,-474,-247,0,0,0,-51,1
1032,-474,-247,0,0,0,-51,1
1033,-474,-247,0,0,0,-51,1
1034,-474,-247,0,0,0,-51,1
1035,-474,-247,0,0,0,-51,1
1036,-474,-247,0,0,0,-51,1
1037,-474,-247,0,0,0,-51,1
1038,-474,-247,0,0,0,-51,1
1039,-474,-247,0,0,0,-51,1
1040,-474,-247,0,0,0,-51,1
1041,-474,-247,0,0,0,-51,1
1042,-474,-247,0,0,0,-51,1
1043,-474,-247,0,0,0,-51,1
1044,-474,-247,0,0,0,-51,1
1045,-474,-247,0,0,0,-51,1
1046,-474,-247,0,0,0,-51,1
1047,-474,-247,0,0,0,-51,1
1048,-474,-247,0,0,0,-51,1
1049,-474,-247,0,0,0,-51,1
1050,-474,-247,0,0,0,-51,1
1051,-474,-247,0,0,0,-51,1
1052,-474,-247,0,0,0,-51,1
1053,-474,-247,0,0,0,-51,1
1054,-474,-247,0,0,0,-51,1
1055,-474,-247,0,0,0,-51,1
1056,-474,-247,0,0,0,-51,1
1057,-474,-247,0,0,0,-51,1
1058,-474,-247,0,0,0,-51,1
1059,-474,-247,0,0,0,-51,1
1060,-474,-247,0,0,0,-51,1
1061,-474,-247,0,0,0,-51,1
1062,-474,-247,0,0,0,-51,1
1063,-474,-247,0,0,0,-51,1
1064,-474,-247,0,0,0,-51,1
1065,-474,-247,0,0,0,-51,1
1066,-474,-247,0,0,0,-51,1
1067,-474,-247,0,0,0,-51,1
1068,-474,-247,0,0,0,-51,1
1069,-474,-247,0,0,0,-51,1
1070,-474,-247,0,0,0,-51,1
1071,-474,-247,0,0,0,-51,1
1072,-474,-247,0,0,0,-51,1
1073,-474,-247,0,0,0,-51,1
1074,-474,-247,0,0,0,-51,1
1075,-474,-247,0,0,0,-51,1
1076,-474,-247,0,0,0,-51,1
1077,-474,-247,0,0,0,-51,1
1078,-474,-247,0,0,0,-51,1
1079,-474,-247,0,0,0,-51,1
1080,-474,-247,0,0,0,-51,1
1081,-474,-247,0,0,0,-51,1
1082,-474,-247,0,0,0,-51,1
1083,-474,-247,0,0,0,-51,1
1084,-474,-247,0,0,0,-51,1
1085,-474,-247,0,0,0,-51,1
1086,-474,-247,0,0,0,-51,1
1087,-474,-247,0,0,0,-51,1
1088,-474,-247,0,0,0,-51,1
1089,-474,-247,0,0,0,-51,1
1090,-474,-247,0,0,0,-51,1
1091,-474,-247,0,0,0,-51,1
1092,-474,-247,0,0,0,-51,1
1093,-474,-247,0,0,0,-51,1
1094,-474,-247,0,0,0,-51,1
1095,-474,-247,0,0,0,-51,1
1096,-474,-247,0,0,0,-51,1
1097,-474,-247,0,0,0,-51,1
1098,-474,-247,0,0,0,-51,1
1099,-474,-247,0,0,0,-51,1
1100,-474,-247,0,0,0,-51,1
1101,-474,-247,0,0,0,-51,1
1102,-474,-247,0,0,0,-51,1
1103,-474,-247,0,0,0,-51,1
1104,-474,-247,0,0,0,-51,1
1105,-474,-247,0,0,0,-51,1
1106,-474,-247,0,0,0,-51,1
1107,-474,-247,0,0,0,-51,1
1108,-474,-247,0,0,0,-51,1
1109,-474,-247,0,0,0,-51,1
1110,-474,-247,0,0,0,-51,1
1111,-474,-247,0,0,0,-51,1
1112,-474,-247,0,0,0,-51,1
1113,-474,-247,0,0,0,-51,1
1114,-474,-247,0,0,0,-51,1
1115,-474,-247,0,0,0,-51,1
1116,-474,-247,0,0,0,-51,1
1117,-474,-247,0,0,0,-51,1
1118,-474,-247,0,0,0,-51,1
1119,-474,-247,0,0,0,-51,1
1120,-474,-247,0,0,0,-51,1
1121,-474,-247,0,0,0,-51,1
1122,-474,-247,0,0,0,-51,1
1123,-474,-247,0,0,0,-51,1
1124,-474,-247,0,0,0,-51,1
1125,-474,-247,0,0,0,-51,1
1126,-474,-247,0,0,0,-51,1
1127,-474,-247,0,0,0,-51,1
1128,-474,-247,0,0,0,-51,1
1129,-474,-247,0,0,0,-51,1
1130,-474,-247,0,0,0,-51,1
1131,-474,-247,0,0,0,-51,1
1132,-474,-247,0,0,0,-51,1
1133,-474,-247,0,0,0,-51,1
1134,-474,-247,0,0,0,-51,1
1135,-474,-247,0,0,0,-51,1
1136,-474,-247,0,0,0,-51,1
1137,-474,-247,0,0,0,-51,1
1138,-474,-247,0,0,0,-51,1
1139,-474,-247,0,0,0,-51,1
1140,-474,-247,0,0,0,-51,1
1141,-474,-247,0,0,0,-51,1
1142,-474,-247,0,0,0,-51,1
1143,-474,-247,0,0,0,-51,1
1144,-474,-247,0,0,0,-51,1
1145,-474,-247,0,0,0,-51,1
1146,-474,-247,0,0,0,-51,1
1147,-474,-247,0,0,0,-51,1
1148,-474,-247,0,0,0,-51,1
1149,-474,-247,0,0,0,-51,1
1150,-474,-247,0,0,0,-51,1
1151,-474,-247,0,0,0,-51,1
1152,-474,-247,0,0,0,-51,1
1153,-474,-247,0,0,0,-51,1
1154,-474,-247,0,0,0,-51,1
1155,-474,-247,0,0,0,-51,1
1156,-474,-247,0,0,0,-51,1
1157,-474,-247,0,0,0,-51,1
1158,-474,-247,0,0,0,-51,1
1159,-474,-247,0,0,0,-51,1
1160,-474,-247,0,0,0,-51,1
1161,-474,-247,0,0,0,-51,1
1162,-474,-247,0,0,0,-51,1
1163,-474,-247,0,0,0,-51,1
1164,-474,-247,0,0,0,-51,1
1165,-474,-247,0,0,0,-51,1
1166,-474,-247,0,0,0,-51,1
1167,-474,-247,0,0,0,-51,1
1168,-474,-247,0,0,0,-51,1
1169,-474,-247,0,0,0,-51,1
1170,-474,-247,0,0,0,-51,1
1171,-474,-247,0,0,0,-51,1
1172,-474,-247,0,0,0,-51,1
1173,-474,-247,0,0,0,-51,1
1174,-474,-247,0,0,0,-51,1
1175,-474,-247,0,0,0,-51,1
1176,-474,-247,0,0,0,-51,1
1177,-474,-247,0,0,0,-51,1
1178,-474,-247,0,0,0,-51,1
1179,-474,-247,0,0,0,-51,1
1180,-474,-247,0,0,0,-51,1
1181,-474,-247,0,0,0,-51,1
1182,-474,-247,0,0,0,-51,1
1183,-474,-247,0,0,0,-51,1
1184,-474,-247,0,0,0,-51,1
1185,-474,-247,0,0,0,-51,1
1186,-474,-247,0,0,0,-51,1
1187,-474,-247,0,0,0,-51,1
1188,-474,-247,0,0,0,-51,1
1189,-474,-247,0,0,0,-51,1
1190,-474,-247,0,0,0,-51,1
1191,-474,-247,0,0,0,-51,1
1192,-474,-247,0,0,0,-51,1
1193,-474,-247,0,0,0,-51,1
1194,-474,-247,0,0,0,-51,1
1195,-474,-247,0,0,0,-51,1
1196,-474,-247,0,0,0,-51,1
1197,-474,-247,0,0,0,-51,1
1198,-474,-247,0,0,0,-51,1
1199,-474,-247,0,0,0,-51,1
1200,-474,-247,0,0,0,-51,1
1201,-474,-247,0,0,0,-51,1
1202,-474,-247,0,0,0,-51,1
1203,-474,-247,0,0,0,-51,1
1204,-474,-247,0,0,0,-51,1
1205,-474,-247,0,0,0,-51,1
1206,-474,-247,0,0,0,-51,1
1207,-474,-247,0,0,0,-51,1
1208,-474,-247,0,0,0,-51,1
1209,-474,-247,0,0,0,-51,1
1210,-474,-247,0,0,0,-51,1
1211,-474,-247,0,0,0,-51,1
1212,-474,-247,0,0,0,-51,1
1213,-474,-247,0,0,0,-51,1
1214,-474,-247,0,0,0,-51,1
1215,-474,-247,0,0,0,-51,1
1216,-474,-247,0,0,0,-51,1
1217,-474,-247,0,0,0,-51,1
1218,-474,-247,0,0,0,-51,1
1219,-474,-247,0,0,0,-51,1
1220,-474,-247,0,0,0,-51,1
1221,-474,-247,0,0,0,-51,1
1222,-474,-247,0,0,0,-51,1
1223,-474,-247,0,0,0,-51,1
1224,-474,-247,0,0,0,-51,1
1225,-474,-247,0,0,0,-51,1
1226,-474,-247,0,0,0,-51,1
1227,-474,-247,0,0,0,-51,1
1228,-474,-247,0,0,0,-51,1
1229,-474,-247,0,0,0,-51,1
1230,-474,-247,0,0,0,-51,1
1231,-474,-247,0,0,0,-51,1
1232,-474,-247,0,0,0,-51,1
1233,-474,-247,0,0,0,-51,1
1234,-474,-247,0,0,0,-51,1
1235,-474,-247,0,0,0,-51,1
1236,-474,-247,0,0,0,-51,1
1237,-474,-247,0,0,0,-51,1
1238,-474,-247,0,0,0,-51,1
1239,-474,-247,0,0,0,-51,1
1240,-474,-247,0,0,0,-51,1
1241,-474,-247,0,0,0,-51,1
1242,-474,-247,0,0,0,-51,1
1243,-474,-247,0,0,0,-51,1
1244,-474,-247,0,0,0,-51,1
1245,-474,-247,0,0,0,-51,1
1246,-474,-247,0,0,0,-51,1
1247,-474,-247,0,0,0,-51,1
1248,-474,-247,0,0,0,-51,1
1249,-474,-247,0,0,0,-51,1
1250,-474,-247,0,0,0,-51,1
1251,-474,-247,0,0,0,-51,1
1252,-474,-247,0,0,0,-51,1
1253,-474,-247,0,0,0,-51,1
1254,-474,-247,0,0,0,-51,1
1255,-474,-247,0,0,0,-51,1
1256,-474,-247,0,0,0,-51,1
1257,-474,-247,0,0,0,-51,1
1258,-474,-247,0,0,0,-51,1
1259,-474,-247,0,0,0,-51,1
1260,-474,-247,0,0,0,-51,1
1261,-474,-247,0,0,0,-51,1
1262,-474,-247,0,0,0,-51,1
1263,-474,-247,0,0,0,-51,1
1264,-474,-247,0,0,0,-51,1
1265,-474,-247,0,0,0,-51,1
1266,-474,-247,0,0,0,-51,1
1267,-474,-247,0,0,0,-51,1
1268,-474,-247,0,0,0,-51,1
1269,-474,-247,0,0,0,-51,1
1270,-474,-247,0,0,0,-51,1
1271,-474,-247,0,0,0,-51,1
1272,-474,-247,0,0,0,-51,1
