t,x,y,fh,fv,r,s,frame:
0,433,-251,0,0,0,-91,0
1,433,-251,0,0,0,-91,0
2,433,-251,0,0,0,-91,0
3,433,-251,0,0,0,-91,0
4,433,-251,0,0,0,-91,0
5,433,-251,0,0,0,-91,0
6,433,-251,0,0,0,-91,0
7,433,-251,0,0,0,-91,0
8,433,-251,0,0,0,-91,0
9,433,-251,0,0,0,-91,0
10,433,-251,0,0,0,-91,0
11,433,-251,0,0,0,-91,0
12,433,-251,0,0,0,-91,0
13,433,-251,0,0,0,-91,0
14,433,-251,0,0,0,-91,0
15,433,-251,0,0,0,-91,0
16,433,-251,0,0,0,-91,0
17,433,-251,0,0,0,-91,0
18,433,-251,0,0,0,-91,0
19,433,-251,0,0,0,-91,0
20,433,-251,0,0,0,-91,0
21,433,-251,0,0,0,-91,0
22,433,-251,0,0,0,-91,0
23,433,-251,0,0,0,-91,0
24,433,-251,0,0,0,-91,0
25,433,-251,0,0,0,-91,0
26,433,-251,0,0,0,-91,0
27,433,-251,0,0,0,-91,0
28,433,-251,0,0,0,-91,0
29,433,-251,0,0,0,-91,0
30,433,-251,0,0,0,-91,0
31,432,-251,0,0,0,-91,0
32,432,-250,0,0,0,-91,0
33,432,-250,0,0,0,-91,0
34,432,-250,0,0,0,-91,0
35,432,-250,0,0,0,-91,0
36,432,-250,0,0,0,-91,0
37,431,-250,0,0,0,-91,0
38,431,-250,0,0,0,-91,0
39,431,-250,0,0,0,-91,0
40,431,-250,0,0,0,-91,0
41,431,-250,0,0,0,-91,0
42,430,-249,0,0,0,-91,0
43,430,-249,0,0,0,-91,0
44,430,-249,0,0,0,-91,0
45,430,-249,0,0,0,-91,0
46,430,-249,0,0,0,-91,0
47,430,-249,0,0,0,-91,0
48,430,-249,0,0,0,-91,0
49,430,-249,0,0,0,-91,0
50,430,-249,0,0,0,-91,0
51,430,-249,0,0,0,-91,0
52,430,-249,0,0,0,-91,0
53,430,-249,0,0,0,-91,0
54,430,-249,0,0,0,-91,0
55,430,-249,0,0,0,-91,0
56,430,-249,0,0,0,-91,0
57,430,-249,0,0,0,-91,0
58,429,-249,0,0,0,-91,0
59,429,-249,0,0,0,-91,0
60,429,-249,0,0,0,-91,0
61,429,-249,0,0,0,-91,0
62,429,-249,0,0,0,-91,0
63,428,-249,0,0,0,-91,0
64,428,-249,0,0,0,-91,0
65,428,-249,0,0,0,-91,0
66,428,-249,0,0,0,-91,0
67,427,-249,0,0,0,-91,0
68,427,-249,0,0,0,-91,0
69,427,-249,0,0,0,-91,0
70,427,-249,0,0,0,-91,0
71,427,-250,0,0,0,-91,0
72,427,-250,0,0,0,-91,0
73,427,-250,0,0,0,-91,0
74,427,-250,0,0,0,-91,0
75,427,-250,0,0,0,-91,0
76,426,-250,0,0,0,-91,0
77,426,-250,0,0,0,-91,0
78,426,-250,0,0,0,-91,0
79,426,-250,0,0,0,-91,0
80,426,-250,0,0,0,-91,0
81,425,-250,0,0,0,-91,0
82,425,-251,0,0,0,-91,0
83,425,-251,0,0,0,-91,0
84,425,-251,0,0,0,-91,0
85,425,-251,0,0,0,-91,0
86,425,-251,0,0,0,-91,0
87,425,-251,0,0,0,-91,0
88,424,-251,0,0,0,-91,0
89,424,-251,0,0,0,-91,0
90,424,-251,0,0,0,-91,0
91,424,-251,0,0,0,-91,0
92,424,-251,0,0,0,-91,0
93,424,-251,0,0,0,-91,0
94,424,-251,0,0,0,-91,0
95,424,-251,0,0,0,-91,0
96,424,-251,0,0,0,-91,0
97,423,-251,0,0,0,-91,0
98,423,-251,0,0,0,-91,0
99,423,-251,0,0,0,-91,0
100,423,-251,0,0,0,-91,0
101,423,-251,0,0,0,-91,0
102,422,-251,0,0,0,-91,0
103,422,-251,0,0,0,-91,0
104,422,-251,0,0,0,-91,0
105,422,-251,0,0,0,-91,0
106,422,-251,0,0,0,-91,0
107,422,-251,0,0,0,-91,0
108,421,-251,0,0,0,-91,0
109,421,-251,0,0,0,-91,0
110,421,-251,0,0,0,-91,0
111,421,-251,0,0,0,-91,0
112,421,-251,0,0,0,-91,0
113,421,-251,0,0,0,-91,0
114,421,-251,0,0,0,-91,0
115,421,-251,0,0,0,-91,0
116,421,-251,0,0,0,-91,0
117,421,-251,0,0,0,-91,0
118,421,-251,0,0,0,-91,0
119,421,-252,0,0,0,-91,0
120,420,-252,0,0,0,-91,0
121,420,-252,0,0,0,-91,0
122,420,-252,0,0,0,-91,0
123,420,-252,0,0,0,-91,0
124,420,-252,0,0,0,-91,0
125,420,-252,0,0,0,-91,0
126,420,-252,0,0,0,-91,0
127,420,-252,0,0,0,-91,0
128,420,-252,0,0,0,-91,0
129,420,-252,0,0,0,-91,0
130,420,-252,0,0,0,-91,0
131,420,-252,0,0,0,-91,0
132,420,-252,0,0,0,-91,0
133,420,-252,0,0,0,-91,0
134,420,-252,0,0,0,-91,0
135,420,-252,0,0,0,-91,0
136,420,-252,0,0,0,-91,0
137,420,-252,0,0,0,-91,0
138,420,-252,0,0,0,-91,0
139,420,-252,0,0,0,-91,0
140,420,-252,0,0,0,-91,0
141,420,-252,0,0,0,-91,0
142,420,-252,0,0,0,-91,0
143,420,-252,0,0,0,-91,0
144,420,-252,0,0,0,-91,0
145,420,-253,0,0,0,-91,0
146,420,-253,0,0,0,-91,0
147,420,-253,0,0,0,-91,0
148,420,-253,0,0,0,-91,0
149,420,-253,0,0,0,-91,0
150,420,-253,0,0,0,-91,0
151,420,-253,0,0,0,-91,0
152,420,-253,0,0,0,-91,0
153,420,-253,0,0,0,-91,0
154,420,-253,0,0,0,-91,0
155,420,-253,0,0,0,-91,0
156,420,-253,0,0,0,-91,0
157,420,-253,0,0,0,-91,0
158,421,-253,0,0,0,-91,0
159,421,-253,0,0,0,-91,0
160,421,-253,0,0,0,-91,0
161,421,-253,0,0,0,-91,0
162,421,-253,0,0,0,-91,0
163,421,-253,0,0,0,-91,0
164,422,-253,0,0,0,-91,0
165,422,-253,0,0,0,-91,0
166,422,-253,0,0,0,-91,0
167,422,-253,0,0,0,-91,0
168,422,-253,0,0,0,-91,0
169,422,-253,0,0,0,-91,0
170,422,-253,0,0,0,-91,0
171,422,-253,0,0,0,-91,0
172,423,-253,0,0,0,-91,0
173,423,-253,0,0,0,-91,0
174,423,-253,0,0,0,-91,0
175,423,-253,0,0,0,-91,0
176,423,-253,0,0,0,-91,0
177,423,-253,0,0,0,-91,0
178,423,-253,0,0,0,-91,0
179,423,-253,0,0,0,-91,0
180,423,-253,0,0,0,-91,0
181,423,-253,0,0,0,-91,0
182,423,-253,0,0,0,-91,0
183,423,-253,0,0,0,-91,0
184,423,-253,0,0,0,-91,0
185,423,-253,0,0,0,-91,0
186,423,-253,0,0,0,-91,0
187,423,-253,0,0,0,-91,0
188,424,-253,0,0,0,-91,0
189,424,-253,0,0,0,-91,0
190,424,-253,0,0,0,-91,0
191,424,-253,0,0,0,-91,0
192,424,-253,0,0,0,-91,0
193,424,-253,0,0,0,-91,0
194,424,-253,0,0,0,-91,0
195,424,-253,0,0,0,-91,0
196,424,-253,0,0,0,-91,0
197,424,-253,0,0,0,-91,0
198,425,-253,0,0,0,-91,0
199,425,-253,0,0,0,-91,0
200,425,-253,0,0,0,-91,0
201,425,-253,0,0,0,-91,0
202,425,-253,0,0,0,-91,0
203,425,-253,0,0,0,-91,0
204,425,-253,0,0,0,-91,0
205,425,-253,0,0,0,-91,0
206,426,-253,0,0,0,-91,0
207,426,-253,0,0,0,-91,0
208,426,-253,0,0,0,-91,0
209,426,-253,0,0,0,-91,0
210,426,-253,0,0,0,-91,0
211,426,-253,0,0,0,-91,0
212,426,-253,0,0,0,-91,0
213,426,-253,0,0,0,-91,0
214,426,-253,0,0,0,-91,0
215,426,-253,0,0,0,-91,0
216,426,-253,0,0,0,-91,0
217,426,-253,0,0,0,-91,0
218,427,-253,0,0,0,-91,0
219,427,-253,0,0,0,-91,0
220,427,-252,0,0,0,-91,0
221,427,-252,0,0,0,-91,0
222,427,-252,0,0,0,-91,0
223,427,-252,0,0,0,-91,0
224,427,-252,0,0,0,-91,0
225,428,-252,0,0,0,-91,0
226,428,-252,0,0,0,-91,0
227,428,-252,0,0,0,-91,0
228,428,-252,0,0,0,-91,0
229,428,-252,0,0,0,-91,0
230,428,-252,0,0,0,-91,0
231,428,-252,0,0,0,-91,0
232,428,-251,0,0,0,-91,0
233,428,-251,0,0,0,-91,0
234,428,-251,0,0,0,-91,0
235,428,-251,0,0,0,-91,0
236,428,-251,0,0,0,-91,0
237,428,-251,0,0,0,-91,0
238,428,-251,0,0,0,-91,0
239,428,-251,0,0,0,-91,0
240,428,-251,0,0,0,-91,0
241,428,-251,0,0,0,-91,0
242,428,-251,0,0,0,-91,0
243,428,-251,0,0,0,-91,0
244,428,-251,0,0,0,-91,0
245,428,-251,0,0,0,-91,0
246,428,-251,0,0,0,-91,0
247,428,-251,0,0,0,-91,0
248,429,-251,0,0,0,-91,0
249,429,-251,0,0,0,-91,0
250,429,-251,0,0,0,-91,0
251,429,-251,0,0,0,-91,0
252,429,-251,0,0,0,-91,0
253,429,-251,0,0,0,-91,0
254,429,-251,0,0,0,-91,0
255,429,-251,0,0,0,-91,0
256,429,-251,0,0,0,-91,0
257,429,-251,0,0,0,-91,0
258,429,-251,0,0,0,-91,0
259,429,-251,0,0,0,-91,0
260,429,-251,0,0,0,-91,0
261,429,-251,0,0,0,-91,0
262,429,-251,0,0,0,-91,0
263,430,-250,0,0,0,-91,0
264,430,-250,0,0,0,-91,0
265,430,-250,0,0,0,-91,0
266,430,-250,0,0,0,-91,0
267,430,-250,0,0,0,-91,0
268,430,-250,0,0,0,-91,0
269,430,-250,0,0,0,-91,0
270,430,-250,0,0,0,-91,0
271,430,-250,0,0,0,-91,0
272,430,-250,0,0,0,-91,0
273,430,-250,0,0,0,-91,0
274,430,-250,0,0,0,-91,0
275,430,-250,0,0,0,-91,0
276,430,-250,0,0,0,-91,0
277,430,-250,0,0,0,-91,0
278,431,-250,0,0,0,-91,0
279,431,-250,0,0,0,-91,0
280,431,-249,0,0,0,-91,0
281,431,-249,0,0,0,-91,0
282,431,-249,0,0,0,-91,0
283,431,-249,0,0,0,-91,0
284,431,-249,0,0,0,-91,0
285,431,-249,0,0,0,-91,0
286,431,-249,0,0,0,-91,0
287,431,-249,0,0,0,-91,0
288,432,-249,0,0,0,-91,0
289,432,-249,0,0,0,-91,0
290,432,-249,0,0,0,-91,0
291,432,-249,0,0,0,-91,0
292,432,-249,0,0,0,-91,0
293,432,-249,0,0,0,-91,0
294,432,-249,0,0,0,-91,0
295,432,-249,0,0,0,-91,0
296,432,-248,0,0,0,-91,0
297,432,-248,0,0,0,-91,0
298,432,-248,0,0,0,-91,0
299,432,-248,0,0,0,-91,0
300,432,-248,0,0,0,-91,0
301,433,-248,0,0,0,-91,0
302,433,-248,0,0,0,-91,0
303,433,-248,0,0,0,-91,0
304,433,-248,0,0,0,-91,0
305,433,-248,0,0,0,-91,0
306,433,-248,0,0,0,-91,0
307,433,-248,0,0,0,-91,0
308,433,-248,0,0,0,-91,0
309,433,-248,0,0,0,-91,0
310,433,-248,0,0,0,-91,0
311,434,-247,0,0,0,-91,0
312,434,-247,0,0,0,-91,0
313,434,-247,0,0,0,-91,0
314,434,-247,0,0,0,-91,0
315,434,-247,0,0,0,-91,0
316,434,-247,0,0,0,-91,0
317,434,-247,0,0,0,-91,0
318,434,-247,0,0,0,-91,0
319,434,-247,0,0,0,-91,0
320,434,-247,0,0,0,-91,0
321,434,-247,0,0,0,-91,0
322,435,-247,0,0,0,-91,0
323,435,-247,0,0,0,-91,0
324,435,-247,0,0,0,-91,0
325,435,-247,0,0,0,-91,0
326,435,-247,0,0,0,-91,0
327,435,-247,0,0,0,-91,0
328,435,-247,0,0,0,-91,0
329,435,-247,0,0,0,-91,0
330,436,-247,0,0,0,-91,0
331,436,-247,0,0,0,-91,0
332,436,-247,0,0,0,-91,0
333,436,-247,0,0,0,-91,0
334,436,-247,0,0,0,-91,0
335,436,-247,0,0,0,-91,0
336,437,-247,0,0,0,-91,0
337,437,-247,0,0,0,-91,0
338,437,-247,0,0,0,-91,0
339,437,-247,0,0,0,-91,0
340,437,-247,0,0,0,-91,0
341,437,-247,0,0,0,-91,0
342,437,-247,0,0,0,-91,0
343,437,-247,0,0,0,-91,0
344,437,-247,0,0,0,-91,0
345,437,-247,0,0,0,-91,0
346,437,-247,0,0,0,-91,0
347,437,-247,0,0,0,-91,0
348,437,-247,0,0,0,-91,0
349,437,-247,0,0,0,-91,0
350,437,-247,0,0,0,-91,0
351,437,-247,0,0,0,-91,0
352,437,-247,0,0,0,-91,0
353,437,-247,0,0,0,-91,0
354,438,-247,0,0,0,-91,0
355,438,-248,0,0,0,-91,0
356,438,-248,0,0,0,-91,0
357,438,-248,0,0,0,-91,0
358,438,-248,0,0,0,-91,0
359,438,-248,0,0,0,-91,0
360,438,-248,0,0,0,-91,0
361,438,-248,0,0,0,-91,0
362,438,-248,0,0,0,-91,0
363,438,-248,0,0,0,-91,0
364,438,-248,0,0,0,-91,0
365,438,-249,0,0,0,-91,0
366,438,-249,0,0,0,-91,0
367,438,-249,0,0,0,-91,0
368,439,-249,0,0,0,-91,0
369,439,-249,0,0,0,-91,0
370,439,-249,0,0,0,-91,0
371,439,-249,0,0,0,-91,0
372,439,-249,0,0,0,-91,0
373,439,-249,0,0,0,-91,0
374,439,-249,0,0,0,-91,0
375,439,-249,0,0,0,-91,0
376,439,-249,0,0,0,-91,0
377,439,-249,0,0,0,-91,0
378,439,-249,0,0,0,-91,0
379,439,-249,0,0,0,-91,0
380,439,-249,0,0,0,-91,0
381,439,-249,0,0,0,-91,0
382,439,-249,0,0,0,-91,0
383,440,-250,0,0,0,-91,0
384,440,-250,0,0,0,-91,0
385,440,-250,0,0,0,-91,0
386,440,-250,0,0,0,-91,0
387,440,-250,0,0,0,-91,0
388,440,-250,0,0,0,-91,0
389,440,-250,0,0,0,-91,0
390,440,-250,0,0,0,-91,0
391,440,-250,0,0,0,-91,0
392,440,-250,0,0,0,-91,0
393,440,-250,0,0,0,-91,0
394,440,-250,0,0,0,-91,0
395,440,-250,0,0,0,-91,0
396,440,-250,0,0,0,-91,0
397,440,-250,0,0,0,-91,0
398,440,-250,0,0,0,-91,0
399,440,-250,0,0,0,-91,0
400,440,-250,0,0,0,-91,0
401,440,-250,0,0,0,-91,0
402,440,-250,0,0,0,-91,0
403,440,-250,0,0,0,-91,0
404,440,-250,0,0,0,-91,0
405,440,-250,0,0,0,-91,0
406,440,-250,0,0,0,-91,0
407,440,-250,0,0,0,-91,0
408,440,-250,0,0,0,-91,0
409,440,-250,0,0,0,-91,0
410,440,-250,0,0,0,-91,0
411,440,-250,0,0,0,-91,0
412,440,-250,0,0,0,-91,0
413,440,-250,0,0,0,-91,0
414,440,-251,0,0,0,-91,0
415,440,-251,0,0,0,-91,0
416,440,-251,0,0,0,-91,0
417,440,-251,0,0,0,-91,0
418,440,-251,0,0,0,-91,0
419,440,-251,0,0,0,-91,0
420,440,-251,0,0,0,-91,0
421,440,-251,0,0,0,-91,0
422,440,-251,0,0,0,-91,0
423,440,-251,0,0,0,-91,0
424,440,-251,0,0,0,-91,0
425,440,-251,0,0,0,-91,0
426,440,-251,0,0,0,-91,0
427,440,-251,0,0,0,-91,0
428,440,-251,0,0,0,-91,0
429,440,-251,0,0,0,-91,0
430,440,-251,0,0,0,-91,0
431,440,-251,0,0,0,-91,0
432,440,-251,0,0,0,-91,0
433,441,-251,0,0,0,-91,0
434,441,-251,0,0,0,-91,0
435,441,-251,0,0,0,-91,0
436,441,-251,0,0,0,-91,0
437,441,-252,0,0,0,-91,0
438,442,-252,0,0,0,-91,0
439,442,-252,0,0,0,-91,0
440,442,-252,0,0,0,-91,0
441,442,-252,0,0,0,-91,0
442,442,-252,0,0,0,-91,0
443,442,-252,0,0,0,-91,0
444,442,-252,0,0,0,-91,0
445,442,-252,0,0,0,-91,0
446,442,-252,0,0,0,-91,0
447,442,-252,0,0,0,-91,0
448,442,-252,0,0,0,-91,0
449,442,-252,0,0,0,-91,0
450,442,-252,0,0,0,-91,0
451,442,-252,0,0,0,-91,0
452,442,-252,0,0,0,-91,0
453,442,-252,0,0,0,-91,0
454,442,-252,0,0,0,-91,0
455,442,-252,0,0,0,-91,0
456,442,-252,0,0,0,-91,0
457,442,-252,0,0,0,-91,0
458,442,-252,0,0,0,-91,0
459,442,-252,0,0,0,-91,0
460,442,-252,0,0,0,-91,0
461,442,-252,0,0,0,-91,0
462,442,-252,0,0,0,-91,0
463,442,-252,0,0,0,-91,0
464,442,-252,0,0,0,-91,0
465,442,-252,0,0,0,-91,0
466,442,-252,0,0,0,-91,0
467,442,-253,0,0,0,-91,0
468,442,-253,0,0,0,-91,0
469,442,-253,0,0,0,-91,0
470,442,-253,0,0,0,-91,0
471,442,-253,0,0,0,-91,0
472,442,-253,0,0,0,-91,0
473,441,-253,0,0,0,-91,0
474,441,-253,0,0,0,-91,0
475,441,-253,0,0,0,-91,0
476,441,-253,0,0,0,-91,0
477,441,-253,0,0,0,-91,0
478,441,-253,0,0,0,-91,0
479,441,-253,0,0,0,-91,0
480,441,-253,0,0,0,-91,0
481,441,-253,0,0,0,-91,0
482,441,-253,0,0,0,-91,0
483,441,-253,0,0,0,-91,0
484,441,-253,0,0,0,-91,0
485,441,-253,0,0,0,-91,0
486,441,-253,0,0,0,-91,0
487,441,-253,0,0,0,-91,0
488,441,-253,0,0,0,-91,0
489,441,-253,0,0,0,-91,0
490,441,-253,0,0,0,-91,0
491,441,-254,0,0,0,-91,0
492,440,-254,0,0,0,-91,0
493,440,-254,0,0,0,-91,0
494,440,-254,0,0,0,-91,0
495,440,-254,0,0,0,-91,0
496,440,-254,0,0,0,-91,0
497,440,-254,0,0,0,-91,0
498,440,-254,0,0,0,-91,0
499,440,-254,0,0,0,-91,0
500,440,-254,0,0,0,-91,0
501,440,-254,0,0,0,-91,0
502,440,-254,0,0,0,-91,0
503,440,-254,0,0,0,-91,0
504,440,-254,0,0,0,-91,0
505,440,-254,0,0,0,-91,0
506,440,-254,0,0,0,-91,0
507,440,-254,0,0,0,-91,0
508,440,-254,0,0,0,-91,0
509,440,-254,0,0,0,-91,0
510,440,-254,0,0,0,-91,0
511,440,-254,0,0,0,-91,0
512,440,-254,0,0,0,-91,0
513,440,-254,0,0,0,-91,0
514,439,-254,0,0,0,-91,0
515,439,-254,0,0,0,-91,0
516,439,-254,0,0,0,-91,0
517,439,-254,0,0,0,-91,0
518,439,-254,0,0,0,-91,0
519,439,-254,0,0,0,-91,0
520,439,-254,0,0,0,-91,0
521,438,-254,0,0,0,-91,0
522,438,-254,0,0,0,-91,0
523,438,-254,0,0,0,-91,0
524,438,-254,0,0,0,-91,0
525,438,-254,0,0,0,-91,0
526,438,-254,0,0,0,-91,0
527,438,-255,0,0,0,-91,0
528,438,-255,0,0,0,-91,0
529,438,-255,0,0,0,-91,0
530,438,-255,0,0,0,-91,0
531,438,-255,0,0,0,-91,0
532,438,-255,0,0,0,-91,0
533,438,-255,0,0,0,-91,0
534,438,-255,0,0,0,-91,0
535,437,-255,0,0,0,-91,0
536,437,-255,0,0,0,-91,0
537,437,-255,0,0,0,-91,0
538,437,-255,0,0,0,-91,0
539,437,-255,0,0,0,-91,0
540,437,-255,0,0,0,-91,0
541,437,-255,0,0,0,-91,0
542,437,-255,0,0,0,-91,0
543,436,-255,0,0,0,-91,0
544,436,-255,0,0,0,-91,0
545,436,-255,0,0,0,-91,0
546,436,-255,0,0,0,-91,0
547,436,-255,0,0,0,-91,0
548,436,-255,0,0,0,-91,0
549,436,-255,0,0,0,-91,0
550,436,-255,0,0,0,-91,0
551,436,-255,0,0,0,-91,0
552,436,-255,0,0,0,-91,0
553,436,-255,0,0,0,-91,0
554,436,-255,0,0,0,-91,0
555,436,-255,0,0,0,-91,0
556,436,-255,0,0,0,-91,0
557,436,-254,0,0,0,-91,0
558,436,-254,0,0,0,-91,0
559,435,-254,0,0,0,-91,0
560,435,-254,0,0,0,-91,0
561,435,-254,0,0,0,-91,0
562,435,-254,0,0,0,-91,0
563,435,-254,0,0,0,-91,0
564,435,-254,0,0,0,-91,0
565,435,-254,0,0,0,-91,0
566,435,-254,0,0,0,-91,0
567,435,-254,0,0,0,-91,0
568,435,-254,0,0,0,-91,0
569,434,-254,0,0,0,-91,0
570,434,-254,0,0,0,-91,0
571,434,-254,0,0,0,-91,0
572,434,-254,0,0,0,-91,0
573,434,-254,0,0,0,-91,0
574,434,-254,0,0,0,-91,0
575,434,-254,0,0,0,-91,0
576,434,-254,0,0,0,-91,0
577,434,-254,0,0,0,-91,0
578,433,-254,0,0,0,-91,0
579,433,-254,0,0,0,-91,0
580,433,-254,0,0,0,-91,0
581,433,-254,0,0,0,-91,0
582,433,-254,0,0,0,-91,0
583,433,-253,0,0,0,-91,0
584,433,-253,0,0,0,-91,0
585,433,-253,0,0,0,-91,0
586,433,-253,0,0,0,-91,0
587,432,-253,0,0,0,-91,0
588,432,-253,0,0,0,-91,0
589,432,-253,0,0,0,-91,0
590,432,-253,0,0,0,-91,0
591,432,-253,0,0,0,-91,0
592,432,-253,0,0,0,-91,0
593,432,-253,0,0,0,-91,0
594,432,-253,0,0,0,-91,0
595,432,-253,0,0,0,-91,0
596,432,-253,0,0,0,-91,0
597,432,-253,0,0,0,-91,0
598,432,-253,0,0,0,-91,0
599,432,-253,0,0,0,-91,0
600,432,-253,0,0,0,-91,0
601,432,-253,0,0,0,-91,0
602,432,-253,0,0,0,-91,0
603,432,-253,0,0,0,-91,0
604,432,-253,0,0,0,-91,0
605,432,-253,0,0,0,-91,0
606,432,-253,0,0,0,-91,0
607,432,-253,0,0,0,-91,0
608,432,-253,0,0,0,-91,0
609,432,-253,0,0,0,-91,0
610,432,-253,0,0,0,-91,0
611,432,-253,0,0,0,-91,0
612,432,-253,0,0,0,-91,0
613,431,-253,0,0,0,-91,0
614,431,-253,0,0,0,-91,0
615,431,-253,0,0,0,-91,0
616,430,-253,0,0,0,-91,0
617,430,-253,0,0,0,-91,0
618,430,-253,0,0,0,-91,0
619,430,-252,0,0,0,-91,0
620,430,-252,0,0,0,-91,0
621,430,-252,0,0,0,-91,0
622,430,-252,0,0,0,-91,0
623,430,-252,0,0,0,-91,0
624,430,-252,0,0,0,-91,0
625,430,-252,0,0,0,-91,0
626,430,-252,0,0,0,-91,0
627,430,-252,0,0,0,-91,0
628,430,-252,0,0,0,-91,0
629,430,-252,0,0,0,-91,0
630,429,-252,0,0,0,-91,0
631,429,-252,0,0,0,-91,0
632,429,-252,0,0,0,-91,0
633,429,-252,0,0,0,-91,0
634,429,-252,0,0,0,-91,0
635,429,-252,0,0,0,-91,0
636,429,-252,0,0,0,-91,0
637,429,-251,0,0,0,-91,0
638,429,-251,0,0,0,-91,0
639,429,-251,0,0,0,-91,0
640,429,-251,0,0,0,-91,0
641,429,-251,0,0,0,-91,0
642,429,-251,0,0,0,-91,0
643,429,-251,0,0,0,-91,0
644,428,-251,0,0,0,-91,0
645,428,-251,0,0,0,-91,0
646,428,-251,0,0,0,-91,0
647,428,-251,0,0,0,-91,0
648,428,-251,0,0,0,-91,0
649,428,-251,0,0,0,-91,0
650,428,-251,0,0,0,-91,0
651,428,-251,0,0,0,-91,0
652,427,-251,0,0,0,-91,0
653,427,-251,0,0,0,-91,0
654,427,-251,0,0,0,-91,0
655,427,-251,0,0,0,-91,0
656,427,-251,0,0,0,-91,0
657,427,-251,0,0,0,-91,0
658,426,-251,0,0,0,-91,0
659,426,-251,0,0,0,-91,0
660,426,-251,0,0,0,-91,0
661,426,-251,0,0,0,-91,0
662,426,-251,0,0,0,-91,0
663,426,-251,0,0,0,-91,0
664,426,-251,0,0,0,-91,0
665,426,-251,0,0,0,-91,0
666,426,-251,0,0,0,-91,0
667,426,-251,0,0,0,-91,0
668,426,-251,0,0,0,-91,0
669,426,-251,0,0,0,-91,0
670,426,-251,0,0,0,-91,0
671,426,-251,0,0,0,-91,0
672,426,-251,0,0,0,-91,0
673,426,-251,0,0,0,-91,0
674,426,-251,0,0,0,-91,0
675,426,-251,0,0,0,-91,0
676,426,-251,0,0,0,-91,0
677,426,-251,0,0,0,-91,0
678,426,-251,0,0,0,-91,0
679,426,-251,0,0,0,-91,0
680,426,-251,0,0,0,-91,0
681,426,-251,0,0,0,-91,0
682,426,-251,0,0,0,-91,0
683,426,-251,0,0,0,-91,0
684,426,-251,0,0,0,-91,0
685,426,-251,0,0,0,-91,0
686,426,-251,0,0,0,-91,0
687,426,-251,0,0,0,-91,0
688,426,-251,0,0,0,-91,0
689,426,-251,0,0,0,-91,0
690,426,-251,0,0,0,-91,0
691,426,-251,0,0,0,-91,0
692,426,-251,0,0,0,-91,0
693,426,-252,0,0,0,-91,0
694,426,-252,0,0,0,-91,0
695,426,-252,0,0,0,-91,0
696,426,-252,0,0,0,-91,0
697,426,-252,0,0,0,-91,0
698,426,-252,0,0,0,-91,0
699,425,-252,0,0,0,-91,0
700,425,-252,0,0,0,-91,0
701,425,-252,0,0,0,-91,0
702,425,-252,0,0,0,-91,0
703,425,-252,0,0,0,-91,0
704,425,-252,0,0,0,-91,0
705,425,-252,0,0,0,-91,0
706,425,-252,0,0,0,-91,0
707,425,-252,0,0,0,-91,0
708,425,-252,0,0,0,-91,0
709,425,-252,0,0,0,-91,0
710,425,-252,0,0,0,-91,0
711,425,-252,0,0,0,-91,0
712,425,-252,0,0,0,-91,0
713,425,-252,0,0,0,-91,0
714,425,-252,0,0,0,-91,0
715,425,-252,0,0,0,-91,0
716,425,-252,0,0,0,-91,0
717,425,-252,0,0,0,-91,0
718,425,-252,0,0,0,-91,0
719,425,-252,0,0,0,-91,0
720,425,-252,0,0,0,-91,0
721,424,-252,0,0,0,-91,0
722,424,-252,0,0,0,-91,0
723,424,-252,0,0,0,-91,0
724,424,-252,0,0,0,-91,0
725,424,-252,0,0,0,-91,0
726,424,-252,0,0,0,-91,0
727,424,-252,0,0,0,-91,0
728,424,-252,0,0,0,-91,0
729,424,-252,0,0,0,-91,0
730,424,-252,0,0,0,-91,0
731,424,-252,0,0,0,-91,0
732,424,-252,0,0,0,-91,0
733,424,-252,0,0,0,-91,0
734,424,-252,0,0,0,-91,0
735,424,-252,0,0,0,-91,0
736,424,-253,0,0,0,-91,0
737,424,-253,0,0,0,-91,0
738,424,-253,0,0,0,-91,0
739,424,-253,0,0,0,-91,0
740,424,-253,0,0,0,-91,0
741,424,-253,0,0,0,-91,0
742,424,-253,0,0,0,-91,0
743,424,-253,0,0,0,-91,0
744,424,-254,0,0,0,-91,0
745,424,-254,0,0,0,-91,0
746,424,-254,0,0,0,-91,0
747,424,-254,0,0,0,-91,0
748,424,-254,0,0,0,-91,0
749,424,-254,0,0,0,-91,0
750,424,-254,0,0,0,-91,0
751,424,-254,0,0,0,-91,0
752,424,-254,0,0,0,-91,0
753,424,-254,0,0,0,-91,0
754,424,-254,0,0,0,-91,0
755,424,-254,0,0,0,-91,0
756,424,-254,0,0,0,-91,0
757,424,-254,0,0,0,-91,0
758,424,-254,0,0,0,-91,0
759,424,-254,0,0,0,-91,0
760,424,-254,0,0,0,-91,0
761,424,-254,0,0,0,-91,0
762,424,-254,0,0,0,-91,0
763,424,-254,0,0,0,-91,0
764,424,-254,0,0,0,-91,0
765,424,-254,0,0,0,-91,0
766,424,-254,0,0,0,-91,0
767,424,-254,0,0,0,-91,0
768,424,-254,0,0,0,-91,0
769,424,-254,0,0,0,-91,0
770,424,-254,0,0,0,-91,0
771,424,-254,0,0,0,-91,0
772,424,-254,0,0,0,-91,0
773,424,-254,0,0,0,-91,0
774,424,-254,0,0,0,-91,0
775,424,-255,0,0,0,-91,0
776,424,-255,0,0,0,-91,0
777,425,-255,0,0,0,-91,0
778,425,-255,0,0,0,-91,0
779,425,-255,0,0,0,-91,0
780,425,-255,0,0,0,-91,0
781,425,-255,0,0,0,-91,0
782,425,-255,0,0,0,-91,0
783,425,-255,0,0,0,-91,0
784,425,-255,0,0,0,-91,0
785,425,-255,0,0,0,-91,0
786,425,-255,0,0,0,-91,0
787,425,-255,0,0,0,-91,0
788,426,-255,0,0,0,-91,0
789,426,-255,0,0,0,-91,0
790,426,-255,0,0,0,-91,0
791,426,-255,0,0,0,-91,0
792,426,-255,0,0,0,-91,0
793,426,-255,0,0,0,-91,0
794,426,-255,0,0,0,-91,0
795,426,-255,0,0,0,-91,0
796,426,-255,0,0,0,-91,0
797,426,-255,0,0,0,-91,0
798,426,-255,0,0,0,-91,0
799,426,-255,0,0,0,-91,0
800,426,-255,0,0,0,-91,0
801,426,-255,0,0,0,-91,0
802,426,-255,0,0,0,-91,0
803,426,-254,0,0,0,-91,0
804,427,-254,0,0,0,-91,0
805,427,-254,0,0,0,-91,0
806,427,-254,0,0,0,-91,0
807,427,-254,0,0,0,-91,0
808,427,-254,0,0,0,-91,0
809,427,-254,0,0,0,-91,0
810,427,-254,0,0,0,-91,0
811,427,-254,0,0,0,-91,0
812,427,-254,0,0,0,-91,0
813,427,-254,0,0,0,-91,0
814,428,-254,0,0,0,-91,0
815,428,-254,0,0,0,-91,0
816,428,-254,0,0,0,-91,0
817,428,-254,0,0,0,-91,0
818,428,-254,0,0,0,-91,0
819,428,-254,0,0,0,-91,0
820,428,-254,0,0,0,-91,0
821,428,-254,0,0,0,-91,0
822,428,-254,0,0,0,-91,0
823,428,-254,0,0,0,-91,0
824,428,-254,0,0,0,-91,0
825,428,-253,0,0,0,-91,0
826,428,-253,0,0,0,-91,0
827,428,-253,0,0,0,-91,0
828,428,-253,0,0,0,-91,0
829,428,-253,0,0,0,-91,0
830,428,-253,0,0,0,-91,0
831,428,-253,0,0,0,-91,0
832,428,-253,0,0,0,-91,0
833,429,-253,0,0,0,-91,0
834,429,-253,0,0,0,-91,0
835,429,-253,0,0,0,-91,0
836,429,-253,0,0,0,-91,0
837,429,-253,0,0,0,-91,0
838,429,-253,0,0,0,-91,0
839,430,-252,0,0,0,-91,0
840,430,-252,0,0,0,-91,0
841,430,-252,0,0,0,-91,0
842,430,-252,0,0,0,-91,0
843,430,-252,0,0,0,-91,0
844,430,-251,0,0,0,-91,0
845,431,-251,0,0,0,-91,0
846,431,-251,0,0,0,-91,0
847,431,-251,0,0,0,-91,0
848,431,-251,0,0,0,-91,0
849,431,-251,0,0,0,-91,0
850,431,-251,0,0,0,-91,0
851,431,-251,0,0,0,-91,0
852,431,-251,0,0,0,-91,0
853,431,-251,0,0,0,-91,0
854,431,-251,0,0,0,-91,0
855,431,-251,0,0,0,-91,0
856,431,-251,0,0,0,-91,0
857,431,-251,0,0,0,-91,0
858,431,-251,0,0,0,-91,0
859,431,-251,0,0,0,-91,0
860,432,-250,0,0,0,-91,0
861,432,-250,0,0,0,-91,0
862,432,-250,0,0,0,-91,0
863,432,-250,0,0,0,-91,0
864,432,-250,0,0,0,-91,0
865,432,-250,0,0,0,-91,0
866,432,-250,0,0,0,-91,0
867,432,-250,0,0,0,-91,0
868,432,-250,0,0,0,-91,0
869,432,-250,0,0,0,-91,0
870,432,-250,0,0,0,-91,0
871,432,-250,0,0,0,-91,0
872,432,-250,0,0,0,-91,0
873,432,-250,0,0,0,-91,0
874,432,-250,0,0,0,-91,0
875,432,-250,0,0,0,-91,0
876,432,-250,0,0,0,-91,0
877,433,-250,0,0,0,-91,0
878,433,-250,0,0,0,-91,0
879,433,-250,0,0,0,-91,0
880,433,-250,0,0,0,-91,0
881,433,-250,0,0,0,-91,0
882,433,-250,0,0,0,-91,0
883,433,-250,0,0,0,-91,0
884,433,-250,0,0,0,-91,0
885,433,-250,0,0,0,-91,0
886,433,-250,0,0,0,-91,0
887,433,-250,0,0,0,-91,0
888,433,-250,0,0,0,-91,0
889,433,-250,0,0,0,-91,0
890,433,-250,0,0,0,-91,0
891,433,-250,0,0,0,-91,0
892,434,-249,0,0,0,-91,0
893,434,-249,0,0,0,-91,0
894,434,-249,0,0,0,-91,0
895,434,-249,0,0,0,-91,0
896,434,-249,0,0,0,-91,0
897,434,-249,0,0,0,-91,0
898,435,-249,0,0,0,-91,0
899,435,-249,0,0,0,-91,0
900,435,-249,0,0,0,-91,0
901,435,-249,0,0,0,-91,0
902,435,-249,0,0,0,-91,0
903,435,-249,0,0,0,-91,0
904,435,-249,0,0,0,-91,0
905,435,-249,0,0,0,-91,0
906,435,-249,0,0,0,-91,0
907,435,-249,0,0,0,-91,0
908,435,-249,0,0,0,-91,0
909,435,-249,0,0,0,-91,0
910,435,-249,0,0,0,-91,0
911,435,-249,0,0,0,-91,0
912,435,-249,0,0,0,-91,0
913,435,-249,0,0,0,-91,0
914,436,-249,0,0,0,-91,0
915,436,-249,0,0,0,-91,0
916,436,-249,0,0,0,-91,0
917,436,-249,0,0,0,-91,0
918,436,-249,0,0,0,-91,0
919,436,-249,0,0,0,-91,0
920,436,-249,0,0,0,-91,0
921,436,-249,0,0,0,-91,0
922,436,-249,0,0,0,-91,0
923,436,-249,0,0,0,-91,0
924,436,-249,0,0,0,-91,0
925,436,-249,0,0,0,-91,0
926,436,-249,0,0,0,-91,0
927,436,-249,0,0,0,-91,0
928,437,-249,0,0,0,-91,0
929,437,-249,0,0,0,-91,0
930,437,-249,0,0,0,-91,0
931,437,-249,0,0,0,-91,0
932,437,-249,0,0,0,-91,0
933,437,-249,0,0,0,-91,0
934,437,-249,0,0,0,-91,0
935,437,-249,0,0,0,-91,0
936,437,-249,0,0,0,-91,0
937,437,-249,0,0,0,-91,0
938,437,-249,0,0,0,-91,0
939,437,-249,0,0,0,-91,0
940,437,-249,0,0,0,-91,0
941,437,-249,0,0,0,-91,0
942,437,-249,0,0,0,-91,0
943,437,-249,0,0,0,-91,0
944,437,-249,0,0,0,-91,0
945,437,-249,0,0,0,-91,0
946,437,-249,0,0,0,-91,0
947,437,-249,0,0,0,-91,0
948,437,-249,0,0,0,-91,0
949,437,-249,0,0,0,-91,0
950,437,-249,0,0,0,-91,0
951,437,-249,0,0,0,-91,0
952,437,-249,0,0,0,-91,0
953,437,-249,0,0,0,-91,0
954,437,-249,0,0,0,-91,0
955,437,-249,0,0,0,-91,0
956,438,-249,0,0,0,-91,0
957,438,-249,0,0,0,-91,0
958,438,-249,0,0,0,-91,0
959,438,-249,0,0,0,-91,0
960,438,-249,0,0,0,-91,0
961,438,-249,0,0,0,-91,0
962,438,-249,0,0,0,-91,0
963,438,-249,0,0,0,-91,0
964,438,-249,0,0,0,-91,0
965,438,-250,0,0,0,-91,0
966,438,-250,0,0,0,-91,0
967,438,-250,0,0,0,-91,0
968,438,-250,0,0,0,-91,0
969,438,-250,0,0,0,-91,0
970,438,-250,0,0,0,-91,0
971,438,-250,0,0,0,-91,0
972,438,-250,0,0,0,-91,0
973,438,-250,0,0,0,-91,0
974,438,-250,0,0,0,-91,0
975,438,-250,0,0,0,-91,0
976,438,-250,0,0,0,-91,0
977,438,-250,0,0,0,-91,0
978,438,-250,0,0,0,-91,0
979,438,-250,0,0,0,-91,0
980,438,-250,0,0,0,-91,0
981,438,-250,0,0,0,-91,0
982,438,-250,0,0,0,-91,0
983,438,-250,0,0,0,-91,0
984,438,-250,0,0,0,-91,0
985,438,-250,0,0,0,-91,0
986,438,-250,0,0,0,-91,0
987,438,-250,0,0,0,-91,0
988,438,-250,0,0,0,-91,0
989,438,-250,0,0,0,-91,0
990,438,-250,0,0,0,-91,0
991,438,-250,0,0,0,-91,0
992,438,-250,0,0,0,-91,0
993,438,-250,0,0,0,-91,0
994,438,-251,0,0,0,-91,0
995,438,-251,0,0,0,-91,0
996,438,-251,0,0,0,-91,0
997,438,-251,0,0,0,-91,0
998,438,-251,0,0,0,-91,0
999,438,-251,0,0,0,-91,0
1000,438,-251,0,0,0,-91,0
1001,438,-251,0,0,0,-91,0
1002,438,-251,0,0,0,-91,0
1003,438,-251,0,0,0,-91,0
1004,438,-251,0,0,0,-91,0
1005,438,-251,0,0,0,-91,0
1006,438,-251,0,0,0,-91,0
1007,438,-251,0,0,0,-91,0
1008,438,-252,0,0,0,-91,0
1009,438,-252,0,0,0,-91,0
1010,438,-252,0,0,0,-91,0
1011,438,-252,0,0,0,-91,0
1012,438,-252,0,0,0,-91,0
1013,438,-252,0,0,0,-91,0
1014,438,-252,0,0,0,-91,0
1015,438,-252,0,0,0,-91,0
1016,438,-252,0,0,0,-91,0
1017,438,-252,0,0,0,-91,0
1018,438,-252,0,0,0,-91,0
1019,438,-252,0,0,0,-91,0
1020,438,-252,0,0,0,-91,0
1021,438,-252,0,0,0,-91,0
1022,438,-252,0,0,0,-91,0
1023,438,-252,0,0,0,-91,0
1024,438,-252,0,0,0,-91,0
1025,438,-252,0,0,0,-91,0
1026,438,-252,0,0,0,-91,0
1027,438,-252,0,0,0,-91,0
1028,438,-252,0,0,0,-91,0
1029,438,-252,0,0,0,-91,0
1030,438,-252,0,0,0,-91,0
1031,438,-252,0,0,0,-91,0
1032,438,-252,0,0,0,-91,0
1033,438,-252,0,0,0,-91,0
1034,438,-253,0,0,0,-91,0
1035,438,-253,0,0,0,-91,0
1036,438,-253,0,0,0,-91,0
1037,438,-253,0,0,0,-91,0
1038,438,-253,0,0,0,-91,0
1039,438,-253,0,0,0,-91,0
1040,438,-253,0,0,0,-91,0
1041,438,-253,0,0,0,-91,0
1042,437,-253,0,0,0,-91,0
1043,437,-253,0,0,0,-91,0
1044,437,-253,0,0,0,-91,0
1045,437,-253,0,0,0,-91,0
1046,437,-253,0,0,0,-91,0
1047,437,-254,0,0,0,-91,0
1048,437,-254,0,0,0,-91,0
1049,437,-254,0,0,0,-91,0
1050,437,-254,0,0,0,-91,0
1051,437,-254,0,0,0,-91,0
1052,437,-254,0,0,0,-91,0
1053,437,-254,0,0,0,-91,0
1054,437,-254,0,0,0,-91,0
1055,437,-254,0,0,0,-91,0
1056,437,-254,0,0,0,-91,0
1057,437,-254,0,0,0,-91,0
1058,437,-254,0,0,0,-91,0
1059,436,-254,0,0,0,-91,0
1060,436,-254,0,0,0,-91,0
1061,436,-254,0,0,0,-91,0
1062,436,-254,0,0,0,-91,0
1063,436,-254,0,0,0,-91,0
1064,436,-254,0,0,0,-91,0
1065,436,-254,0,0,0,-91,0
1066,436,-254,0,0,0,-91,0
1067,436,-254,0,0,0,-91,0
1068,436,-254,0,0,0,-91,0
1069,436,-254,0,0,0,-91,0
1070,436,-254,0,0,0,-91,0
1071,435,-254,0,0,0,-91,0
1072,435,-254,0,0,0,-91,0
1073,435,-254,0,0,0,-91,0
1074,435,-254,0,0,0,-91,0
1075,435,-254,0,0,0,-91,0
1076,435,-254,0,0,0,-91,0
1077,435,-254,0,0,0,-91,0
1078,435,-254,0,0,0,-91,0
1079,435,-254,0,0,0,-91,0
1080,435,-254,0,0,0,-91,0
1081,435,-254,0,0,0,-91,0
1082,435,-254,0,0,0,-91,0
1083,435,-254,0,0,0,-91,0
1084,435,-254,0,0,0,-91,0
1085,434,-254,0,0,0,-91,0
1086,434,-254,0,0,0,-91,0
1087,434,-254,0,0,0,-91,0
1088,434,-254,0,0,0,-91,0
1089,434,-254,0,0,0,-91,0
1090,434,-254,0,0,0,-91,0
1091,434,-253,0,0,0,-91,0
1092,434,-253,0,0,0,-91,0
1093,434,-253,0,0,0,-91,0
1094,434,-253,0,0,0,-91,0
1095,434,-253,0,0,0,-91,0
1096,433,-253,0,0,0,-91,0
1097,433,-253,0,0,0,-91,0
1098,433,-253,0,0,0,-91,0
1099,433,-253,0,0,0,-91,0
1100,433,-253,0,0,0,-91,0
1101,433,-253,0,0,0,-91,0
1102,433,-253,0,0,0,-91,0
1103,433,-253,0,0,0,-91,0
1104,433,-253,0,0,0,-91,0
1105,433,-253,0,0,0,-91,0
1106,432,-253,0,0,0,-91,0
1107,432,-253,0,0,0,-91,0
1108,432,-253,0,0,0,-91,0
1109,432,-253,0,0,0,-91,0
1110,432,-253,0,0,0,-91,0
1111,432,-253,0,0,0,-91,0
1112,431,-253,0,0,0,-91,0
1113,431,-253,0,0,0,-91,0
1114,431,-253,0,0,0,-91,0
1115,431,-253,0,0,0,-91,0
1116,431,-253,0,0,0,-91,0
1117,431,-253,0,0,0,-91,0
1118,431,-253,0,0,0,-91,0
1119,431,-253,0,0,0,-91,0
1120,431,-253,0,0,0,-91,0
1121,431,-253,0,0,0,-91,0
1122,431,-253,0,0,0,-91,0
1123,431,-253,0,0,0,-91,0
1124,431,-253,0,0,0,-91,0
1125,431,-253,0,0,0,-91,0
1126,431,-253,0,0,0,-91,0
1127,431,-253,0,0,0,-91,0
1128,431,-253,0,0,0,-91,0
1129,431,-253,0,0,0,-91,0
1130,431,-253,0,0,0,-91,0
1131,431,-253,0,0,0,-91,0
1132,431,-253,0,0,0,-91,0
1133,431,-253,0,0,0,-91,0
1134,430,-253,0,0,0,-91,0
1135,430,-253,0,0,0,-91,0
1136,430,-253,0,0,0,-91,0
1137,430,-253,0,0,0,-91,0
1138,430,-253,0,0,0,-91,0
1139,430,-253,0,0,0,-91,0
1140,430,-253,0,0,0,-91,0
1141,430,-253,0,0,0,-91,0
1142,429,-253,0,0,0,-91,0
1143,429,-253,0,0,0,-91,0
1144,429,-253,0,0,0,-91,0
1145,429,-253,0,0,0,-91,0
1146,428,-253,0,0,0,-91,0
1147,428,-253,0,0,0,-91,0
1148,428,-253,0,0,0,-91,0
1149,428,-253,0,0,0,-91,0
1150,428,-253,0,0,0,-91,0
1151,428,-253,0,0,0,-91,0
1152,428,-253,0,0,0,-91,0
1153,428,-253,0,0,0,-91,0
1154,428,-253,0,0,0,-91,0
1155,428,-253,0,0,0,-91,0
1156,428,-253,0,0,0,-91,0
1157,428,-253,0,0,0,-91,0
1158,428,-253,0,0,0,-91,0
1159,428,-253,0,0,0,-91,0
1160,428,-253,0,0,0,-91,0
1161,428,-253,0,0,0,-91,0
1162,427,-253,0,0,0,-91,0
1163,427,-253,0,0,0,-91,0
1164,427,-253,0,0,0,-91,0
1165,427,-253,0,0,0,-91,0
1166,427,-253,0,0,0,-91,0
1167,427,-253,0,0,0,-91,0
1168,427,-253,0,0,0,-91,0
1169,427,-253,0,0,0,-91,0
1170,427,-253,0,0,0,-91,0
1171,427,-253,0,0,0,-91,0
1172,427,-253,0,0,0,-91,0
1173,427,-253,0,0,0,-91,0
1174,427,-253,0,0,0,-91,0
1175,427,-253,0,0,0,-91,0
1176,427,-253,0,0,0,-91,0
1177,426,-252,0,0,0,-91,0
1178,426,-252,0,0,0,-91,0
1179,426,-252,0,0,0,-91,0
1180,426,-252,0,0,0,-91,0
1181,426,-252,0,0,0,-91,0
1182,426,-252,0,0,0,-91,0
1183,426,-252,0,0,0,-91,0
1184,426,-252,0,0,0,-91,0
1185,426,-252,0,0,0,-91,0
1186,426,-252,0,0,0,-91,0
1187,426,-252,0,0,0,-91,0
1188,426,-252,0,0,0,-91,0
1189,426,-252,0,0,0,-91,0
1190,426,-252,0,0,0,-91,0
1191,426,-252,0,0,0,-91,0
1192,426,-252,0,0,0,-91,0
1193,426,-252,0,0,0,-91,0
1194,426,-251,0,0,0,-91,0
1195,426,-251,0,0,0,-91,0
1196,426,-251,0,0,0,-91,0
1197,426,-251,0,0,0,-91,0
1198,426,-251,0,0,0,-91,0
1199,425,-251,0,0,0,-91,0
1200,425,-251,0,0,0,-91,0
1201,425,-251,0,0,0,-91,0
1202,425,-251,0,0,0,-91,0
1203,425,-251,0,0,0,-91,0
1204,425,-250,0,0,0,-91,0
1205,425,-250,0,0,0,-91,0
1206,425,-250,0,0,0,-91,0
1207,425,-250,0,0,0,-91,0
1208,425,-250,0,0,0,-91,0
1209,425,-250,0,0,0,-91,0
1210,425,-250,0,0,0,-91,0
1211,425,-250,0,0,0,-91,0
1212,425,-250,0,0,0,-91,0
1213,425,-250,0,0,0,-91,0
1214,425,-250,0,0,0,-91,0
1215,425,-250,0,0,0,-91,0
1216,425,-250,0,0,0,-91,0
1217,425,-250,0,0,0,-91,0
1218,425,-250,0,0,0,-91,0
1219,425,-249,0,0,0,-91,0
1220,425,-249,0,0,0,-91,0
1221,425,-249,0,0,0,-91,0
1222,425,-249,0,0,0,-91,0
1223,425,-249,0,0,0,-91,0
1224,426,-249,0,0,0,-91,0
1225,426,-249,0,0,0,-91,0
1226,426,-249,0,0,0,-91,0
1227,426,-249,0,0,0,-91,0
1228,426,-249,0,0,0,-91,0
1229,426,-249,0,0,0,-91,0
1230,426,-249,0,0,0,-91,0
1231,426,-249,0,0,0,-91,0
1232,426,-249,0,0,0,-91,0
1233,426,-249,0,0,0,-91,0
1234,426,-249,0,0,0,-91,0
1235,426,-249,0,0,0,-91,0
1236,426,-248,0,0,0,-91,0
1237,426,-248,0,0,0,-91,0
1238,426,-248,0,0,0,-91,0
1239,426,-248,0,0,0,-91,0
1240,426,-248,0,0,0,-91,0
1241,426,-248,0,0,0,-91,0
1242,426,-248,0,0,0,-91,0
1243,426,-248,0,0,0,-91,0
1244,426,-248,0,0,0,-91,0
1245,426,-248,0,0,0,-91,0
1246,426,-248,0,0,0,-91,0
1247,426,-248,0,0,0,-91,0
1248,427,-248,0,0,0,-91,0
1249,427,-248,0,0,0,-91,0
1250,427,-248,0,0,0,-91,0
1251,427,-248,0,0,0,-91,0
1252,427,-248,0,0,0,-91,0
1253,427,-248,0,0,0,-91,0
1254,427,-248,0,0,0,-91,0
1255,427,-248,0,0,0,-91,0
1256,427,-248,0,0,0,-91,0
1257,427,-248,0,0,0,-91,0
1258,427,-248,0,0,0,-91,0
1259,427,-248,0,0,0,-91,0
1260,427,-248,0,0,0,-91,0
1261,427,-248,0,0,0,-91,0
1262,427,-248,0,0,0,-91,0
1263,427,-248,0,0,0,-91,0
1264,427,-248,0,0,0,-91,0
1265,427,-248,0,0,0,-91,0
1266,427,-248,0,0,0,-91,0
1267,428,-248,0,0,0,-91,0
1268,428,-247,0,0,0,-91,0
1269,428,-247,0,0,0,-91,0
1270,428,-247,0,0,0,-91,0
1271,428,-247,0,0,0,-91,0
1272,428,-247,0,0,0,-91,0
1273,428,-247,0,0,0,-91,0
1274,428,-247,0,0,0,-91,0
1275,428,-247,0,0,0,-91,0
1276,428,-247,0,0,0,-91,0
1277,428,-247,0,0,0,-91,0
1278,428,-247,0,0,0,-91,0
1279,429,-247,0,0,0,-91,0
1280,429,-247,0,0,0,-91,0
1281,429,-247,0,0,0,-91,0
1282,429,-247,0,0,0,-91,0
1283,429,-247,0,0,0,-91,0
1284,429,-247,0,0,0,-91,0
1285,429,-247,0,0,0,-91,0
1286,429,-247,0,0,0,-91,0
1287,429,-247,0,0,0,-91,0
1288,429,-247,0,0,0,-91,0
1289,429,-246,0,0,0,-91,0
1290,429,-246,0,0,0,-91,0
1291,429,-246,0,0,0,-91,0
1292,430,-246,0,0,0,-91,0
1293,430,-246,0,0,0,-91,0
1294,430,-246,0,0,0,-91,0
1295,430,-246,0,0,0,-91,0
1296,430,-246,0,0,0,-91,0
1297,430,-246,0,0,0,-91,0
1298,430,-246,0,0,0,-91,0
1299,430,-246,0,0,0,-91,0
1300,430,-246,0,0,0,-91,0
1301,430,-246,0,0,0,-91,0
1302,431,-246,0,0,0,-91,0
1303,431,-246,0,0,0,-91,0
1304,431,-246,0,0,0,-91,0
1305,431,-246,0,0,0,-91,0
1306,431,-246,0,0,0,-91,0
1307,431,-246,0,0,0,-91,0
1308,431,-246,0,0,0,-91,0
1309,431,-246,0,0,0,-91,0
1310,431,-246,0,0,0,-91,0
1311,432,-246,0,0,0,-91,0
1312,432,-246,0,0,0,-91,0
1313,432,-246,0,0,0,-91,0
1314,432,-246,0,0,0,-91,0
1315,432,-246,0,0,0,-91,0
1316,432,-246,0,0,0,-91,0
1317,432,-246,0,0,0,-91,0
1318,432,-246,0,0,0,-91,0
1319,432,-246,0,0,0,-91,0
1320,432,-246,0,0,0,-91,0
1321,432,-246,0,0,0,-91,0
1322,432,-246,0,0,0,-91,0
1323,432,-246,0,0,0,-91,0
1324,433,-246,0,0,0,-91,0
1325,433,-246,0,0,0,-91,0
1326,433,-246,0,0,0,-91,0
1327,433,-246,0,0,0,-91,0
1328,433,-246,0,0,0,-91,0
1329,433,-246,0,0,0,-91,0
1330,433,-246,0,0,0,-91,0
1331,433,-246,0,0,0,-91,0
1332,433,-246,0,0,0,-91,0
1333,433,-246,0,0,0,-91,0
1334,434,-246,0,0,0,-91,0
1335,434,-246,0,0,0,-91,0
1336,434,-246,0,0,0,-91,0
1337,434,-247,0,0,0,-91,0
1338,434,-247,0,0,0,-91,0
1339,434,-247,0,0,0,-91,0
1340,435,-247,0,0,0,-91,0
1341,435,-247,0,0,0,-91,0
1342,435,-247,0,0,0,-91,0
1343,435,-247,0,0,0,-91,0
1344,435,-247,0,0,0,-91,0
1345,435,-247,0,0,0,-91,0
1346,435,-247,0,0,0,-91,0
1347,435,-247,0,0,0,-91,0
1348,435,-247,0,0,0,-91,0
1349,435,-247,0,0,0,-91,0
1350,435,-247,0,0,0,-91,0
1351,435,-247,0,0,0,-91,0
1352,435,-247,0,0,0,-91,0
1353,435,-247,0,0,0,-91,0
1354,435,-247,0,0,0,-91,0
1355,435,-247,0,0,0,-91,0
1356,435,-248,0,0,0,-91,0
1357,435,-248,0,0,0,-91,0
1358,435,-248,0,0,0,-91,0
1359,435,-248,0,0,0,-91,0
1360,435,-248,0,0,0,-91,0
1361,435,-248,0,0,0,-91,0
1362,435,-248,0,0,0,-91,0
1363,435,-248,0,0,0,-91,0
1364,435,-248,0,0,0,-91,0
1365,435,-249,0,0,0,-91,0
1366,435,-249,0,0,0,-91,0
1367,435,-249,0,0,0,-91,0
1368,435,-249,0,0,0,-91,0
1369,435,-249,0,0,0,-91,0
1370,435,-249,0,0,0,-91,0
1371,435,-249,0,0,0,-91,0
1372,435,-249,0,0,0,-91,0
1373,435,-249,0,0,0,-91,0
1374,435,-249,0,0,0,-91,0
1375,435,-249,0,0,0,-91,0
1376,435,-249,0,0,0,-91,0
1377,435,-249,0,0,0,-91,0
1378,435,-249,0,0,0,-91,0
1379,435,-249,0,0,0,-91,0
1380,435,-249,0,0,0,-91,0
1381,435,-249,0,0,0,-91,0
1382,435,-249,0,0,0,-91,0
1383,435,-249,0,0,0,-91,0
1384,435,-249,0,0,0,-91,0
1385,435,-249,0,0,0,-91,0
1386,435,-249,0,0,0,-91,0
1387,435,-249,0,0,0,-91,0
1388,435,-249,0,0,0,-91,0
1389,435,-249,0,0,0,-91,0
1390,435,-249,0,0,0,-91,0
1391,435,-249,0,0,0,-91,0
1392,435,-250,0,0,0,-91,0
1393,435,-250,0,0,0,-91,0
1394,435,-250,0,0,0,-91,0
1395,435,-250,0,0,0,-91,0
1396,435,-250,0,0,0,-91,0
1397,435,-250,0,0,0,-91,0
1398,435,-250,0,0,0,-91,0
1399,435,-250,0,0,0,-91,0
1400,435,-251,0,0,0,-91,0
1401,435,-251,0,0,0,-91,0
1402,435,-251,0,0,0,-91,0
1403,435,-251,0,0,0,-91,0
1404,435,-251,0,0,0,-91,0
1405,435,-251,0,0,0,-91,0
1406,435,-251,0,0,0,-91,0
1407,435,-251,0,0,0,-91,0
1408,435,-251,0,0,0,-91,0
1409,435,-251,0,0,0,-91,0
1410,435,-251,0,0,0,-91,0
1411,435,-251,0,0,0,-91,0
1412,435,-251,0,0,0,-91,0
1413,435,-251,0,0,0,-91,0
1414,435,-251,0,0,0,-91,0
1415,435,-251,0,0,0,-91,0
1416,435,-251,0,0,0,-91,0
1417,435,-251,0,0,0,-91,0
1418,435,-251,0,0,0,-91,0
1419,435,-251,0,0,0,-91,0
1420,435,-251,0,0,0,-91,0
1421,435,-251,0,0,0,-91,0
1422,435,-251,0,0,0,-91,0
1423,435,-251,0,0,0,-91,0
1424,435,-251,0,0,0,-91,0
1425,435,-251,0,0,0,-91,0
1426,435,-251,0,0,0,-91,0
1427,435,-251,0,0,0,-91,0
1428,435,-251,0,0,0,-91,0
1429,435,-251,0,0,0,-91,0
1430,435,-251,0,0,0,-91,0
1431,435,-251,0,0,0,-91,0
1432,435,-251,0,0,0,-91,0
1433,435,-251,0,0,0,-91,0
1434,435,-251,0,0,0,-91,0
1435,435,-251,0,0,0,-91,0
1436,435,-251,0,0,0,-91,0
1437,435,-251,0,0,0,-91,0
1438,435,-251,0,0,0,-91,0
1439,435,-251,0,0,0,-91,0
1440,435,-251,0,0,0,-91,0
1441,435,-251,0,0,0,-91,0
1442,435,-251,0,0,0,-91,0
1443,435,-251,0,0,0,-91,0
1444,435,-251,0,0,0,-91,0
1445,435,-251,0,0,0,-91,0
1446,435,-251,0,0,0,-91,0
1447,435,-251,0,0,0,-91,0
1448,435,-251,0,0,0,-91,0
1449,435,-251,0,0,0,-91,0
1450,435,-251,0,0,0,-91,0
1451,435,-251,0,0,0,-91,0
1452,435,-251,0,0,0,-91,0
1453,435,-251,0,0,0,-91,0
1454,435,-251,0,0,0,-91,0
1455,435,-251,0,0,0,-91,0
1456,435,-251,0,0,0,-91,0
1457,435,-251,0,0,0,-91,0
1458,435,-252,0,0,0,-91,0
1459,436,-252,0,0,0,-91,0
1460,436,-252,0,0,0,-91,0
1461,436,-252,0,0,0,-91,0
1462,436,-252,0,0,0,-91,0
1463,436,-252,0,0,0,-91,0
1464,436,-252,0,0,0,-91,0
1465,436,-252,0,0,0,-91,0
1466,436,-252,0,0,0,-91,0
1467,436,-252,0,0,0,-91,0
1468,436,-252,0,0,0,-91,0
1469,436,-252,0,0,0,-91,0
1470,436,-252,0,0,0,-91,0
1471,436,-252,0,0,0,-91,0
1472,436,-252,0,0,0,-91,0
1473,436,-252,0,0,0,-91,0
1474,436,-252,0,0,0,-91,0
1475,436,-253,0,0,0,-91,0
1476,436,-253,0,0,0,-91,0
1477,436,-253,0,0,0,-91,0
1478,436,-253,0,0,0,-91,0
1479,436,-253,0,0,0,-91,0
1480,436,-253,0,0,0,-91,0
1481,436,-253,0,0,0,-91,0
1482,436,-253,0,0,0,-91,0
1483,436,-253,0,0,0,-91,0
1484,436,-253,0,0,0,-91,0
1485,436,-253,0,0,0,-91,0
1486,436,-253,0,0,0,-91,0
1487,436,-253,0,0,0,-91,0
1488,436,-253,0,0,0,-91,0
1489,436,-253,0,0,0,-91,0
1490,435,-253,0,0,0,-91,0
1491,435,-253,0,0,0,-91,0
1492,435,-253,0,0,0,-91,0
1493,435,-253,0,0,0,-91,0
1494,435,-253,0,0,0,-91,0
1495,435,-253,0,0,0,-91,0
1496,435,-253,0,0,0,-91,0
1497,435,-253,0,0,0,-91,0
1498,435,-253,0,0,0,-91,0
1499,435,-253,0,0,0,-91,0
1500,435,-253,0,0,0,-91,0
1501,435,-253,0,0,0,-91,0
1502,435,-253,0,0,0,-91,0
1503,435,-253,0,0,0,-91,0
1504,434,-253,0,0,0,-91,0
1505,434,-253,0,0,0,-91,0
1506,434,-253,0,0,0,-91,0
1507,434,-253,0,0,0,-91,0
1508,434,-253,0,0,0,-91,0
1509,434,-253,0,0,0,-91,0
1510,434,-253,0,0,0,-91,0
1511,434,-253,0,0,0,-91,0
1512,434,-253,0,0,0,-91,0
1513,434,-253,0,0,0,-91,0
1514,434,-253,0,0,0,-91,0
1515,434,-253,0,0,0,-91,0
1516,434,-253,0,0,0,-91,0
1517,434,-253,0,0,0,-91,0
1518,434,-253,0,0,0,-91,0
1519,434,-253,0,0,0,-91,0
1520,434,-253,0,0,0,-91,0
1521,434,-253,0,0,0,-91,0
1522,434,-253,0,0,0,-91,0
1523,434,-253,0,0,0,-91,0
1524,434,-253,0,0,0,-91,0
1525,434,-253,0,0,0,-91,0
1526,434,-253,0,0,0,-91,0
1527,433,-253,0,0,0,-91,0
1528,433,-253,0,0,0,-91,0
1529,433,-253,0,0,0,-91,0
1530,433,-253,0,0,0,-91,0
1531,433,-253,0,0,0,-91,0
1532,433,-253,0,0,0,-91,0
1533,433,-253,0,0,0,-91,0
1534,433,-253,0,0,0,-91,0
1535,433,-253,0,0,0,-91,0
1536,433,-253,0,0,0,-91,0
1537,433,-253,0,0,0,-91,0
1538,433,-253,0,0,0,-91,0
1539,433,-253,0,0,0,-91,0
1540,432,-253,0,0,0,-91,0
1541,432,-253,0,0,0,-91,0
1542,432,-253,0,0,0,-91,0
1543,432,-253,0,0,0,-91,0
1544,432,-253,0,0,0,-91,0
1545,432,-253,0,0,0,-91,0
1546,432,-253,0,0,0,-91,0
1547,432,-253,0,0,0,-91,0
1548,432,-253,0,0,0,-91,0
1549,432,-253,0,0,0,-91,0
1550,432,-253,0,0,0,-91,0
1551,432,-253,0,0,0,-91,0
1552,432,-253,0,0,0,-91,0
1553,432,-252,0,0,0,-91,0
1554,432,-252,0,0,0,-91,0
1555,431,-252,0,0,0,-91,0
1556,431,-252,0,0,0,-91,0
1557,431,-252,0,0,0,-91,0
1558,431,-252,0,0,0,-91,0
1559,431,-252,0,0,0,-91,0
1560,431,-252,0,0,0,-91,0
1561,431,-252,0,0,0,-91,0
1562,430,-252,0,0,0,-91,0
1563,430,-252,0,0,0,-91,0
1564,430,-252,0,0,0,-91,0
1565,430,-252,0,0,0,-91,0
1566,430,-252,0,0,0,-91,0
1567,429,-252,0,0,0,-91,0
1568,429,-251,0,0,0,-91,0
1569,429,-251,0,0,0,-91,0
1570,429,-251,0,0,0,-91,0
1571,428,-251,0,0,0,-91,0
1572,428,-251,0,0,0,-91,0
1573,428,-251,0,0,0,-91,0
1574,428,-251,0,0,0,-91,0
1575,428,-251,0,0,0,-91,0
1576,428,-251,0,0,0,-91,0
1577,428,-251,0,0,0,-91,0
1578,428,-251,0,0,0,-91,0
1579,428,-251,0,0,0,-91,0
1580,428,-251,0,0,0,-91,0
1581,428,-251,0,0,0,-91,0
1582,428,-251,0,0,0,-91,0
1583,428,-251,0,0,0,-91,0
1584,428,-250,0,0,0,-91,0
1585,428,-250,0,0,0,-91,0
1586,428,-250,0,0,0,-91,0
1587,427,-250,0,0,0,-91,0
1588,427,-250,0,0,0,-91,0
1589,427,-250,0,0,0,-91,0
1590,427,-250,0,0,0,-91,0
1591,427,-250,0,0,0,-91,0
1592,427,-250,0,0,0,-91,0
1593,427,-250,0,0,0,-91,0
1594,427,-250,0,0,0,-91,0
1595,427,-250,0,0,0,-91,0
1596,427,-250,0,0,0,-91,0
1597,427,-250,0,0,0,-91,0
1598,427,-250,0,0,0,-91,0
1599,427,-250,0,0,0,-91,0
1600,427,-250,0,0,0,-91,0
1601,427,-250,0,0,0,-91,0
1602,427,-250,0,0,0,-91,0
1603,427,-250,0,0,0,-91,0
1604,427,-250,0,0,0,-91,0
1605,427,-250,0,0,0,-91,0
1606,427,-250,0,0,0,-91,0
1607,427,-250,0,0,0,-91,0
1608,427,-250,0,0,0,-91,0
1609,427,-250,0,0,0,-91,0
1610,427,-250,0,0,0,-91,0
1611,427,-250,0,0,0,-91,0
1612,427,-250,0,0,0,-91,0
1613,427,-250,0,0,0,-91,0
1614,427,-250,0,0,0,-91,0
1615,427,-250,0,0,0,-91,0
1616,427,-250,0,0,0,-91,0
1617,427,-250,0,0,0,-91,0
1618,427,-250,0,0,0,-91,0
1619,426,-250,0,0,0,-91,0
1620,426,-250,0,0,0,-91,0
1621,426,-250,0,0,0,-91,0
1622,426,-250,0,0,0,-91,0
1623,426,-250,0,0,0,-91,0
1624,426,-250,0,0,0,-91,0
1625,426,-250,0,0,0,-91,0
1626,426,-250,0,0,0,-91,0
1627,426,-250,0,0,0,-91,0
1628,426,-250,0,0,0,-91,0
1629,426,-249,0,0,0,-91,0
1630,426,-249,0,0,0,-91,0
1631,426,-249,0,0,0,-91,0
