t,x,y,fh,fv,r,s,frame:
0,303,5,1,0,0,-66,0
1,303,5,1,0,0,-66,0
2,303,5,1,0,0,-66,0
3,303,5,1,0,0,-66,0
4,303,5,1,0,0,-66,0
5,303,5,1,0,0,-66,0
6,303,5,1,0,0,-66,0
7,303,5,1,0,0,-66,0
8,303,5,1,0,0,-66,0
9,303,5,1,0,0,-66,0
10,303,5,1,0,0,-66,0
11,303,5,1,0,0,-66,0
12,303,5,1,0,0,-66,0
13,303,5,1,0,0,-66,0
14,303,5,1,0,0,-66,0
15,303,5,1,0,0,-66,0
16,303,5,1,0,0,-66,0
17,303,5,1,0,0,-66,0
18,303,5,1,0,0,-66,0
19,303,5,1,0,0,-66,0
20,303,5,1,0,0,-66,0
21,303,5,1,0,0,-66,0
22,303,5,1,0,0,-66,0
23,303,5,1,0,0,-66,0
24,303,5,1,0,0,-66,0
25,303,5,1,0,0,-66,0
26,303,5,1,0,0,-66,0
27,303,5,1,0,0,-66,0
28,303,5,1,0,0,-66,0
29,303,5,1,0,0,-66,0
30,303,5,1,0,0,-66,0
31,303,5,1,0,0,-66,0
32,303,5,1,0,0,-66,0
33,303,5,1,0,0,-66,0
34,303,5,1,0,0,-66,0
35,303,5,1,0,0,-66,0
36,303,5,1,0,0,-66,0
37,303,5,1,0,0,-66,0
38,303,5,1,0,0,-66,0
39,303,5,1,0,0,-66,0
40,303,5,1,0,0,-66,0
41,303,5,1,0,0,-66,0
42,303,5,1,0,0,-66,0
43,303,5,1,0,0,-66,0
44,303,5,1,0,0,-66,0
45,303,5,1,0,0,-66,0
46,303,5,1,0,0,-66,0
47,303,5,1,0,0,-66,0
48,303,5,1,0,0,-66,0
49,303,5,1,0,0,-66,0
50,303,5,1,0,0,-66,0
51,303,5,1,0,0,-66,0
52,303,5,1,0,0,-66,0
53,303,5,1,0,0,-66,0
54,303,5,1,0,0,-66,0
55,303,5,1,0,0,-66,0
56,303,5,1,0,0,-66,0
57,303,5,1,0,0,-66,0
58,303,5,1,0,0,-66,0
59,303,5,1,0,0,-66,0
60,303,5,1,0,0,-66,0
61,303,5,1,0,0,-66,0
62,303,5,1,0,0,-66,0
63,303,5,1,0,0,-66,0
64,303,5,1,0,0,-66,0
65,303,5,1,0,0,-66,0
66,303,5,1,0,0,-66,0
67,303,5,1,0,0,-66,0
68,303,5,1,0,0,-66,0
69,303,5,1,0,0,-66,0
70,303,5,1,0,0,-66,0
71,303,5,1,0,0,-66,0
72,303,5,1,0,0,-66,0
73,303,5,1,0,0,-66,0
74,303,5,1,0,0,-66,0
75,303,5,1,0,0,-66,0
76,303,5,1,0,0,-66,0
77,303,5,1,0,0,-66,0
78,303,5,1,0,0,-66,0
79,303,5,1,0,0,-66,0
80,303,5,1,0,0,-66,0
81,303,5,1,0,0,-66,0
82,303,5,1,0,0,-66,0
83,303,5,1,0,0,-66,0
84,303,5,1,0,0,-66,0
85,303,5,1,0,0,-66,0
86,303,5,1,0,0,-66,0
87,303,5,1,0,0,-66,0
88,303,5,1,0,0,-66,0
89,303,5,1,0,0,-66,0
90,303,5,1,0,0,-66,0
91,303,5,1,0,0,-66,0
92,303,5,1,0,0,-66,0
93,303,5,1,0,0,-66,0
94,303,5,1,0,0,-66,0
95,303,5,1,0,0,-66,0
96,303,5,1,0,0,-66,0
97,303,5,1,0,0,-66,0
98,303,5,1,0,0,-66,0
99,303,5,1,0,0,-66,0
100,303,5,1,0,0,-66,0
101,303,5,1,0,0,-66,0
102,303,5,1,0,0,-66,0
103,303,5,1,0,0,-66,0
104,303,5,1,0,0,-66,0
105,303,5,1,0,0,-66,0
106,303,5,1,0,0,-66,0
107,303,5,1,0,0,-66,0
108,303,5,1,0,0,-66,0
109,303,5,1,0,0,-66,0
110,303,5,1,0,0,-66,0
111,303,5,1,0,0,-66,0
112,303,5,1,0,0,-66,0
113,303,5,1,0,0,-66,0
114,303,5,1,0,0,-66,0
115,303,5,1,0,0,-66,0
116,303,5,1,0,0,-66,0
117,303,5,1,0,0,-66,0
118,303,5,1,0,0,-66,0
119,303,5,1,0,0,-66,0
120,303,5,1,0,0,-66,0
121,303,5,1,0,0,-66,0
122,303,5,1,0,0,-66,0
123,303,5,1,0,0,-66,0
124,303,5,1,0,0,-66,0
125,303,5,1,0,0,-66,0
126,303,5,1,0,0,-66,0
127,303,5,1,0,0,-66,0
128,303,5,1,0,0,-66,0
129,303,5,1,0,0,-66,0
130,303,5,1,0,0,-66,0
131,303,5,1,0,0,-66,0
132,303,5,1,0,0,-66,0
133,303,5,1,0,0,-66,0
134,303,5,1,0,0,-66,0
135,303,5,1,0,0,-66,0
136,303,5,1,0,0,-66,0
137,303,5,1,0,0,-66,0
138,303,5,1,0,0,-66,0
139,303,5,1,0,0,-66,0
140,303,5,1,0,0,-66,0
141,303,5,1,0,0,-66,0
142,303,5,1,0,0,-66,0
143,303,5,1,0,0,-66,0
144,303,5,1,0,0,-66,0
145,303,5,1,0,0,-66,0
146,303,5,1,0,0,-66,0
147,303,5,1,0,0,-66,0
148,303,5,1,0,0,-66,0
149,303,5,1,0,0,-66,0
150,303,5,1,0,0,-66,0
151,303,5,1,0,0,-66,0
152,303,5,1,0,0,-66,0
153,303,5,1,0,0,-66,0
154,303,5,1,0,0,-66,0
155,303,5,1,0,0,-66,0
156,303,5,1,0,0,-66,0
157,303,5,1,0,0,-66,0
158,303,5,1,0,0,-66,0
159,303,5,1,0,0,-66,0
160,303,5,1,0,0,-66,0
161,303,5,1,0,0,-66,0
162,303,5,1,0,0,-66,0
163,303,5,1,0,0,-66,0
164,303,5,1,0,0,-66,0
165,303,5,1,0,0,-66,0
166,303,5,1,0,0,-66,0
167,303,5,1,0,0,-66,0
168,303,5,1,0,0,-66,0
169,303,5,1,0,0,-66,0
170,303,5,1,0,0,-66,0
171,303,5,1,0,0,-66,0
172,303,5,1,0,0,-66,0
173,303,5,1,0,0,-66,0
174,303,5,1,0,0,-66,0
175,303,5,1,0,0,-66,0
176,303,5,1,0,0,-66,0
177,303,5,1,0,0,-66,0
178,303,5,1,0,0,-66,0
179,303,5,1,0,0,-66,0
180,303,5,1,0,0,-66,0
181,303,5,1,0,0,-66,0
182,303,5,1,0,0,-66,0
183,303,5,1,0,0,-66,0
184,303,5,1,0,0,-66,0
185,303,5,1,0,0,-66,0
186,303,5,1,0,0,-66,0
187,303,5,1,0,0,-66,0
188,303,5,1,0,0,-66,0
189,303,5,1,0,0,-66,0
190,303,5,1,0,0,-66,0
191,303,5,1,0,0,-66,0
192,303,5,1,0,0,-66,0
193,303,5,1,0,0,-66,0
194,304,5,1,0,0,-66,0
195,304,5,1,0,0,-66,0
196,304,5,1,0,0,-66,0
197,304,4,1,0,0,-66,0
198,304,4,1,0,0,-66,0
199,304,4,1,0,0,-66,0
200,304,3,1,0,0,-66,0
201,304,3,1,0,0,-66,0
202,304,3,1,0,0,-66,0
203,304,3,1,0,0,-66,0
204,304,3,1,0,0,-66,0
205,304,3,1,0,0,-66,0
206,304,4,1,0,0,-66,0
207,304,7,1,0,0,-66,0
208,304,8,1,0,0,-66,0
209,304,11,1,0,0,-66,0
210,304,14,1,0,0,-66,0
211,303,15,1,0,0,-66,0
212,303,15,1,0,0,-66,0
213,303,15,1,0,0,-66,0
214,303,15,1,0,0,-66,0
215,303,15,1,0,0,-66,0
216,303,14,1,0,0,-66,0
217,303,12,1,0,0,-66,0
218,303,9,1,0,0,-66,0
219,303,7,1,0,0,-66,0
220,303,5,1,0,0,-66,0
221,303,4,1,0,0,-66,0
222,303,3,1,0,0,-66,0
223,303,3,1,0,0,-66,0
224,302,3,1,0,0,-66,0
225,302,3,1,0,0,-66,0
226,302,3,1,0,0,-66,0
227,302,4,1,0,0,-66,0
228,302,7,1,0,0,-66,0
229,302,9,1,0,0,-66,0
230,302,9,1,0,0,-66,0
231,303,9,1,0,0,-66,0
232,303,9,1,0,0,-66,0
233,303,9,1,0,0,-66,0
234,303,9,1,0,0,-66,0
235,303,9,1,0,0,-66,0
236,303,7,1,0,0,-66,0
237,303,7,1,0,0,-66,0
238,305,4,1,0,0,-66,0
239,305,2,1,0,0,-66,0
240,305,0,1,0,0,-66,0
241,305,-2,1,0,0,-66,0
242,305,-2,1,0,0,-66,0
243,305,-2,1,0,0,-66,0
244,305,-2,1,0,0,-66,0
245,305,-2,1,0,0,-66,0
246,305,2,1,0,0,-66,0
247,305,5,1,0,0,-66,0
248,305,8,1,0,0,-66,0
249,305,9,1,0,0,-66,0
250,305,10,1,0,0,-66,0
251,306,11,1,0,0,-66,0
252,306,12,1,0,0,-66,0
253,306,12,1,0,0,-66,0
254,306,12,1,0,0,-66,0
255,306,12,1,0,0,-66,0
256,306,8,1,0,0,-66,0
257,306,6,1,0,0,-66,0
258,306,3,1,0,0,-66,0
259,306,0,1,0,0,-66,0
260,306,-2,1,0,0,-66,0
261,306,-3,1,0,0,-66,0
262,306,-3,1,0,0,-66,0
263,306,-3,1,0,0,-66,0
264,306,1,1,0,0,-66,0
265,306,2,1,0,0,-66,0
266,306,3,1,0,0,-66,0
267,306,4,1,0,0,-66,0
268,306,4,1,0,0,-66,0
269,306,8,1,0,0,-66,0
270,306,8,1,0,0,-66,0
271,306,8,1,0,0,-66,0
272,306,8,1,0,0,-66,0
273,306,8,1,0,0,-66,0
274,306,8,1,0,0,-66,0
275,306,6,1,0,0,-66,0
276,306,5,1,0,0,-66,0
277,306,2,1,0,0,-66,0
278,306,-1,1,0,0,-66,0
279,306,-2,1,0,0,-66,0
280,306,-2,1,0,0,-66,0
281,306,-2,1,0,0,-66,0
282,306,-2,1,0,0,-66,0
283,306,-1,1,0,0,-66,0
284,305,1,1,0,0,-66,0
285,305,3,1,0,0,-66,0
286,304,6,1,0,0,-66,0
287,304,6,1,0,0,-66,0
288,304,7,1,0,0,-66,0
289,304,8,1,0,0,-66,0
290,304,8,1,0,0,-66,0
291,304,8,1,0,0,-66,0
292,304,8,1,0,0,-66,0
293,304,8,1,0,0,-66,0
294,304,7,1,0,0,-66,0
295,304,7,1,0,0,-66,0
296,304,5,1,0,0,-66,0
297,304,3,1,0,0,-66,0
298,304,2,1,0,0,-66,0
299,304,1,1,0,0,-66,0
300,304,1,1,0,0,-66,0
301,304,0,1,0,0,-66,0
302,304,0,1,0,0,-66,0
303,304,-1,1,0,0,-66,0
304,304,-1,1,0,0,-66,0
305,304,-1,1,0,0,-66,0
306,304,-1,1,0,0,-66,0
307,304,-1,1,0,0,-66,0
308,304,-1,1,0,0,-66,0
309,304,-1,1,0,0,-66,0
310,304,-1,1,0,0,-66,0
311,304,-1,1,0,0,-66,0
312,304,-1,1,0,0,-66,0
313,304,-1,1,0,0,-66,0
314,304,-1,1,0,0,-66,0
315,304,-1,1,0,0,-66,0
316,304,-1,1,0,0,-66,0
317,304,-1,1,0,0,-66,0
318,304,-1,1,0,0,-66,0
319,304,0,1,0,0,-66,0
320,304,1,1,0,0,-66,0
321,304,2,1,0,0,-66,0
322,304,3,1,0,0,-66,0
323,304,3,1,0,0,-66,0
324,304,4,1,0,0,-66,0
325,304,4,1,0,0,-66,0
326,304,4,1,0,0,-66,0
327,304,4,1,0,0,-66,0
328,304,4,1,0,0,-66,0
329,304,4,1,0,0,-66,0
330,304,4,1,0,0,-66,0
331,304,4,1,0,0,-66,0
332,304,4,1,0,0,-66,0
333,304,4,1,0,0,-66,0
334,304,4,1,0,0,-66,0
335,304,4,1,0,0,-66,0
336,304,4,1,0,0,-66,0
337,304,4,1,0,0,-66,0
338,304,4,1,0,0,-66,0
339,304,4,1,0,0,-66,0
340,304,4,1,0,0,-66,0
341,304,4,1,0,0,-66,0
342,304,4,1,0,0,-66,0
343,304,4,1,0,0,-66,0
344,304,4,1,0,0,-66,0
345,304,4,1,0,0,-66,0
346,304,4,1,0,0,-66,0
347,304,4,1,0,0,-66,0
348,304,4,1,0,0,-66,0
349,304,4,1,0,0,-66,0
350,304,4,1,0,0,-66,0
351,304,4,1,0,0,-66,0
352,304,4,1,0,0,-66,0
353,304,4,1,0,0,-66,0
354,304,4,1,0,0,-66,0
355,304,4,1,0,0,-66,0
356,304,4,1,0,0,-66,0
357,304,4,1,0,0,-66,0
358,304,4,1,0,0,-66,0
359,304,4,1,0,0,-66,0
360,304,4,1,0,0,-66,0
361,304,4,1,0,0,-66,0
362,304,4,1,0,0,-66,0
363,304,4,1,0,0,-66,0
364,304,4,1,0,0,-66,0
365,304,4,1,0,0,-66,0
366,304,4,1,0,0,-66,0
367,304,4,1,0,0,-66,0
368,304,4,1,0,0,-66,0
369,304,4,1,0,0,-66,0
370,304,4,1,0,0,-66,0
371,304,4,1,0,0,-66,0
372,304,4,1,0,0,-66,0
373,304,4,1,0,0,-66,0
374,304,4,1,0,0,-66,0
375,304,4,1,0,0,-66,0
376,304,4,1,0,0,-66,0
377,304,4,1,0,0,-66,0
378,304,4,1,0,0,-66,0
379,304,4,1,0,0,-66,0
380,304,4,1,0,0,-66,0
381,304,4,1,0,0,-66,0
382,304,4,1,0,0,-66,0
383,304,4,1,0,0,-66,0
384,304,4,1,0,0,-66,0
385,304,4,1,0,0,-66,0
386,304,4,1,0,0,-66,0
387,304,4,1,0,0,-66,0
388,304,4,1,0,0,-66,0
389,304,4,1,0,0,-66,0
390,304,4,1,0,0,-66,0
391,304,4,1,0,0,-66,0
392,304,4,1,0,0,-66,0
393,304,4,1,0,0,-66,0
394,304,4,1,0,0,-66,0
395,304,4,1,0,0,-66,0
396,304,4,1,0,0,-66,0
397,304,4,1,0,0,-66,0
398,304,4,1,0,0,-66,0
399,304,4,1,0,0,-66,0
400,304,4,1,0,0,-66,0
401,304,4,1,0,0,-66,0
402,304,4,1,0,0,-66,0
403,304,4,1,0,0,-66,0
404,304,4,1,0,0,-66,0
405,304,4,1,0,0,-66,0
406,304,4,1,0,0,-66,0
407,304,4,1,0,0,-66,0
408,304,4,1,0,0,-66,0
409,304,4,1,0,0,-66,0
410,304,4,1,0,0,-66,0
411,304,4,1,0,0,-66,0
412,304,4,1,0,0,-66,0
413,304,4,1,0,0,-66,0
414,304,4,1,0,0,-66,0
415,304,4,1,0,0,-66,0
416,304,4,1,0,0,-66,0
417,304,4,1,0,0,-66,0
418,304,4,1,0,0,-66,0
419,304,4,1,0,0,-66,0
420,304,4,1,0,0,-66,0
421,304,4,1,0,0,-66,0
422,304,4,1,0,0,-66,0
423,304,4,1,0,0,-66,0
424,304,4,1,0,0,-66,0
425,304,4,1,0,0,-66,0
426,304,4,1,0,0,-66,0
427,304,4,1,0,0,-66,0
428,304,4,1,0,0,-66,0
429,304,4,1,0,0,-66,0
430,304,4,1,0,0,-66,0
431,304,4,1,0,0,-66,0
432,304,4,1,0,0,-66,0
433,304,4,1,0,0,-66,0
434,304,4,1,0,0,-66,0
435,304,4,1,0,0,-66,0
436,304,4,1,0,0,-66,0
437,304,4,1,0,0,-66,0
438,304,4,1,0,0,-66,0
439,304,4,1,0,0,-66,0
440,304,4,1,0,0,-66,0
441,304,4,1,0,0,-66,0
442,304,4,1,0,0,-66,0
443,304,4,1,0,0,-66,0
444,304,4,1,0,0,-66,0
445,304,4,1,0,0,-66,0
446,304,4,1,0,0,-66,0
447,304,4,1,0,0,-66,0
448,304,4,1,0,0,-66,0
449,304,4,1,0,0,-66,0
450,304,4,1,0,0,-66,0
451,304,4,1,0,0,-66,0
452,304,4,1,0,0,-66,0
453,304,4,1,0,0,-66,0
454,304,4,1,0,0,-66,0
455,304,4,1,0,0,-66,0
456,304,4,1,0,0,-66,0
457,304,4,1,0,0,-66,0
458,304,4,1,0,0,-66,0
459,304,4,1,0,0,-66,0
460,304,4,1,0,0,-66,0
461,304,4,1,0,0,-66,0
462,304,4,1,0,0,-66,0
463,304,4,1,0,0,-66,0
464,304,4,1,0,0,-66,0
465,304,4,1,0,0,-66,0
466,304,4,1,0,0,-66,0
467,304,4,1,0,0,-66,0
468,304,4,1,0,0,-66,0
469,304,4,1,0,0,-66,0
470,304,4,1,0,0,-66,0
471,304,4,1,0,0,-66,0
472,304,4,1,0,0,-66,0
473,304,4,1,0,0,-66,0
474,304,4,1,0,0,-66,0
475,304,4,1,0,0,-66,0
476,304,4,1,0,0,-66,0
477,304,4,1,0,0,-66,0
478,304,4,1,0,0,-66,0
479,304,4,1,0,0,-66,0
480,304,4,1,0,0,-66,0
481,304,4,1,0,0,-66,0
482,304,4,1,0,0,-66,0
483,304,4,1,0,0,-66,0
484,304,4,1,0,0,-66,0
485,304,4,1,0,0,-66,0
486,304,4,1,0,0,-66,0
487,304,4,1,0,0,-66,0
488,304,4,1,0,0,-66,0
489,304,4,1,0,0,-66,0
490,304,4,1,0,0,-66,0
491,304,4,1,0,0,-66,0
492,304,4,1,0,0,-66,0
493,304,4,1,0,0,-66,0
494,304,4,1,0,0,-66,0
495,304,4,1,0,0,-66,0
496,304,4,1,0,0,-66,0
497,304,4,1,0,0,-66,0
498,304,4,1,0,0,-66,0
499,304,4,1,0,0,-66,0
500,304,4,1,0,0,-66,0
501,304,4,1,0,0,-66,0
502,304,4,0,0,0,-66,0
503,304,4,0,0,0,-66,0
504,304,4,0,0,0,-66,0
505,304,4,0,0,0,-66,0
506,304,4,0,0,0,-66,0
507,304,4,0,0,0,-66,0
508,304,4,0,0,0,-66,0
509,304,4,0,0,0,-66,0
510,304,4,0,0,0,-66,0
511,304,4,0,0,0,-66,0
512,304,4,0,0,0,-66,0
513,304,4,0,0,0,-66,0
514,304,4,0,0,0,-66,0
515,304,4,0,0,0,-66,0
516,304,4,0,0,0,-66,0
517,304,4,0,0,0,-66,0
518,304,4,0,0,0,-66,0
519,304,4,0,0,0,-66,0
520,304,4,0,0,0,-66,0
521,304,4,0,0,0,-66,0
522,304,4,0,0,0,-66,0
523,304,4,0,0,0,-66,0
524,304,4,0,0,0,-66,0
525,304,4,0,0,0,-66,0
526,304,4,0,0,0,-66,0
527,304,4,0,0,0,-66,0
528,304,4,0,0,0,-66,0
529,304,4,0,0,0,-66,0
530,304,4,0,0,0,-66,0
531,304,4,0,0,0,-66,0
532,304,4,0,0,0,-66,0
533,304,4,0,0,0,-66,0
534,304,4,0,0,0,-66,0
535,304,4,0,0,0,-66,0
536,304,4,0,0,0,-66,0
537,304,4,0,0,0,-66,0
538,304,4,0,0,0,-66,0
539,304,4,0,0,0,-66,0
540,304,4,0,0,0,-66,0
541,304,4,0,0,0,-66,0
542,304,4,0,0,0,-66,0
543,304,4,0,0,0,-66,0
544,304,4,0,0,0,-66,0
545,304,4,0,0,0,-66,0
546,304,4,0,0,0,-66,0
547,304,4,0,0,0,-66,0
548,304,4,0,0,0,-66,0
549,304,4,0,0,0,-66,0
550,304,4,0,0,0,-66,0
551,303,4,0,0,0,-66,0
552,303,4,0,0,0,-66,0
553,303,4,0,0,0,-66,0
554,303,4,0,0,0,-66,0
555,303,4,0,0,0,-66,0
556,303,4,0,0,0,-66,0
557,303,4,0,0,0,-66,0
558,303,4,0,0,0,-66,0
559,303,4,0,0,0,-66,0
560,303,4,0,0,0,-66,0
561,303,4,0,0,0,-66,0
562,303,4,0,0,0,-66,0
563,303,4,0,0,0,-66,0
564,303,4,0,0,0,-66,0
565,303,4,0,0,0,-66,0
566,303,4,0,0,0,-66,0
567,303,4,0,0,0,-66,0
568,303,4,0,0,0,-66,0
569,303,4,0,0,0,-66,0
570,303,4,0,0,0,-66,0
571,303,4,0,0,0,-66,0
572,303,4,0,0,0,-66,0
573,303,4,0,0,0,-66,0
574,303,4,0,0,0,-66,0
575,303,4,0,0,0,-66,0
576,303,4,0,0,0,-66,0
577,303,4,0,0,0,-66,0
578,303,4,0,0,0,-66,0
579,303,4,0,0,0,-66,0
580,303,4,0,0,0,-66,0
581,303,4,0,0,0,-66,0
582,303,4,0,0,0,-66,0
583,303,4,0,0,0,-66,0
584,303,4,0,0,0,-66,0
585,303,4,0,0,0,-66,0
586,303,4,0,0,0,-66,0
587,303,4,0,0,0,-66,0
588,303,4,0,0,0,-66,0
589,303,4,0,0,0,-66,0
590,303,4,0,0,0,-66,0
591,303,4,0,0,0,-66,0
592,303,4,0,0,0,-66,0
593,303,4,0,0,0,-66,0
594,303,4,0,0,0,-66,0
595,303,4,0,0,0,-66,0
596,303,4,0,0,0,-66,0
597,303,4,0,0,0,-66,0
598,303,4,0,0,0,-66,0
599,303,4,0,0,0,-66,0
600,303,4,0,0,0,-66,0
601,303,4,0,0,0,-66,0
602,303,4,0,0,0,-66,0
603,303,4,0,0,0,-66,0
604,303,4,0,0,0,-66,0
605,303,4,0,0,0,-66,0
606,303,4,0,0,0,-66,0
607,303,4,0,0,0,-66,0
608,303,4,0,0,0,-66,0
609,303,4,0,0,0,-66,0
610,303,4,0,0,0,-66,0
611,303,4,0,0,0,-66,0
612,303,4,0,0,0,-66,0
613,303,4,0,0,0,-66,0
614,303,4,0,0,0,-66,0
615,303,4,0,0,0,-66,0
616,303,4,0,0,0,-66,0
617,303,4,0,0,0,-66,0
618,303,4,0,0,0,-66,0
619,303,3,0,0,0,-66,0
620,303,2,0,0,0,-66,0
621,303,1,0,0,0,-66,0
622,303,0,0,0,0,-66,0
623,303,0,0,0,0,-66,0
624,303,0,0,0,0,-66,0
625,303,0,0,0,0,-66,0
626,303,0,0,0,0,-66,0
627,302,2,0,0,0,-66,0
628,301,3,0,0,0,-66,0
629,300,4,0,0,0,-66,0
630,298,6,0,0,0,-66,0
631,297,7,0,0,0,-66,0
632,297,7,0,0,0,-66,0
633,297,7,0,0,0,-66,0
634,297,7,0,0,0,-66,0
635,297,7,0,0,0,-66,0
636,296,6,0,0,0,-66,0
637,295,5,0,0,0,-66,0
638,295,4,0,0,0,-66,0
639,294,3,0,0,0,-66,0
640,294,2,0,0,0,-66,0
641,294,1,0,0,0,-66,0
642,293,0,0,0,0,-66,0
643,293,0,0,0,0,-66,0
644,293,0,0,0,0,-66,0
645,293,0,0,0,0,-66,0
646,292,1,0,0,0,-66,0
647,291,2,0,0,0,-66,0
648,291,3,0,0,0,-66,0
649,291,3,0,0,0,-66,0
650,290,3,0,0,0,-66,0
651,290,3,0,0,0,-66,0
652,290,3,0,0,0,-66,0
653,290,3,0,0,0,-66,0
654,290,3,0,0,0,-66,0
655,290,3,0,0,0,-66,0
656,288,3,0,0,0,-66,0
657,288,2,0,0,0,-66,0
658,288,2,0,0,0,-66,0
659,287,2,0,0,0,-66,0
660,287,2,0,0,0,-66,0
661,287,2,0,0,0,-66,0
662,286,2,0,0,0,-66,0
663,286,2,0,0,0,-66,0
664,286,3,0,0,0,-66,0
665,285,3,0,0,0,-66,0
666,285,3,0,0,0,-66,0
667,285,3,0,0,0,-66,0
668,285,3,0,0,0,-66,0
669,285,3,0,0,0,-66,0
670,285,3,0,0,0,-66,0
671,285,3,0,0,0,-66,0
672,285,4,0,0,0,-66,0
673,285,4,0,0,0,-66,0
674,285,4,0,0,0,-66,0
675,285,4,0,0,0,-66,0
676,285,4,0,0,0,-66,0
677,285,4,0,0,0,-66,0
678,285,4,0,0,0,-66,0
679,285,4,0,0,0,-66,0
680,285,4,0,0,0,-66,0
681,285,4,0,0,0,-66,0
682,285,4,0,0,0,-66,0
683,285,4,0,0,0,-66,0
684,285,4,0,0,0,-66,0
685,285,4,0,0,0,-66,0
686,285,4,0,0,0,-66,0
687,285,4,0,0,0,-66,0
688,285,4,0,0,0,-66,0
689,285,4,0,0,0,-66,0
690,285,4,0,0,0,-66,0
691,285,4,0,0,0,-66,0
692,285,4,0,0,0,-66,0
693,285,4,0,0,0,-66,0
694,285,4,0,0,0,-66,0
695,285,4,0,0,0,-66,0
696,285,4,0,0,0,-66,0
697,285,4,0,0,0,-66,0
698,285,4,0,0,0,-66,0
699,285,4,0,0,0,-66,0
700,285,4,0,0,0,-66,0
701,285,4,0,0,0,-66,0
702,285,4,0,0,0,-66,0
703,285,4,0,0,0,-66,0
704,285,4,0,0,0,-66,0
705,285,4,0,0,0,-66,0
706,285,4,0,0,0,-66,0
707,285,4,0,0,0,-66,0
708,285,4,0,0,0,-66,0
709,285,4,0,0,0,-66,0
710,285,4,0,0,0,-66,0
711,285,4,0,0,0,-66,0
712,285,4,0,0,0,-66,0
713,285,4,0,0,0,-66,0
714,285,4,0,0,0,-66,0
715,285,4,0,0,0,-66,0
716,285,4,1,0,0,-66,0
717,285,4,1,0,0,-66,0
718,285,4,1,0,0,-66,0
719,285,4,1,0,0,-66,0
720,285,4,1,0,0,-66,0
721,285,4,1,0,0,-66,0
722,285,4,1,0,0,-66,0
723,285,4,1,0,0,-66,0
724,285,4,1,0,0,-66,0
725,285,4,1,0,0,-66,0
726,285,4,1,0,0,-66,0
727,285,4,1,0,0,-66,0
728,285,4,1,0,0,-66,0
729,285,4,1,0,0,-66,0
730,285,4,1,0,0,-66,0
731,285,4,1,0,0,-66,0
732,285,4,1,0,0,-66,0
733,285,4,1,0,0,-66,0
734,285,4,1,0,0,-66,0
735,285,4,1,0,0,-66,0
736,285,4,1,0,0,-66,0
737,285,4,1,0,0,-66,0
738,285,4,1,0,0,-66,0
739,285,4,1,0,0,-66,0
740,285,4,1,0,0,-66,0
741,285,4,1,0,0,-66,0
742,285,4,1,0,0,-66,0
743,285,4,1,0,0,-66,0
744,285,4,1,0,0,-66,0
745,285,4,1,0,0,-66,0
746,285,4,1,0,0,-66,0
747,285,4,1,0,0,-66,0
748,285,4,1,0,0,-66,0
749,285,4,1,0,0,-66,0
750,285,4,1,0,0,-66,0
751,285,4,1,0,0,-66,0
752,285,4,1,0,0,-66,0
753,285,4,1,0,0,-66,0
754,285,4,1,0,0,-66,0
755,285,4,1,0,0,-66,0
756,285,4,1,0,0,-66,0
757,285,4,1,0,0,-66,0
758,285,4,1,0,0,-66,0
759,285,4,1,0,0,-66,0
760,285,4,1,0,0,-66,0
761,285,4,1,0,0,-66,0
762,285,4,1,0,0,-66,0
763,285,4,1,0,0,-66,0
764,285,4,1,0,0,-66,0
765,285,4,1,0,0,-66,0
766,285,4,1,0,0,-66,0
767,285,4,1,0,0,-66,0
768,285,4,1,0,0,-66,0
769,285,4,1,0,0,-66,0
770,285,4,1,0,0,-66,0
771,285,4,1,0,0,-66,0
772,285,4,1,0,0,-66,0
773,285,4,1,0,0,-66,0
774,285,4,1,0,0,-66,0
775,285,4,1,0,0,-66,0
776,285,4,1,0,0,-66,0
777,285,4,1,0,0,-66,0
778,285,4,1,0,0,-66,0
779,285,4,1,0,0,-66,0
780,285,4,1,0,0,-66,0
781,285,4,1,0,0,-66,0
782,285,4,1,0,0,-66,0
783,285,4,1,0,0,-66,0
784,285,4,1,0,0,-66,0
785,285,4,1,0,0,-66,0
786,285,4,1,0,0,-66,0
787,285,4,1,0,0,-66,0
788,285,4,1,0,0,-66,0
789,285,4,1,0,0,-66,0
790,285,4,1,0,0,-66,0
791,285,4,1,0,0,-66,0
792,285,4,1,0,0,-66,0
793,285,4,1,0,0,-66,0
794,285,4,1,0,0,-66,0
795,285,4,1,0,0,-66,0
796,285,4,1,0,0,-66,0
797,285,4,1,0,0,-66,0
798,285,4,1,0,0,-66,0
799,285,4,0,0,0,-66,0
800,285,4,0,0,0,-66,0
801,285,4,0,0,0,-66,0
802,285,4,0,0,0,-66,0
803,285,4,0,0,0,-66,0
804,285,4,0,0,0,-66,0
805,285,4,0,0,0,-66,0
806,285,4,0,0,0,-66,0
807,285,4,0,0,0,-66,0
808,285,4,0,0,0,-66,0
809,285,4,0,0,0,-66,0
810,285,4,0,0,0,-66,0
811,285,4,0,0,0,-66,0
812,285,4,0,0,0,-66,0
813,285,4,0,0,0,-66,0
814,285,4,0,0,0,-66,0
815,285,4,0,0,0,-66,0
816,285,4,0,0,0,-66,0
817,285,4,0,0,0,-66,0
818,285,4,0,0,0,-66,0
819,285,4,0,0,0,-66,0
820,285,4,0,0,0,-66,0
821,285,4,0,0,0,-66,0
822,285,4,0,0,0,-66,0
823,285,4,0,0,0,-66,0
824,285,4,0,0,0,-66,0
825,285,4,0,0,0,-66,0
826,285,4,0,0,0,-66,0
827,285,4,0,0,0,-66,0
828,285,4,0,0,0,-66,0
829,285,4,0,0,0,-66,0
830,285,4,0,0,0,-66,0
831,285,4,0,0,0,-66,0
832,285,4,0,0,0,-66,0
833,285,4,0,0,0,-66,0
834,285,4,0,0,0,-66,0
835,285,4,0,0,0,-66,0
836,285,4,0,0,0,-66,0
837,285,4,0,0,0,-66,0
838,285,4,0,0,0,-66,0
839,285,4,0,0,0,-66,0
840,285,4,0,0,0,-66,0
841,285,4,0,0,0,-66,0
842,285,4,0,0,0,-66,0
843,285,4,0,0,0,-66,0
844,285,4,0,0,0,-66,0
845,285,4,0,0,0,-66,0
846,285,4,0,0,0,-66,0
847,285,4,0,0,0,-66,0
848,285,4,0,0,0,-66,0
849,285,4,0,0,0,-66,0
850,285,4,0,0,0,-66,0
851,285,4,0,0,0,-66,0
852,285,4,0,0,0,-66,0
853,285,4,0,0,0,-66,0
854,285,4,0,0,0,-66,0
855,285,4,0,0,0,-66,0
856,285,4,0,0,0,-66,0
857,285,4,0,0,0,-66,0
858,285,4,0,0,0,-66,0
859,285,4,0,0,0,-66,0
860,285,4,0,0,0,-66,0
861,285,4,0,0,0,-66,0
862,285,4,0,0,0,-66,0
863,285,4,0,0,0,-66,0
864,285,4,0,0,0,-66,0
865,285,4,0,0,0,-66,0
866,285,4,0,0,0,-66,0
867,285,4,0,0,0,-66,0
868,285,4,0,0,0,-66,0
869,285,4,0,0,0,-66,0
870,285,4,0,0,0,-66,0
871,285,4,0,0,0,-66,0
872,285,4,0,0,0,-66,0
873,285,4,0,0,0,-66,0
874,285,4,0,0,0,-66,0
875,285,4,0,0,0,-66,0
876,285,4,0,0,0,-66,0
877,285,4,0,0,0,-66,0
878,285,4,0,0,0,-66,0
879,285,4,0,0,0,-66,0
880,285,4,0,0,0,-66,0
881,285,4,0,0,0,-66,0
882,285,4,0,0,0,-66,0
883,285,4,0,0,0,-66,0
884,285,4,0,0,0,-66,0
885,285,4,0,0,0,-66,0
886,285,4,0,0,0,-66,0
887,285,4,0,0,0,-66,0
888,285,4,0,0,0,-66,0
889,285,4,0,0,0,-66,0
890,285,4,0,0,0,-66,0
891,285,4,0,0,0,-66,0
892,285,4,0,0,0,-66,0
893,285,4,0,0,0,-66,0
894,285,4,0,0,0,-66,0
895,285,4,0,0,0,-66,0
896,285,4,1,0,0,-66,0
897,285,4,1,0,0,-66,0
898,285,4,1,0,0,-66,0
899,285,4,1,0,0,-66,0
900,285,4,1,0,0,-66,0
901,285,4,1,0,0,-66,0
902,285,4,1,0,0,-66,0
903,285,4,1,0,0,-66,0
904,285,4,1,0,0,-66,0
905,285,4,1,0,0,-66,0
906,285,4,1,0,0,-66,0
907,285,4,1,0,0,-66,0
908,285,4,1,0,0,-66,0
909,285,4,1,0,0,-66,0
910,285,4,1,0,0,-66,0
911,285,4,1,0,0,-66,0
912,285,4,1,0,0,-66,0
913,286,4,1,0,0,-66,0
914,286,4,1,0,0,-66,0
915,286,3,1,0,0,-66,0
916,287,2,1,0,0,-66,0
917,287,2,1,0,0,-66,0
918,288,2,1,0,0,-66,0
919,288,2,1,0,0,-66,0
920,288,2,1,0,0,-66,0
921,288,2,1,0,0,-66,0
922,288,2,1,0,0,-66,0
923,288,2,1,0,0,-66,0
924,288,3,1,0,0,-66,0
925,288,4,1,0,0,-66,0
926,288,4,1,0,0,-66,0
927,288,4,1,0,0,-66,0
928,288,4,1,0,0,-66,0
929,288,5,1,0,0,-66,0
930,288,5,1,0,0,-66,0
931,288,5,1,0,0,-66,0
932,288,5,1,0,0,-66,0
933,288,5,1,0,0,-66,0
934,288,5,1,0,0,-66,0
935,288,5,1,0,0,-66,0
936,290,4,1,0,0,-66,0
937,290,4,1,0,0,-66,0
938,292,3,1,0,0,-66,0
939,292,3,1,0,0,-66,0
940,292,3,1,0,0,-66,0
941,292,3,1,0,0,-66,0
942,292,3,1,0,0,-66,0
943,293,4,1,0,0,-66,0
944,293,5,1,0,0,-66,0
945,293,6,1,0,0,-66,0
946,293,6,1,0,0,-66,0
947,294,6,1,0,0,-66,0
948,294,6,1,0,0,-66,0
949,294,6,1,0,0,-66,0
950,295,6,1,0,0,-66,0
951,295,6,1,0,0,-66,0
952,296,6,1,0,0,-66,0
953,297,5,1,0,0,-66,0
954,297,5,1,0,0,-66,0
955,298,5,1,0,0,-66,0
956,298,5,1,0,0,-66,0
957,298,5,1,0,0,-66,0
958,298,5,1,0,0,-66,0
959,298,4,1,0,0,-66,0
960,299,4,1,0,0,-66,0
961,299,5,1,0,0,-66,0
962,299,6,1,0,0,-66,0
963,299,8,1,0,0,-66,0
964,299,8,1,0,0,-66,0
965,300,9,1,0,0,-66,0
966,300,9,1,0,0,-66,0
967,300,9,1,0,0,-66,0
968,300,9,1,0,0,-66,0
969,301,9,1,0,0,-66,0
970,301,9,1,0,0,-66,0
971,301,9,1,0,0,-66,0
972,302,8,1,0,0,-66,0
973,302,8,1,0,0,-66,0
974,303,8,1,0,0,-66,0
975,303,8,1,0,0,-66,0
976,303,8,1,0,0,-66,0
977,303,8,1,0,0,-66,0
978,303,8,1,0,0,-66,0
979,303,8,1,0,0,-66,0
980,303,8,1,0,0,-66,0
981,303,7,1,0,0,-66,0
982,303,7,1,0,0,-66,0
983,303,7,1,0,0,-66,0
984,303,7,1,0,0,-66,0
985,303,7,1,0,0,-66,0
986,303,7,1,0,0,-66,0
987,303,7,1,0,0,-66,0
988,303,7,1,0,0,-66,0
989,303,7,1,0,0,-66,0
990,303,7,1,0,0,-66,0
991,303,7,1,0,0,-66,0
992,303,7,1,0,0,-66,0
993,303,7,1,0,0,-66,0
994,303,7,1,0,0,-66,0
995,303,7,1,0,0,-66,0
996,303,7,1,0,0,-66,0
997,303,7,1,0,0,-66,0
998,303,7,1,0,0,-66,0
999,303,7,1,0,0,-66,0
1000,303,7,1,0,0,-66,0
1001,303,7,1,0,0,-66,0
1002,303,7,1,0,0,-66,0
1003,303,6,1,0,0,-66,0
1004,303,6,1,0,0,-66,0
1005,303,6,1,0,0,-66,0
1006,303,6,1,0,0,-66,0
1007,303,6,1,0,0,-66,0
1008,303,6,1,0,0,-66,0
1009,303,6,1,0,0,-66,0
1010,303,6,1,0,0,-66,0
1011,303,6,1,0,0,-66,0
1012,303,6,1,0,0,-66,0
1013,303,6,1,0,0,-66,0
1014,303,6,1,0,0,-66,0
1015,303,6,1,0,0,-66,0
1016,303,6,1,0,0,-66,0
1017,303,5,1,0,0,-66,0
1018,303,5,1,0,0,-66,0
1019,303,5,1,0,0,-66,0
1020,303,5,1,0,0,-66,0
1021,303,5,1,0,0,-66,0
1022,303,5,1,0,0,-66,0
1023,303,5,1,0,0,-66,0
1024,303,5,1,0,0,-66,0
1025,303,5,1,0,0,-66,0
1026,303,4,1,0,0,-66,0
1027,303,4,1,0,0,-66,0
1028,303,4,1,0,0,-66,0
1029,303,4,1,0,0,-66,0
1030,303,4,1,0,0,-66,0
1031,303,4,1,0,0,-66,0
1032,303,4,1,0,0,-66,0
1033,303,4,1,0,0,-66,0
1034,303,4,1,0,0,-66,0
1035,303,4,1,0,0,-66,0
1036,303,4,1,0,0,-66,0
1037,303,4,1,0,0,-66,0
1038,303,4,1,0,0,-66,0
1039,302,4,1,0,0,-66,0
1040,302,4,1,0,0,-66,0
1041,302,4,1,0,0,-66,0
1042,302,4,1,0,0,-66,0
1043,302,4,1,0,0,-66,0
1044,302,4,1,0,0,-66,0
1045,302,4,1,0,0,-66,0
1046,302,4,1,0,0,-66,0
1047,302,4,1,0,0,-66,0
1048,302,4,1,0,0,-66,0
1049,302,5,1,0,0,-66,0
1050,302,5,1,0,0,-66,0
1051,302,5,1,0,0,-66,0
1052,302,5,1,0,0,-66,0
1053,302,5,1,0,0,-66,0
1054,302,5,1,0,0,-66,0
1055,302,5,1,0,0,-66,0
1056,302,5,1,0,0,-66,0
1057,302,6,1,0,0,-66,0
1058,302,6,1,0,0,-66,0
1059,302,6,1,0,0,-66,0
1060,302,6,1,0,0,-66,0
1061,302,6,1,0,0,-66,0
1062,302,6,1,0,0,-66,0
1063,302,6,1,0,0,-66,0
1064,302,6,1,0,0,-66,0
1065,302,6,1,0,0,-66,0
1066,302,6,1,0,0,-66,0
1067,302,6,1,0,0,-66,0
1068,302,6,1,0,0,-66,0
1069,302,6,1,0,0,-66,0
1070,302,6,1,0,0,-66,0
1071,302,6,1,0,0,-66,0
1072,302,7,1,0,0,-66,0
1073,302,7,1,0,0,-66,0
1074,302,7,1,0,0,-66,0
1075,302,7,1,0,0,-66,0
1076,302,7,1,0,0,-66,0
1077,302,7,1,0,0,-66,0
1078,302,7,1,0,0,-66,0
1079,302,7,1,0,0,-66,0
1080,302,7,1,0,0,-66,0
1081,302,7,1,0,0,-66,0
1082,302,7,1,0,0,-66,0
1083,302,7,1,0,0,-66,0
1084,303,7,1,0,0,-66,0
1085,303,7,1,0,0,-66,0
1086,303,6,1,0,0,-66,0
1087,303,6,1,0,0,-66,0
1088,303,6,1,0,0,-66,0
1089,303,6,1,0,0,-66,0
1090,303,6,1,0,0,-66,0
1091,303,6,1,0,0,-66,0
1092,303,6,1,0,0,-66,0
1093,303,6,1,0,0,-66,0
1094,303,6,1,0,0,-66,0
1095,304,6,1,0,0,-66,0
1096,304,6,1,0,0,-66,0
1097,304,6,1,0,0,-66,0
1098,304,6,1,0,0,-66,0
1099,304,6,1,0,0,-66,0
1100,304,6,1,0,0,-66,0
1101,304,6,1,0,0,-66,0
1102,304,6,1,0,0,-66,0
1103,304,6,1,0,0,-66,0
1104,304,6,1,0,0,-66,0
1105,304,6,1,0,0,-66,0
1106,304,6,1,0,0,-66,0
1107,304,6,1,0,0,-66,0
1108,304,6,1,0,0,-66,0
1109,304,6,1,0,0,-66,0
1110,304,6,1,0,0,-66,0
1111,304,6,1,0,0,-66,0
1112,304,6,1,0,0,-66,0
1113,304,6,1,0,0,-66,0
1114,304,6,1,0,0,-66,0
1115,304,6,1,0,0,-66,0
1116,304,6,1,0,0,-66,0
1117,303,6,1,0,0,-66,0
1118,303,6,1,0,0,-66,0
1119,303,6,1,0,0,-66,0
1120,303,6,1,0,0,-66,0
1121,303,6,1,0,0,-66,0
1122,303,6,1,0,0,-66,0
1123,303,6,1,0,0,-66,0
1124,303,6,1,0,0,-66,0
1125,303,6,1,0,0,-66,0
1126,303,6,1,0,0,-66,0
1127,303,6,1,0,0,-66,0
1128,303,6,1,0,0,-66,0
1129,303,6,1,0,0,-66,0
1130,303,6,1,0,0,-66,0
1131,303,6,1,0,0,-66,0
1132,303,6,1,0,0,-66,0
1133,303,6,1,0,0,-66,0
1134,303,6,1,0,0,-66,0
1135,303,6,1,0,0,-66,0
1136,303,6,1,0,0,-66,0
1137,303,6,1,0,0,-66,0
1138,303,6,1,0,0,-66,0
1139,303,6,1,0,0,-66,0
1140,303,6,1,0,0,-66,0
1141,303,6,1,0,0,-66,0
1142,303,6,1,0,0,-66,0
1143,303,6,1,0,0,-66,0
1144,303,6,1,0,0,-66,0
1145,303,6,1,0,0,-66,0
1146,303,6,1,0,0,-66,0
1147,303,6,1,0,0,-66,0
1148,303,6,1,0,0,-66,0
1149,303,6,1,0,0,-66,0
1150,303,6,1,0,0,-66,0
1151,303,6,1,0,0,-66,0
1152,303,6,1,0,0,-66,0
1153,303,6,1,0,0,-66,0
1154,303,6,1,0,0,-66,0
1155,303,6,1,0,0,-66,0
1156,303,6,1,0,0,-66,0
1157,303,6,1,0,0,-66,0
1158,303,6,1,0,0,-66,0
1159,303,6,1,0,0,-66,0
1160,303,6,1,0,0,-66,0
1161,303,6,1,0,0,-66,0
1162,303,6,1,0,0,-66,0
1163,303,6,1,0,0,-66,0
1164,303,6,1,0,0,-66,0
1165,303,6,1,0,0,-66,0
1166,303,6,1,0,0,-66,0
1167,303,6,1,0,0,-66,0
1168,303,6,1,0,0,-66,0
1169,303,6,1,0,0,-66,0
1170,303,6,1,0,0,-66,0
1171,303,6,1,0,0,-66,0
1172,303,6,1,0,0,-66,0
1173,303,6,1,0,0,-66,0
1174,303,6,1,0,0,-66,0
1175,303,6,1,0,0,-66,0
1176,303,6,1,0,0,-66,0
1177,303,6,1,0,0,-66,0
1178,303,6,1,0,0,-66,0
1179,303,6,1,0,0,-66,0
1180,303,6,1,0,0,-66,0
1181,303,6,1,0,0,-66,0
1182,303,6,1,0,0,-66,0
1183,303,6,1,0,0,-66,0
1184,303,6,1,0,0,-66,0
1185,303,6,1,0,0,-66,0
1186,303,6,1,0,0,-66,0
1187,303,6,1,0,0,-66,0
1188,303,6,1,0,0,-66,0
1189,303,6,1,0,0,-66,0
1190,303,6,1,0,0,-66,0
1191,303,6,1,0,0,-66,0
1192,303,6,1,0,0,-66,0
1193,303,6,1,0,0,-66,0
1194,303,6,1,0,0,-66,0
1195,303,6,1,0,0,-66,0
1196,303,6,1,0,0,-66,0
1197,303,6,1,0,0,-66,0
1198,303,6,1,0,0,-66,0
1199,303,6,1,0,0,-66,0
1200,303,6,1,0,0,-66,0
1201,303,6,1,0,0,-66,0
1202,303,6,1,0,0,-66,0
1203,303,6,1,0,0,-66,0
1204,303,6,1,0,0,-66,0
1205,303,6,1,0,0,-66,0
1206,303,6,1,0,0,-66,0
1207,303,6,1,0,0,-66,0
1208,303,6,1,0,0,-66,0
1209,303,6,1,0,0,-66,0
1210,303,6,1,0,0,-66,0
1211,303,6,1,0,0,-66,0
1212,303,6,1,0,0,-66,0
1213,303,6,1,0,0,-66,0
1214,303,6,1,0,0,-66,0
1215,303,6,1,0,0,-66,0
1216,303,6,1,0,0,-66,0
1217,303,6,1,0,0,-66,0
1218,303,6,1,0,0,-66,0
1219,303,6,1,0,0,-66,0
1220,303,6,1,0,0,-66,0
1221,303,6,1,0,0,-66,0
1222,303,6,1,0,0,-66,0
1223,303,6,1,0,0,-66,0
1224,303,6,1,0,0,-66,0
1225,303,6,1,0,0,-66,0
1226,303,6,1,0,0,-66,0
1227,303,6,1,0,0,-66,0
1228,303,6,1,0,0,-66,0
1229,303,6,1,0,0,-66,0
1230,303,6,1,0,0,-66,0
1231,303,6,1,0,0,-66,0
1232,303,6,1,0,0,-66,0
1233,303,6,1,0,0,-66,0
1234,303,6,1,0,0,-66,0
1235,303,6,1,0,0,-66,0
1236,303,6,1,0,0,-66,0
1237,303,6,1,0,0,-66,0
1238,303,6,1,0,0,-66,0
1239,303,6,1,0,0,-66,0
1240,303,6,1,0,0,-66,0
1241,303,6,1,0,0,-66,0
1242,303,6,1,0,0,-66,0
1243,303,6,1,0,0,-66,0
1244,303,6,1,0,0,-66,0
1245,303,6,1,0,0,-66,0
1246,303,6,1,0,0,-66,0
1247,303,6,1,0,0,-66,0
1248,303,6,1,0,0,-66,0
1249,303,6,1,0,0,-66,0
1250,303,6,1,0,0,-66,0
1251,303,6,1,0,0,-66,0
1252,303,6,1,0,0,-66,0
1253,303,6,1,0,0,-66,0
1254,303,6,1,0,0,-66,0
1255,303,6,1,0,0,-66,0
1256,303,6,1,0,0,-66,0
1257,303,6,1,0,0,-66,0
1258,303,6,1,0,0,-66,0
1259,303,6,1,0,0,-66,0
1260,303,6,1,0,0,-66,0
1261,303,6,1,0,0,-66,0
1262,303,6,1,0,0,-66,0
1263,303,6,1,0,0,-66,0
1264,303,6,1,0,0,-66,0
1265,303,6,1,0,0,-66,0
1266,303,6,1,0,0,-66,0
1267,303,6,1,0,0,-66,0
1268,303,6,1,0,0,-66,0
1269,303,6,1,0,0,-66,0
1270,303,6,1,0,0,-66,0
1271,303,6,1,0,0,-66,0
1272,303,6,1,0,0,-66,0
1273,303,6,1,0,0,-66,0
1274,303,6,1,0,0,-66,0
1275,303,6,1,0,0,-66,0
1276,303,6,1,0,0,-66,0
1277,303,6,1,0,0,-66,0
1278,303,6,1,0,0,-66,0
1279,303,6,1,0,0,-66,0
1280,303,6,1,0,0,-66,0
1281,303,6,1,0,0,-66,0
1282,303,6,1,0,0,-66,0
1283,303,6,1,0,0,-66,0
1284,303,6,1,0,0,-66,0
1285,303,6,1,0,0,-66,0
1286,303,6,1,0,0,-66,0
1287,303,6,1,0,0,-66,0
1288,303,6,1,0,0,-66,0
1289,303,6,1,0,0,-66,0
1290,303,6,1,0,0,-66,0
1291,303,6,1,0,0,-66,0
1292,303,6,1,0,0,-66,0
1293,303,6,1,0,0,-66,0
1294,303,6,1,0,0,-66,0
1295,303,6,1,0,0,-66,0
1296,303,6,1,0,0,-66,0
1297,303,6,1,0,0,-66,0
1298,303,6,1,0,0,-66,0
1299,303,6,1,0,0,-66,0
1300,303,6,1,0,0,-66,0
1301,303,6,1,0,0,-66,0
1302,303,6,1,0,0,-66,0
1303,303,6,1,0,0,-66,0
1304,303,6,1,0,0,-66,0
1305,303,6,1,0,0,-66,0
1306,303,6,1,0,0,-66,0
1307,303,6,1,0,0,-66,0
1308,303,6,1,0,0,-66,0
1309,303,6,1,0,0,-66,0
1310,303,6,1,0,0,-66,0
1311,303,6,1,0,0,-66,0
1312,303,6,1,0,0,-66,0
1313,303,6,1,0,0,-66,0
1314,303,6,1,0,0,-66,0
1315,303,6,1,0,0,-66,0
1316,303,6,1,0,0,-66,0
1317,303,6,1,0,0,-66,0
1318,303,6,1,0,0,-66,0
1319,303,6,1,0,0,-66,0
1320,303,6,1,0,0,-66,0
1321,303,6,1,0,0,-66,0
1322,303,6,1,0,0,-66,0
1323,303,6,1,0,0,-66,0
1324,303,6,1,0,0,-66,0
1325,303,6,1,0,0,-66,0
1326,303,6,1,0,0,-66,0
1327,303,6,1,0,0,-66,0
1328,303,6,1,0,0,-66,0
1329,303,6,1,0,0,-66,0
1330,303,6,1,0,0,-66,0
1331,303,6,1,0,0,-66,0
1332,303,6,1,0,0,-66,0
1333,303,6,1,0,0,-66,0
1334,303,6,1,0,0,-66,0
1335,303,6,1,0,0,-66,0
1336,303,6,1,0,0,-66,0
1337,303,6,1,0,0,-66,0
1338,303,6,1,0,0,-66,0
1339,303,6,1,0,0,-66,0
1340,303,6,1,0,0,-66,0
1341,303,6,1,0,0,-66,0
1342,303,6,1,0,0,-66,0
1343,303,6,1,0,0,-66,0
1344,303,6,1,0,0,-66,0
1345,303,6,1,0,0,-66,0
1346,303,6,1,0,0,-66,0
1347,303,6,1,0,0,-66,0
1348,303,6,1,0,0,-66,0
1349,303,6,1,0,0,-66,0
1350,303,6,1,0,0,-66,0
1351,303,6,1,0,0,-66,0
1352,303,6,1,0,0,-66,0
1353,303,6,1,0,0,-66,0
1354,303,6,1,0,0,-66,0
1355,303,6,1,0,0,-66,0
1356,303,6,1,0,0,-66,0
1357,303,6,1,0,0,-66,0
1358,303,6,1,0,0,-66,0
1359,303,6,1,0,0,-66,0
1360,303,6,1,0,0,-66,0
1361,303,6,1,0,0,-66,0
1362,303,6,1,0,0,-66,0
1363,303,6,1,0,0,-66,0
1364,303,6,1,0,0,-66,0
1365,303,6,1,0,0,-66,0
1366,303,6,1,0,0,-66,0
1367,303,6,1,0,0,-66,0
1368,303,6,1,0,0,-66,0
1369,303,6,1,0,0,-66,0
1370,303,6,1,0,0,-66,0
1371,303,6,1,0,0,-66,0
1372,303,6,1,0,0,-66,0
1373,303,6,1,0,0,-66,0
1374,303,6,1,0,0,-66,0
1375,303,6,1,0,0,-66,0
1376,303,6,1,0,0,-66,0
1377,303,6,1,0,0,-66,0
1378,303,6,1,0,0,-66,0
1379,303,6,1,0,0,-66,0
1380,303,6,1,0,0,-66,0
1381,303,6,1,0,0,-66,0
1382,303,6,1,0,0,-66,0
1383,303,6,1,0,0,-66,0
1384,303,6,1,0,0,-66,0
1385,303,6,1,0,0,-66,0
1386,303,6,1,0,0,-66,0
1387,303,6,1,0,0,-66,0
1388,303,6,1,0,0,-66,0
1389,303,6,1,0,0,-66,0
1390,303,6,1,0,0,-66,0
1391,303,6,1,0,0,-66,0
1392,303,6,1,0,0,-66,0
1393,303,6,1,0,0,-66,0
1394,303,6,1,0,0,-66,0
1395,303,6,1,0,0,-66,0
1396,303,6,1,0,0,-66,0
1397,303,6,1,0,0,-66,0
1398,303,6,1,0,0,-66,0
1399,303,6,1,0,0,-66,0
1400,303,6,1,0,0,-66,0
1401,303,6,1,0,0,-66,0
1402,303,6,1,0,0,-66,0
1403,303,6,1,0,0,-66,0
1404,303,6,1,0,0,-66,0
1405,303,6,1,0,0,-66,0
1406,303,6,1,0,0,-66,0
1407,303,6,1,0,0,-66,0
1408,303,6,1,0,0,-66,0
1409,303,6,1,0,0,-66,0
1410,303,6,1,0,0,-66,0
1411,303,6,1,0,0,-66,0
1412,303,6,1,0,0,-66,0
1413,303,6,1,0,0,-66,0
1414,303,6,1,0,0,-66,0
1415,303,6,1,0,0,-66,0
1416,303,6,1,0,0,-66,0
1417,303,6,1,0,0,-66,0
1418,303,6,1,0,0,-66,0
1419,303,6,1,0,0,-66,0
1420,303,6,1,0,0,-66,0
1421,303,6,1,0,0,-66,0
1422,303,6,1,0,0,-66,0
1423,303,6,1,0,0,-66,0
1424,303,6,1,0,0,-66,0
1425,303,6,1,0,0,-66,0
1426,303,6,1,0,0,-66,0
1427,303,6,1,0,0,-66,0
1428,303,6,1,0,0,-66,0
1429,303,6,1,0,0,-66,0
1430,303,6,1,0,0,-66,0
1431,303,6,1,0,0,-66,0
1432,303,6,1,0,0,-66,0
1433,303,6,1,0,0,-66,0
1434,303,6,1,0,0,-66,0
1435,303,6,1,0,0,-66,0
1436,303,6,1,0,0,-66,0
1437,303,6,1,0,0,-66,0
1438,303,6,1,0,0,-66,0
1439,303,6,1,0,0,-66,0
1440,303,6,1,0,0,-66,0
1441,303,6,1,0,0,-66,0
1442,303,6,1,0,0,-66,0
1443,303,6,1,0,0,-66,0
1444,303,6,1,0,0,-66,0
1445,303,6,1,0,0,-66,0
1446,303,6,1,0,0,-66,0
1447,303,6,1,0,0,-66,0
1448,303,6,1,0,0,-66,0
1449,303,6,1,0,0,-66,0
1450,303,6,1,0,0,-66,0
1451,303,6,1,0,0,-66,0
1452,303,6,1,0,0,-66,0
1453,303,6,1,0,0,-66,0
1454,303,6,1,0,0,-66,0
1455,303,6,1,0,0,-66,0
1456,303,6,1,0,0,-66,0
1457,303,6,1,0,0,-66,0
1458,303,6,1,0,0,-66,0
1459,303,6,1,0,0,-66,0
1460,303,6,1,0,0,-66,0
1461,303,6,1,0,0,-66,0
1462,303,6,1,0,0,-66,0
1463,303,6,1,0,0,-66,0
1464,303,6,1,0,0,-66,0
1465,303,6,1,0,0,-66,0
1466,303,6,1,0,0,-66,0
1467,303,6,1,0,0,-66,0
1468,303,6,1,0,0,-66,0
1469,303,6,1,0,0,-66,0
1470,303,6,1,0,0,-66,0
1471,303,6,1,0,0,-66,0
1472,303,6,1,0,0,-66,0
1473,303,6,1,0,0,-66,0
1474,303,6,1,0,0,-66,0
1475,303,6,1,0,0,-66,0
1476,303,6,1,0,0,-66,0
1477,303,6,1,0,0,-66,0
1478,303,6,1,0,0,-66,0
1479,303,6,1,0,0,-66,0
1480,303,6,1,0,0,-66,0
1481,303,6,1,0,0,-66,0
1482,303,6,1,0,0,-66,0
1483,303,6,1,0,0,-66,0
1484,303,6,1,0,0,-66,0
1485,303,6,1,0,0,-66,0
1486,303,6,1,0,0,-66,0
1487,303,6,1,0,0,-66,0
1488,303,6,1,0,0,-66,0
1489,303,6,1,0,0,-66,0
1490,303,6,1,0,0,-66,0
1491,303,6,1,0,0,-66,0
1492,303,6,1,0,0,-66,0
1493,303,6,1,0,0,-66,0
1494,303,6,1,0,0,-66,0
1495,303,6,1,0,0,-66,0
1496,303,6,1,0,0,-66,0
1497,303,6,1,0,0,-66,0
1498,303,6,1,0,0,-66,0
1499,303,6,1,0,0,-66,0
1500,303,6,1,0,0,-66,0
1501,303,6,1,0,0,-66,0
1502,303,6,1,0,0,-66,0
1503,303,6,1,0,0,-66,0
1504,303,6,1,0,0,-66,0
1505,303,6,1,0,0,-66,0
1506,303,6,1,0,0,-66,0
1507,303,6,1,0,0,-66,0
1508,303,6,1,0,0,-66,0
1509,303,6,1,0,0,-66,0
1510,303,6,1,0,0,-66,0
1511,303,6,1,0,0,-66,0
1512,303,6,1,0,0,-66,0
1513,303,6,1,0,0,-66,0
1514,303,6,1,0,0,-66,0
1515,303,6,1,0,0,-66,0
1516,303,6,1,0,0,-66,0
1517,303,6,1,0,0,-66,0
1518,303,6,1,0,0,-66,0
1519,303,6,1,0,0,-66,0
1520,303,6,1,0,0,-66,0
1521,303,6,1,0,0,-66,0
1522,303,6,1,0,0,-66,0
1523,303,6,1,0,0,-66,0
1524,303,6,1,0,0,-66,0
1525,303,6,1,0,0,-66,0
1526,303,6,1,0,0,-66,0
1527,303,6,1,0,0,-66,0
1528,303,6,1,0,0,-66,0
1529,303,6,1,0,0,-66,0
1530,303,6,1,0,0,-66,0
1531,303,6,1,0,0,-66,0
1532,303,6,1,0,0,-66,0
1533,303,6,1,0,0,-66,0
1534,303,6,1,0,0,-66,0
1535,303,6,1,0,0,-66,0
1536,303,6,1,0,0,-66,0
1537,303,6,1,0,0,-66,0
1538,303,6,1,0,0,-66,0
1539,303,6,1,0,0,-66,0
1540,303,6,1,0,0,-66,0
1541,303,6,1,0,0,-66,0
1542,303,6,1,0,0,-66,0
1543,303,6,1,0,0,-66,0
1544,303,6,1,0,0,-66,0
1545,303,6,1,0,0,-66,0
1546,303,6,1,0,0,-66,0
1547,303,6,1,0,0,-66,0
1548,303,6,1,0,0,-66,0
1549,303,6,1,0,0,-66,0
1550,303,6,1,0,0,-66,0
1551,303,6,1,0,0,-66,0
1552,303,6,1,0,0,-66,0
1553,303,6,1,0,0,-66,0
1554,303,6,1,0,0,-66,0
1555,303,6,1,0,0,-66,0
1556,303,6,1,0,0,-66,0
1557,303,6,1,0,0,-66,0
1558,303,6,1,0,0,-66,0
1559,303,6,1,0,0,-66,0
1560,303,6,1,0,0,-66,0
1561,303,6,1,0,0,-66,0
1562,303,6,1,0,0,-66,0
1563,303,6,1,0,0,-66,0
1564,303,6,1,0,0,-66,0
1565,303,6,1,0,0,-66,0
1566,303,6,1,0,0,-66,0
1567,303,6,1,0,0,-66,0
1568,303,6,1,0,0,-66,0
1569,303,6,1,0,0,-66,0
1570,303,6,1,0,0,-66,0
1571,303,6,1,0,0,-66,0
1572,303,6,1,0,0,-66,0
1573,303,6,1,0,0,-66,0
1574,303,6,1,0,0,-66,0
1575,303,6,1,0,0,-66,0
1576,303,6,1,0,0,-66,0
1577,303,6,1,0,0,-66,0
1578,303,6,1,0,0,-66,0
1579,303,6,1,0,0,-66,0
1580,303,6,1,0,0,-66,0
1581,303,6,1,0,0,-66,0
1582,303,6,1,0,0,-66,0
1583,303,6,1,0,0,-66,0
1584,303,6,1,0,0,-66,0
1585,303,6,1,0,0,-66,0
1586,303,6,1,0,0,-66,0
1587,303,6,1,0,0,-66,0
1588,303,6,1,0,0,-66,0
1589,303,6,1,0,0,-66,0
1590,303,6,1,0,0,-66,0
1591,303,6,1,0,0,-66,0
1592,303,6,1,0,0,-66,0
1593,303,6,1,0,0,-66,0
1594,303,6,1,0,0,-66,0
1595,303,6,1,0,0,-66,0
1596,303,6,1,0,0,-66,0
1597,303,6,1,0,0,-66,0
1598,303,6,1,0,0,-66,0
1599,303,6,1,0,0,-66,0
1600,303,6,1,0,0,-66,0
1601,303,6,1,0,0,-66,0
1602,303,6,1,0,0,-66,0
1603,303,6,1,0,0,-66,0
1604,303,6,1,0,0,-66,0
1605,303,6,1,0,0,-66,0
1606,303,6,1,0,0,-66,0
1607,303,6,1,0,0,-66,0
1608,303,6,1,0,0,-66,0
1609,303,6,1,0,0,-66,0
1610,303,6,1,0,0,-66,0
1611,303,6,1,0,0,-66,0
1612,303,6,1,0,0,-66,0
1613,303,6,1,0,0,-66,0
1614,303,6,1,0,0,-66,0
1615,303,6,1,0,0,-66,0
1616,303,6,1,0,0,-66,0
1617,303,6,1,0,0,-66,0
1618,303,6,1,0,0,-66,0
1619,303,6,1,0,0,-66,0
1620,303,6,1,0,0,-66,0
1621,303,6,1,0,0,-66,0
1622,303,6,1,0,0,-66,0
1623,303,6,1,0,0,-66,0
1624,303,6,1,0,0,-66,0
1625,303,6,1,0,0,-66,0
1626,303,6,1,0,0,-66,0
1627,303,6,1,0,0,-66,0
1628,303,6,1,0,0,-66,0
1629,303,6,1,0,0,-66,0
1630,303,6,1,0,0,-66,0
1631,303,6,1,0,0,-66,0
1632,303,6,1,0,0,-66,0
1633,303,6,1,0,0,-66,0
1634,303,6,1,0,0,-66,0
1635,303,6,1,0,0,-66,0
1636,303,6,1,0,0,-66,0
1637,303,6,1,0,0,-66,0
1638,303,6,1,0,0,-66,0
1639,303,6,1,0,0,-66,0
1640,303,6,1,0,0,-66,0
1641,303,6,1,0,0,-66,0
1642,303,6,1,0,0,-66,0
1643,303,6,1,0,0,-66,0
1644,303,6,1,0,0,-66,0
1645,303,6,1,0,0,-66,0
1646,303,6,1,0,0,-66,0
1647,303,6,1,0,0,-66,0
1648,303,6,1,0,0,-66,0
1649,303,6,1,0,0,-66,0
1650,303,6,1,0,0,-66,0
1651,303,6,1,0,0,-66,0
1652,303,6,1,0,0,-66,0
1653,303,6,1,0,0,-66,0
1654,303,6,1,0,0,-66,0
1655,303,6,1,0,0,-66,0
1656,303,6,1,0,0,-66,0
1657,303,6,1,0,0,-66,0
1658,303,6,1,0,0,-66,0
1659,303,6,1,0,0,-66,0
1660,303,6,1,0,0,-66,0
1661,303,6,1,0,0,-66,0
1662,303,6,1,0,0,-66,0
1663,303,6,1,0,0,-66,0
1664,303,6,1,0,0,-66,0
1665,303,6,1,0,0,-66,0
1666,303,6,1,0,0,-66,0
1667,303,6,1,0,0,-66,0
1668,303,6,1,0,0,-66,0
1669,303,6,1,0,0,-66,0
1670,303,6,1,0,0,-66,0
1671,303,6,1,0,0,-66,0
1672,303,6,1,0,0,-66,0
1673,303,6,1,0,0,-66,0
1674,303,6,1,0,0,-66,0
1675,303,6,1,0,0,-66,0
1676,303,6,1,0,0,-66,0
1677,303,6,1,0,0,-66,0
1678,303,6,1,0,0,-66,0
1679,303,6,1,0,0,-66,0
1680,303,6,1,0,0,-66,0
1681,303,6,1,0,0,-66,0
1682,303,6,1,0,0,-66,0
1683,303,6,1,0,0,-66,0
1684,303,6,1,0,0,-66,0
1685,303,6,1,0,0,-66,0
1686,303,6,1,0,0,-66,0
1687,303,6,1,0,0,-66,0
1688,303,6,1,0,0,-66,0
1689,303,6,1,0,0,-66,0
1690,303,6,1,0,0,-66,0
1691,303,6,1,0,0,-66,0
1692,303,6,1,0,0,-66,0
1693,303,6,1,0,0,-66,0
1694,303,6,1,0,0,-66,0
1695,303,6,1,0,0,-66,0
1696,303,6,1,0,0,-66,0
1697,303,6,1,0,0,-66,0
1698,303,6,1,0,0,-66,0
1699,303,6,1,0,0,-66,0
1700,303,6,1,0,0,-66,0
1701,303,6,1,0,0,-66,0
1702,303,6,1,0,0,-66,0
1703,303,6,1,0,0,-66,0
1704,303,6,1,0,0,-66,0
1705,303,6,1,0,0,-66,0
1706,303,6,1,0,0,-66,0
1707,303,6,1,0,0,-66,0
1708,303,6,1,0,0,-66,0
