t,x,y,fh,fv,r,s,frame:
0,476,-19,1,0,0,-63,0
1,476,-19,1,0,0,-63,0
2,476,-19,1,0,0,-63,0
3,476,-19,1,0,0,-63,0
4,476,-19,1,0,0,-63,0
5,476,-19,1,0,0,-63,0
6,476,-19,1,0,0,-63,0
7,476,-19,1,0,0,-63,0
8,476,-19,1,0,0,-63,0
9,476,-19,1,0,0,-63,0
10,476,-19,1,0,0,-63,0
11,476,-19,1,0,0,-63,0
12,476,-19,1,0,0,-63,0
13,476,-19,1,0,0,-63,0
14,476,-19,1,0,0,-63,0
15,476,-19,1,0,0,-63,0
16,476,-19,1,0,0,-63,0
17,476,-19,1,0,0,-63,0
18,476,-19,1,0,0,-63,0
19,476,-19,1,0,0,-63,0
20,476,-19,1,0,0,-63,0
21,476,-19,1,0,0,-63,0
22,476,-19,1,0,0,-63,0
23,476,-19,1,0,0,-63,0
24,476,-19,1,0,0,-63,0
25,476,-19,1,0,0,-63,0
26,476,-19,1,0,0,-63,0
27,476,-19,1,0,0,-63,0
28,476,-19,1,0,0,-63,0
29,476,-19,1,0,0,-63,0
30,476,-19,1,0,0,-63,0
31,476,-19,1,0,0,-63,0
32,476,-19,1,0,0,-63,0
33,476,-19,1,0,0,-63,0
34,476,-19,1,0,0,-63,0
35,476,-19,1,0,0,-63,0
36,476,-19,1,0,0,-63,0
37,476,-19,1,0,0,-63,0
38,476,-19,1,0,0,-63,0
39,476,-19,1,0,0,-63,0
40,476,-19,1,0,0,-63,0
41,476,-19,1,0,0,-63,0
42,476,-19,1,0,0,-63,0
43,476,-19,1,0,0,-63,0
44,476,-19,1,0,0,-63,0
45,476,-19,1,0,0,-63,0
46,476,-19,1,0,0,-63,0
47,476,-19,1,0,0,-63,0
48,476,-19,1,0,0,-63,0
49,476,-19,1,0,0,-63,0
50,476,-19,1,0,0,-63,0
51,476,-19,1,0,0,-63,0
52,476,-19,1,0,0,-63,0
53,476,-19,1,0,0,-63,0
54,476,-19,1,0,0,-63,0
55,476,-19,1,0,0,-63,0
56,476,-19,1,0,0,-63,0
57,476,-19,1,0,0,-63,0
58,476,-19,1,0,0,-63,0
59,476,-19,1,0,0,-63,0
60,476,-19,1,0,0,-63,0
61,476,-19,1,0,0,-63,0
62,476,-19,1,0,0,-63,0
63,476,-19,1,0,0,-63,0
64,476,-19,1,0,0,-63,0
65,476,-19,1,0,0,-63,0
66,476,-19,1,0,0,-63,0
67,476,-19,1,0,0,-63,0
68,476,-19,1,0,0,-63,0
69,476,-19,1,0,0,-63,0
70,476,-19,1,0,0,-63,0
71,476,-19,1,0,0,-63,0
72,476,-19,1,0,0,-63,0
73,476,-19,1,0,0,-63,0
74,476,-19,1,0,0,-63,0
75,476,-19,1,0,0,-63,0
76,476,-19,1,0,0,-63,0
77,476,-19,1,0,0,-63,0
78,476,-19,1,0,0,-63,0
79,476,-19,1,0,0,-63,0
80,476,-19,1,0,0,-63,0
81,476,-19,1,0,0,-63,0
82,476,-19,1,0,0,-63,0
83,476,-19,1,0,0,-63,0
84,476,-19,1,0,0,-63,0
85,476,-19,1,0,0,-63,0
86,476,-19,1,0,0,-63,0
87,476,-19,1,0,0,-63,0
88,476,-19,1,0,0,-63,0
89,476,-19,1,0,0,-63,0
90,476,-19,1,0,0,-63,0
91,476,-19,1,0,0,-63,0
92,476,-19,1,0,0,-63,0
93,476,-19,1,0,0,-63,0
94,476,-19,1,0,0,-63,0
95,476,-19,1,0,0,-63,0
96,476,-19,1,0,0,-63,0
97,476,-19,1,0,0,-63,0
98,476,-19,1,0,0,-63,0
99,476,-19,1,0,0,-63,0
100,476,-19,1,0,0,-63,0
101,476,-19,1,0,0,-63,0
102,476,-19,1,0,0,-63,0
103,476,-19,1,0,0,-63,0
104,476,-19,1,0,0,-63,0
105,476,-19,1,0,0,-63,0
106,476,-19,1,0,0,-63,0
107,476,-19,1,0,0,-63,0
108,476,-19,1,0,0,-63,0
109,476,-19,1,0,0,-63,0
110,476,-19,1,0,0,-63,0
111,476,-19,1,0,0,-63,0
112,476,-19,1,0,0,-63,0
113,476,-19,1,0,0,-63,0
114,476,-19,1,0,0,-63,0
115,476,-19,1,0,0,-63,0
116,476,-19,1,0,0,-63,0
117,476,-19,1,0,0,-63,0
118,476,-19,1,0,0,-63,0
119,476,-19,1,0,0,-63,0
120,476,-19,1,0,0,-63,0
121,476,-19,1,0,0,-63,0
122,476,-19,1,0,0,-63,0
123,476,-19,1,0,0,-63,0
124,476,-19,1,0,0,-63,0
125,476,-19,1,0,0,-63,0
126,476,-19,1,0,0,-63,0
127,476,-19,1,0,0,-63,0
128,476,-19,1,0,0,-63,0
129,476,-19,1,0,0,-63,0
130,476,-19,1,0,0,-63,0
131,476,-19,1,0,0,-63,0
132,476,-19,1,0,0,-63,0
133,476,-19,1,0,0,-63,0
134,476,-19,1,0,0,-63,0
135,476,-19,1,0,0,-63,0
136,476,-19,1,0,0,-63,0
137,476,-19,1,0,0,-63,0
138,476,-19,1,0,0,-63,0
139,476,-19,1,0,0,-63,0
140,476,-19,1,0,0,-63,0
141,476,-19,1,0,0,-63,0
142,476,-19,1,0,0,-63,0
143,476,-19,1,0,0,-63,0
144,476,-19,1,0,0,-63,0
145,476,-19,1,0,0,-63,0
146,476,-19,1,0,0,-63,0
147,476,-19,1,0,0,-63,0
148,476,-19,1,0,0,-63,0
149,476,-19,1,0,0,-63,0
150,476,-19,1,0,0,-63,0
151,476,-19,1,0,0,-63,0
152,476,-19,1,0,0,-63,0
153,476,-19,1,0,0,-63,0
154,476,-19,1,0,0,-63,0
155,476,-19,1,0,0,-63,0
156,476,-19,1,0,0,-63,0
157,476,-19,1,0,0,-63,0
158,476,-19,1,0,0,-63,0
159,476,-19,1,0,0,-63,0
160,476,-19,1,0,0,-63,0
161,476,-19,1,0,0,-63,0
162,476,-19,1,0,0,-63,0
163,476,-19,1,0,0,-63,0
164,476,-19,1,0,0,-63,0
165,476,-19,1,0,0,-63,0
166,476,-19,1,0,0,-63,0
167,476,-19,1,0,0,-63,0
168,476,-19,1,0,0,-63,0
169,476,-19,1,0,0,-63,0
170,476,-19,1,0,0,-63,0
171,476,-19,1,0,0,-63,0
172,476,-19,1,0,0,-63,0
173,476,-19,1,0,0,-63,0
174,476,-19,1,0,0,-63,0
175,476,-19,1,0,0,-63,0
176,476,-19,1,0,0,-63,0
177,476,-19,1,0,0,-63,0
178,476,-19,1,0,0,-63,0
179,476,-19,1,0,0,-63,0
180,476,-19,1,0,0,-63,0
181,476,-19,1,0,0,-63,0
182,476,-19,1,0,0,-63,0
183,476,-19,1,0,0,-63,0
184,476,-19,1,0,0,-63,0
185,476,-19,1,0,0,-63,0
186,476,-19,1,0,0,-63,0
187,476,-19,1,0,0,-63,0
188,476,-19,1,0,0,-63,0
189,476,-19,1,0,0,-63,0
190,476,-19,1,0,0,-63,0
191,476,-19,1,0,0,-63,0
192,476,-19,1,0,0,-63,0
193,476,-19,1,0,0,-63,0
194,476,-19,1,0,0,-63,0
195,476,-19,1,0,0,-63,0
196,476,-19,1,0,0,-63,0
197,476,-19,1,0,0,-63,0
198,476,-19,1,0,0,-63,0
199,476,-19,1,0,0,-63,0
200,476,-19,1,0,0,-63,0
201,476,-19,1,0,0,-63,0
202,476,-19,1,0,0,-63,0
203,476,-19,1,0,0,-63,0
204,476,-19,1,0,0,-63,0
205,476,-19,1,0,0,-63,0
206,476,-19,1,0,0,-63,0
207,476,-19,1,0,0,-63,0
208,476,-19,1,0,0,-63,0
209,476,-19,1,0,0,-63,0
210,476,-19,1,0,0,-63,0
211,476,-19,1,0,0,-63,0
212,476,-19,1,0,0,-63,0
213,476,-19,1,0,0,-63,0
214,476,-19,1,0,0,-63,0
215,476,-19,1,0,0,-63,0
216,476,-19,1,0,0,-63,0
217,476,-19,1,0,0,-63,0
218,476,-19,1,0,0,-63,0
219,476,-19,1,0,0,-63,0
220,476,-19,1,0,0,-63,0
221,476,-19,1,0,0,-63,0
222,476,-19,1,0,0,-63,0
223,476,-19,1,0,0,-63,0
224,476,-19,1,0,0,-63,0
225,476,-19,1,0,0,-63,0
226,476,-19,1,0,0,-63,0
227,476,-19,1,0,0,-63,0
228,476,-19,1,0,0,-63,0
229,476,-19,1,0,0,-63,0
230,476,-19,1,0,0,-63,0
231,476,-19,1,0,0,-63,0
232,476,-19,1,0,0,-63,0
233,476,-19,1,0,0,-63,0
234,476,-19,1,0,0,-63,0
235,476,-19,1,0,0,-63,0
236,476,-19,1,0,0,-63,0
237,476,-19,1,0,0,-63,0
238,476,-19,1,0,0,-63,0
239,476,-19,1,0,0,-63,0
240,476,-19,1,0,0,-63,0
241,476,-19,1,0,0,-63,0
242,476,-19,1,0,0,-63,0
243,476,-19,1,0,0,-63,0
244,476,-19,1,0,0,-63,0
245,476,-19,1,0,0,-63,0
246,476,-19,1,0,0,-63,0
247,476,-19,1,0,0,-63,0
248,476,-19,1,0,0,-63,0
249,476,-19,1,0,0,-63,0
250,476,-19,1,0,0,-63,0
251,476,-19,1,0,0,-63,0
252,476,-19,1,0,0,-63,0
253,476,-19,1,0,0,-63,0
254,476,-19,1,0,0,-63,0
255,476,-19,1,0,0,-63,0
256,476,-19,1,0,0,-63,0
257,476,-19,1,0,0,-63,0
258,476,-19,1,0,0,-63,0
259,476,-19,1,0,0,-63,0
260,476,-19,1,0,0,-63,0
261,476,-19,1,0,0,-63,0
262,476,-19,1,0,0,-63,0
263,476,-19,1,0,0,-63,0
264,476,-19,1,0,0,-63,0
265,476,-19,1,0,0,-63,0
266,476,-19,1,0,0,-63,0
267,476,-19,1,0,0,-63,0
268,476,-19,1,0,0,-63,0
269,476,-19,1,0,0,-63,0
270,476,-19,1,0,0,-63,0
271,476,-19,1,0,0,-63,0
272,476,-19,1,0,0,-63,0
273,476,-19,1,0,0,-63,0
274,476,-19,1,0,0,-63,0
275,476,-19,1,0,0,-63,0
276,476,-19,1,0,0,-63,0
277,476,-19,1,0,0,-63,0
278,476,-19,1,0,0,-63,0
279,476,-19,1,0,0,-63,0
280,476,-19,1,0,0,-63,0
281,476,-19,1,0,0,-63,0
282,476,-19,1,0,0,-63,0
283,476,-19,1,0,0,-63,0
284,476,-19,1,0,0,-63,0
285,476,-19,1,0,0,-63,0
286,476,-19,1,0,0,-63,0
287,476,-19,1,0,0,-63,0
288,476,-19,1,0,0,-63,0
289,476,-19,1,0,0,-63,0
290,476,-19,1,0,0,-63,0
291,476,-19,1,0,0,-63,0
292,476,-19,1,0,0,-63,0
293,476,-19,1,0,0,-63,0
294,476,-19,1,0,0,-63,0
295,476,-19,1,0,0,-63,0
296,476,-19,1,0,0,-63,0
297,476,-19,1,0,0,-63,0
298,476,-19,1,0,0,-63,0
299,476,-19,1,0,0,-63,0
300,476,-19,1,0,0,-63,0
301,476,-18,1,0,0,-63,0
302,476,-17,1,0,0,-63,0
303,476,-17,1,0,0,-63,0
304,476,-17,1,0,0,-63,0
305,476,-17,1,0,0,-63,0
306,476,-17,1,0,0,-63,0
307,476,-17,1,0,0,-63,0
308,476,-17,1,0,0,-63,0
309,476,-17,1,0,0,-63,0
310,476,-17,1,0,0,-63,0
311,476,-17,1,0,0,-63,0
312,476,-17,1,0,0,-63,0
313,476,-17,1,0,0,-63,0
314,476,-17,1,0,0,-63,0
315,476,-17,1,0,0,-63,0
316,476,-17,1,0,0,-63,0
317,476,-17,1,0,0,-63,0
318,476,-17,1,0,0,-63,0
319,476,-17,1,0,0,-63,0
320,476,-17,1,0,0,-63,0
321,476,-17,1,0,0,-63,0
322,476,-17,1,0,0,-63,0
323,476,-17,1,0,0,-63,0
324,476,-17,1,0,0,-63,0
325,476,-17,1,0,0,-63,0
326,476,-17,1,0,0,-63,0
327,476,-17,1,0,0,-63,0
328,476,-17,1,0,0,-63,0
329,476,-17,1,0,0,-63,0
330,476,-17,1,0,0,-63,0
331,476,-17,1,0,0,-63,0
332,476,-17,1,0,0,-63,0
333,476,-17,1,0,0,-63,0
334,476,-17,1,0,0,-63,0
335,476,-17,1,0,0,-63,0
336,476,-17,1,0,0,-63,0
337,476,-17,1,0,0,-63,0
338,476,-17,1,0,0,-63,0
339,476,-17,1,0,0,-63,0
340,476,-17,1,0,0,-63,0
341,476,-17,1,0,0,-63,0
342,476,-17,1,0,0,-63,0
343,476,-17,1,0,0,-63,0
344,476,-17,1,0,0,-63,0
345,476,-17,1,0,0,-63,0
346,476,-17,1,0,0,-63,0
347,476,-17,1,0,0,-63,0
348,476,-17,1,0,0,-63,0
349,476,-17,1,0,0,-63,0
350,476,-17,1,0,0,-63,0
351,476,-17,1,0,0,-63,0
352,476,-17,1,0,0,-63,0
353,476,-17,1,0,0,-63,0
354,476,-17,1,0,0,-63,0
355,476,-17,1,0,0,-63,0
356,476,-17,1,0,0,-63,0
357,476,-17,1,0,0,-63,0
358,476,-17,1,0,0,-63,0
359,476,-17,1,0,0,-63,0
360,476,-17,1,0,0,-63,0
361,476,-17,1,0,0,-63,0
362,476,-17,1,0,0,-63,0
363,476,-17,1,0,0,-63,0
364,476,-17,1,0,0,-63,0
365,476,-17,1,0,0,-63,0
366,476,-17,1,0,0,-63,0
367,476,-17,1,0,0,-63,0
368,476,-17,1,0,0,-63,0
369,476,-17,1,0,0,-63,0
370,476,-17,1,0,0,-63,0
371,476,-17,1,0,0,-63,0
372,476,-17,1,0,0,-63,0
373,476,-17,1,0,0,-63,0
374,476,-17,1,0,0,-63,0
375,476,-17,1,0,0,-63,0
376,476,-17,1,0,0,-63,0
377,476,-17,1,0,0,-63,0
378,476,-17,1,0,0,-63,0
379,476,-17,1,0,0,-63,0
380,476,-17,1,0,0,-63,0
381,476,-17,1,0,0,-63,0
382,476,-17,1,0,0,-63,0
383,476,-17,1,0,0,-63,0
384,476,-17,1,0,0,-63,0
385,476,-17,1,0,0,-63,0
386,476,-17,1,0,0,-63,0
387,476,-17,1,0,0,-63,0
388,476,-17,1,0,0,-63,0
389,476,-17,1,0,0,-63,0
390,476,-17,1,0,0,-63,0
391,476,-17,1,0,0,-63,0
392,476,-17,1,0,0,-63,0
393,476,-17,1,0,0,-63,0
394,476,-17,1,0,0,-63,0
395,476,-17,1,0,0,-63,0
396,476,-17,1,0,0,-63,0
397,476,-17,1,0,0,-63,0
398,476,-17,1,0,0,-63,0
399,476,-17,1,0,0,-63,0
400,476,-17,1,0,0,-63,0
401,476,-17,1,0,0,-63,0
402,476,-17,1,0,0,-63,0
403,476,-17,1,0,0,-63,0
404,476,-17,1,0,0,-63,0
405,476,-17,1,0,0,-63,0
406,476,-17,1,0,0,-63,0
407,476,-17,1,0,0,-63,0
408,476,-17,1,0,0,-63,0
409,476,-17,1,0,0,-63,0
410,476,-17,1,0,0,-63,0
411,476,-17,1,0,0,-63,0
412,476,-17,1,0,0,-63,0
413,476,-17,1,0,0,-63,0
414,476,-17,1,0,0,-63,0
415,476,-17,1,0,0,-63,0
416,476,-17,1,0,0,-63,0
417,476,-17,1,0,0,-63,0
418,476,-17,1,0,0,-63,0
419,476,-17,1,0,0,-63,0
420,476,-17,1,0,0,-63,0
421,476,-17,1,0,0,-63,0
422,476,-17,1,0,0,-63,0
423,476,-17,1,0,0,-63,0
424,476,-17,1,0,0,-63,0
425,476,-17,1,0,0,-63,0
426,476,-17,1,0,0,-63,0
427,476,-17,1,0,0,-63,0
428,476,-17,1,0,0,-63,0
429,476,-17,1,0,0,-63,0
430,476,-17,1,0,0,-63,0
431,476,-17,1,0,0,-63,0
432,476,-17,1,0,0,-63,0
433,476,-17,1,0,0,-63,0
434,476,-17,1,0,0,-63,0
435,476,-17,1,0,0,-63,0
436,476,-17,1,0,0,-63,0
437,476,-17,1,0,0,-63,0
438,476,-17,1,0,0,-63,0
439,476,-17,1,0,0,-63,0
440,476,-17,1,0,0,-63,0
441,476,-17,1,0,0,-63,0
442,476,-17,1,0,0,-63,0
443,476,-17,1,0,0,-63,0
444,476,-17,1,0,0,-63,0
445,476,-17,1,0,0,-63,0
446,476,-17,1,0,0,-63,0
447,476,-17,1,0,0,-63,0
448,476,-17,1,0,0,-63,0
449,476,-17,1,0,0,-63,0
450,476,-17,1,0,0,-63,0
451,476,-17,1,0,0,-63,0
452,476,-17,1,0,0,-63,0
453,476,-17,1,0,0,-63,0
454,476,-17,1,0,0,-63,0
455,476,-17,1,0,0,-63,0
456,476,-17,1,0,0,-63,0
457,476,-17,1,0,0,-63,0
458,476,-17,1,0,0,-63,0
459,476,-17,1,0,0,-63,0
460,476,-17,1,0,0,-63,0
461,476,-17,1,0,0,-63,0
462,476,-17,1,0,0,-63,0
463,476,-17,1,0,0,-63,0
464,476,-17,1,0,0,-63,0
465,476,-17,1,0,0,-63,0
466,476,-17,0,0,0,-63,0
467,476,-17,0,0,0,-63,0
468,476,-17,0,0,0,-63,0
469,476,-17,0,0,0,-63,0
470,476,-17,0,0,0,-63,0
471,476,-17,0,0,0,-63,0
472,476,-17,0,0,0,-63,0
473,476,-17,0,0,0,-63,0
474,476,-17,0,0,0,-63,0
475,476,-17,0,0,0,-63,0
476,476,-17,0,0,0,-63,0
477,476,-17,0,0,0,-63,0
478,476,-17,0,0,0,-63,0
479,476,-17,0,0,0,-63,0
480,476,-17,0,0,0,-63,0
481,476,-17,0,0,0,-63,0
482,476,-17,0,0,0,-63,0
483,476,-17,0,0,0,-63,0
484,476,-17,0,0,0,-63,0
485,476,-17,0,0,0,-63,0
486,476,-17,0,0,0,-63,0
487,476,-17,0,0,0,-63,0
488,476,-17,0,0,0,-63,0
489,476,-17,0,0,0,-63,0
490,476,-17,0,0,0,-63,0
491,476,-17,0,0,0,-63,0
492,476,-17,0,0,0,-63,0
493,476,-17,0,0,0,-63,0
494,476,-17,0,0,0,-63,0
495,476,-17,0,0,0,-63,0
496,476,-17,0,0,0,-63,0
497,476,-17,0,0,0,-63,0
498,476,-17,0,0,0,-63,0
499,476,-17,0,0,0,-63,0
500,476,-17,0,0,0,-63,0
501,476,-17,0,0,0,-63,0
502,476,-17,0,0,0,-63,0
503,476,-17,0,0,0,-63,0
504,476,-17,0,0,0,-63,0
505,476,-17,0,0,0,-63,0
506,476,-17,0,0,0,-63,0
507,476,-17,0,0,0,-63,0
508,476,-17,0,0,0,-63,0
509,476,-17,0,0,0,-63,0
510,476,-17,0,0,0,-63,0
511,476,-17,0,0,0,-63,0
512,476,-17,0,0,0,-63,0
513,476,-17,0,0,0,-63,0
514,476,-17,0,0,0,-63,0
515,476,-17,0,0,0,-63,0
516,476,-17,0,0,0,-63,0
517,476,-17,0,0,0,-63,0
518,476,-17,0,0,0,-63,0
519,476,-17,0,0,0,-63,0
520,476,-17,0,0,0,-63,0
521,476,-17,0,0,0,-63,0
522,476,-17,0,0,0,-63,0
523,476,-17,0,0,0,-63,0
524,476,-17,0,0,0,-63,0
525,476,-17,0,0,0,-63,0
526,476,-17,0,0,0,-63,0
527,476,-17,0,0,0,-63,0
528,476,-17,0,0,0,-63,0
529,476,-17,0,0,0,-63,0
530,476,-17,0,0,0,-63,0
531,476,-17,0,0,0,-63,0
532,476,-17,0,0,0,-63,0
533,476,-17,0,0,0,-63,0
534,476,-17,0,0,0,-63,0
535,476,-17,0,0,0,-63,0
536,476,-17,0,0,0,-63,0
537,476,-17,0,0,0,-63,0
538,476,-17,0,0,0,-63,0
539,476,-17,0,0,0,-63,0
540,476,-17,0,0,0,-63,0
541,476,-17,0,0,0,-63,0
542,476,-17,0,0,0,-63,0
543,476,-17,0,0,0,-63,0
544,476,-17,0,0,0,-63,0
545,476,-17,0,0,0,-63,0
546,476,-17,0,0,0,-63,0
547,476,-17,0,0,0,-63,0
548,476,-17,0,0,0,-63,0
549,476,-17,0,0,0,-63,0
550,476,-17,0,0,0,-63,0
551,476,-17,0,0,0,-63,0
552,476,-17,0,0,0,-63,0
553,476,-17,0,0,0,-63,0
554,476,-17,0,0,0,-63,0
555,476,-17,0,0,0,-63,0
556,476,-17,0,0,0,-63,0
557,476,-17,0,0,0,-63,0
558,476,-17,0,0,0,-63,0
559,476,-17,0,0,0,-63,0
560,476,-17,0,0,0,-63,0
561,476,-17,0,0,0,-63,0
562,476,-17,0,0,0,-63,0
563,476,-17,0,0,0,-63,0
564,476,-17,0,0,0,-63,0
565,476,-17,0,0,0,-63,0
566,476,-17,0,0,0,-63,0
567,476,-17,0,0,0,-63,0
568,476,-17,0,0,0,-63,0
569,476,-17,0,0,0,-63,0
570,476,-17,0,0,0,-63,0
571,476,-17,0,0,0,-63,0
572,476,-17,0,0,0,-63,0
573,476,-17,0,0,0,-63,0
574,476,-17,0,0,0,-63,0
575,476,-17,0,0,0,-63,0
576,476,-17,0,0,0,-63,0
577,476,-17,0,0,0,-63,0
578,476,-17,0,0,0,-63,0
579,476,-17,0,0,0,-63,0
580,476,-17,0,0,0,-63,0
581,476,-17,0,0,0,-63,0
582,476,-17,0,0,0,-63,0
583,476,-17,0,0,0,-63,0
584,476,-17,0,0,0,-63,0
585,476,-17,0,0,0,-63,0
586,476,-17,0,0,0,-63,0
587,476,-17,0,0,0,-63,0
588,476,-17,0,0,0,-63,0
589,476,-17,0,0,0,-63,0
590,476,-17,0,0,0,-63,0
591,476,-17,0,0,0,-63,0
592,476,-17,0,0,0,-63,0
593,476,-17,0,0,0,-63,0
594,476,-17,0,0,0,-63,0
595,476,-17,0,0,0,-63,0
596,476,-17,0,0,0,-63,0
597,476,-17,0,0,0,-63,0
598,475,-17,0,0,0,-63,0
599,474,-17,0,0,0,-63,0
600,474,-17,0,0,0,-63,0
601,474,-17,0,0,0,-63,0
602,474,-17,0,0,0,-63,0
603,474,-17,0,0,0,-63,0
604,474,-16,0,0,0,-63,0
605,474,-15,0,0,0,-63,0
606,474,-15,0,0,0,-63,0
607,475,-13,0,0,0,-63,0
608,476,-12,0,0,0,-63,0
609,477,-11,0,0,0,-63,0
610,478,-11,0,0,0,-63,0
611,478,-11,0,0,0,-63,0
612,479,-10,0,0,0,-63,0
613,480,-10,0,0,0,-63,0
614,480,-9,0,0,0,-63,0
615,480,-8,0,0,0,-63,0
616,480,-8,0,0,0,-63,0
617,480,-6,0,0,0,-63,0
618,480,-5,0,0,0,-63,0
619,479,-4,0,0,0,-63,0
620,478,-3,0,0,0,-63,0
621,477,-2,0,0,0,-63,0
622,477,-2,0,0,0,-63,0
623,477,-1,0,0,0,-63,0
624,477,-1,0,0,0,-63,0
625,477,-1,0,0,0,-63,0
626,477,1,0,0,0,-63,0
627,480,4,0,0,0,-63,0
628,481,6,0,0,0,-63,0
629,483,8,0,0,0,-63,0
630,483,9,0,0,0,-63,0
631,485,11,0,0,0,-63,0
632,487,16,0,0,0,-63,0
633,488,18,0,0,0,-63,0
634,489,21,0,0,0,-63,0
635,489,22,0,0,0,-63,0
636,489,28,0,0,0,-63,0
637,489,31,0,0,0,-63,0
638,488,34,0,0,0,-63,0
639,487,35,0,0,0,-63,0
640,486,37,0,0,0,-63,0
641,485,38,0,0,0,-63,0
642,485,38,0,0,0,-63,0
643,485,39,0,0,0,-63,0
644,485,40,0,0,0,-63,0
645,485,41,0,0,0,-63,0
646,484,43,0,0,0,-63,0
647,484,45,0,0,0,-63,0
648,484,46,0,0,0,-63,0
649,484,48,0,0,0,-63,0
650,484,51,0,0,0,-63,0
651,487,57,0,0,0,-63,0
652,487,58,0,0,0,-63,0
653,489,61,0,0,0,-63,0
654,489,62,0,0,0,-63,0
655,491,65,0,0,0,-63,0
656,493,68,0,0,0,-63,0
657,495,72,0,0,0,-63,0
658,497,77,0,0,0,-63,0
659,498,80,0,0,0,-63,0
660,499,81,0,0,0,-63,0
661,499,83,0,0,0,-63,0
662,500,88,0,0,0,-63,0
663,500,95,0,0,0,-63,0
664,500,100,0,0,0,-63,0
665,500,101,0,0,0,-63,0
666,500,106,0,0,0,-63,0
667,499,113,0,0,0,-63,0
668,496,122,0,0,0,-63,0
669,495,127,0,0,0,-63,0
670,495,128,0,0,0,-63,0
671,494,129,0,0,0,-63,0
672,494,130,0,0,0,-63,0
673,494,130,0,0,0,-63,0
674,494,130,0,0,0,-63,0
675,498,139,0,0,0,-63,0
676,499,141,0,0,0,-63,0
677,500,145,0,0,0,-63,0
678,500,149,0,0,0,-63,0
679,501,150,0,0,0,-63,0
680,501,151,0,0,0,-63,0
681,502,152,0,0,0,-63,0
682,502,153,0,0,0,-63,0
683,503,154,0,0,0,-63,0
684,505,158,0,0,0,-63,0
685,507,160,0,0,0,-63,0
686,507,160,0,0,0,-63,0
687,509,162,0,0,0,-63,0
688,509,163,0,0,0,-63,0
689,509,164,0,0,0,-63,0
690,509,164,0,0,0,-63,0
691,509,164,0,0,0,-63,0
692,509,165,0,0,0,-63,0
693,510,166,0,0,0,-63,0
694,510,169,0,0,0,-63,0
695,510,169,0,0,0,-63,0
696,510,170,0,0,0,-63,0
697,510,170,0,0,0,-63,0
698,510,170,0,0,0,-63,0
699,510,170,0,0,0,-63,0
700,510,170,0,0,0,-63,0
701,510,170,0,0,0,-63,0
702,510,170,0,0,0,-63,0
703,510,170,0,0,0,-63,0
704,510,170,0,0,0,-63,0
705,510,170,0,0,0,-63,0
706,510,170,0,0,0,-63,0
707,510,170,0,0,0,-63,0
708,510,170,0,0,0,-63,0
709,510,170,0,0,0,-63,0
710,510,170,0,0,0,-63,0
711,510,170,0,0,0,-63,0
712,510,170,0,0,0,-63,0
713,510,170,0,0,0,-63,0
714,510,170,0,0,0,-63,0
715,510,170,0,0,0,-63,0
716,510,170,0,0,0,-63,0
717,510,170,0,0,0,-63,0
718,510,170,0,0,0,-63,0
719,510,170,0,0,0,-63,0
720,510,170,0,0,0,-63,0
721,510,170,0,0,0,-63,0
722,510,170,0,0,0,-63,0
723,510,170,0,0,0,-63,0
724,510,170,0,0,0,-63,0
725,510,170,0,0,0,-63,0
726,510,170,0,0,0,-63,0
727,510,170,0,0,0,-63,0
728,510,170,0,0,0,-63,0
729,510,170,0,0,0,-63,0
730,510,170,0,0,0,-63,0
731,510,170,0,0,0,-63,0
732,510,170,0,0,0,-63,0
733,510,170,0,0,0,-63,0
734,510,170,0,0,0,-63,0
735,510,170,0,0,0,-63,0
736,510,170,0,0,0,-63,0
737,510,170,0,0,0,-63,0
738,510,170,0,0,0,-63,0
739,510,170,0,0,0,-63,0
740,510,170,0,0,0,-63,0
741,510,170,0,0,0,-63,0
742,510,170,0,0,0,-63,0
743,510,170,0,0,0,-63,0
744,510,170,0,0,0,-63,0
745,510,170,0,0,0,-63,0
746,510,170,0,0,0,-63,0
747,510,169,0,0,0,-63,0
748,510,169,0,0,0,-63,0
749,510,169,0,0,0,-63,0
750,510,169,0,0,0,-63,0
751,510,169,0,0,0,-63,0
752,510,169,0,0,0,-63,0
753,510,169,0,0,0,-63,0
754,510,169,0,0,0,-63,0
755,510,169,0,0,0,-63,0
756,510,169,0,0,0,-63,0
757,510,169,0,0,0,-63,0
758,510,169,0,0,0,-63,0
759,510,169,0,0,0,-63,0
760,510,169,0,0,0,-63,0
761,510,169,0,0,0,-63,0
762,510,169,0,0,0,-63,0
763,510,169,0,0,0,-63,0
764,510,169,0,0,0,-63,0
765,510,169,0,0,0,-63,0
766,510,169,0,0,0,-63,0
767,510,169,0,0,0,-63,0
768,510,169,0,0,0,-63,0
769,510,169,0,0,0,-63,0
770,510,169,0,0,0,-63,0
771,510,169,0,0,0,-63,0
772,510,169,0,0,0,-63,0
773,510,169,0,0,0,-63,0
774,510,169,0,0,0,-63,0
775,510,169,0,0,0,-63,0
776,510,169,0,0,0,-63,0
777,510,169,0,0,0,-63,0
778,510,169,0,0,0,-63,0
779,510,169,0,0,0,-63,0
780,510,169,0,0,0,-63,0
781,510,169,0,0,0,-63,0
782,510,169,0,0,0,-63,0
783,510,169,0,0,0,-63,0
784,510,169,0,0,0,-63,0
785,510,169,0,0,0,-63,0
786,510,169,0,0,0,-63,0
787,510,169,0,0,0,-63,0
788,510,169,0,0,0,-63,0
789,510,169,0,0,0,-63,0
790,510,169,0,0,0,-63,0
791,510,169,0,0,0,-63,0
792,510,169,0,0,0,-63,0
793,510,169,0,0,0,-63,0
794,510,169,0,0,0,-63,0
795,510,169,0,0,0,-63,0
796,510,169,0,0,0,-63,0
797,510,167,0,0,0,-63,0
798,510,166,0,0,0,-63,0
799,511,164,0,0,0,-63,0
800,512,163,0,0,0,-63,0
801,512,163,0,0,0,-63,0
802,512,163,0,0,0,-63,0
803,512,163,0,0,0,-63,0
804,512,163,0,0,0,-63,0
805,512,163,0,0,0,-63,0
806,512,165,0,0,0,-63,0
807,512,168,0,0,0,-63,0
808,511,170,0,0,0,-63,0
809,510,172,0,0,0,-63,0
810,510,172,0,0,0,-63,0
811,510,173,0,0,0,-63,0
812,510,173,0,0,0,-63,0
813,510,173,0,0,0,-63,0
814,510,171,0,0,0,-63,0
815,513,164,0,0,0,-63,0
816,514,161,0,0,0,-63,0
817,515,158,0,0,0,-63,0
818,516,157,0,0,0,-63,0
819,516,157,0,0,0,-63,0
820,516,157,0,0,0,-63,0
821,517,159,0,0,0,-63,0
822,517,163,0,0,0,-63,0
823,518,166,0,0,0,-63,0
824,518,169,0,0,0,-63,0
825,518,172,0,0,0,-63,0
826,518,172,0,0,0,-63,0
827,519,172,0,0,0,-63,0
828,519,172,0,0,0,-63,0
829,520,170,0,0,0,-63,0
830,521,166,0,0,0,-63,0
831,523,162,0,0,0,-63,0
832,524,159,0,0,0,-63,0
833,524,157,0,0,0,-63,0
834,524,156,0,0,0,-63,0
835,524,156,0,0,0,-63,0
836,524,156,0,0,0,-63,0
837,524,157,0,0,0,-63,0
838,524,158,0,0,0,-63,0
839,522,165,0,0,0,-63,0
840,522,166,0,0,0,-63,0
841,522,167,0,0,0,-63,0
842,522,167,0,0,0,-63,0
843,522,167,0,0,0,-63,0
844,522,167,0,0,0,-63,0
845,522,165,0,0,0,-63,0
846,522,163,0,0,0,-63,0
847,522,160,0,0,0,-63,0
848,522,160,0,0,0,-63,0
849,522,160,0,0,0,-63,0
850,522,160,0,0,0,-63,0
851,522,160,0,0,0,-63,0
852,522,161,0,0,0,-63,0
853,522,164,0,0,0,-63,0
854,522,166,0,0,0,-63,0
855,522,166,0,0,0,-63,0
856,522,166,0,0,0,-63,0
857,521,169,0,0,0,-63,0
858,521,169,0,0,0,-63,0
859,521,169,0,0,0,-63,0
860,521,169,0,0,0,-63,0
861,521,169,0,0,0,-63,0
862,521,169,0,0,0,-63,0
863,521,169,0,0,0,-63,0
864,521,169,0,0,0,-63,0
865,521,169,0,0,0,-63,0
866,521,169,0,0,0,-63,0
867,521,169,0,0,0,-63,0
868,521,169,0,0,0,-63,0
869,521,169,0,0,0,-63,0
870,521,169,0,0,0,-63,0
871,521,169,0,0,0,-63,0
872,521,169,0,0,0,-63,0
873,521,169,0,0,0,-63,0
874,521,169,0,0,0,-63,0
875,521,169,0,0,0,-63,0
876,521,169,0,0,0,-63,0
877,521,169,0,0,0,-63,0
878,521,169,0,0,0,-63,0
879,521,169,0,0,0,-63,0
880,521,169,0,0,0,-63,0
881,521,169,0,0,0,-63,0
882,521,169,0,0,0,-63,0
883,521,169,0,0,0,-63,0
884,521,169,0,0,0,-63,0
885,521,169,0,0,0,-63,0
886,521,169,0,0,0,-63,0
887,521,169,0,0,0,-63,0
888,521,169,0,0,0,-63,0
889,521,169,0,0,0,-63,0
890,521,169,0,0,0,-63,0
891,521,169,0,0,0,-63,0
892,521,169,0,0,0,-63,0
893,521,169,0,0,0,-63,0
894,521,169,0,0,0,-63,0
895,521,169,0,0,0,-63,0
896,521,169,0,0,0,-63,0
897,521,169,0,0,0,-63,0
898,521,169,0,0,0,-63,0
899,521,169,0,0,0,-63,0
900,521,169,0,0,0,-63,0
901,521,169,0,0,0,-63,0
902,521,169,0,0,0,-63,0
903,521,169,0,0,0,-63,0
904,521,169,0,0,0,-63,0
905,521,169,0,0,0,-63,0
906,520,169,1,0,0,-63,0
907,520,169,1,0,0,-63,0
908,520,169,1,0,0,-63,0
909,520,169,1,0,0,-63,0
910,520,169,1,0,0,-63,0
911,520,169,1,0,0,-63,0
912,520,169,1,0,0,-63,0
913,520,169,1,0,0,-63,0
914,520,169,1,0,0,-63,0
915,520,169,1,0,0,-63,0
916,520,170,1,0,0,-63,0
917,519,170,1,0,0,-63,0
918,519,171,1,0,0,-63,0
919,517,173,1,0,0,-63,0
920,515,175,1,0,0,-63,0
921,511,179,1,0,0,-63,0
922,509,180,1,0,0,-63,0
923,508,181,1,0,0,-63,0
924,504,183,1,0,0,-63,0
925,503,183,1,0,0,-63,0
926,503,183,1,0,0,-63,0
927,503,183,1,0,0,-63,0
928,502,183,1,0,0,-63,0
929,499,183,1,0,0,-63,0
930,497,183,1,0,0,-63,0
931,489,183,1,0,0,-63,0
932,489,183,1,0,0,-63,0
933,489,183,1,0,0,-63,0
934,488,183,1,0,0,-63,0
935,487,183,1,0,0,-63,0
936,486,183,1,0,0,-63,0
937,485,183,1,0,0,-63,0
938,483,185,1,0,0,-63,0
939,481,186,1,0,0,-63,0
940,479,187,1,0,0,-63,0
941,476,189,1,0,0,-63,0
942,475,191,1,0,0,-63,0
943,474,192,1,0,0,-63,0
944,472,194,1,0,0,-63,0
945,470,195,1,0,0,-63,0
946,469,196,1,0,0,-63,0
947,468,196,1,0,0,-63,0
948,468,196,1,0,0,-63,0
949,468,196,1,0,0,-63,0
950,467,196,1,0,0,-63,0
951,466,196,1,0,0,-63,0
952,463,196,1,0,0,-63,0
953,461,196,1,0,0,-63,0
954,458,194,1,0,0,-63,0
955,455,192,1,0,0,-63,0
956,453,190,1,0,0,-63,0
957,452,189,1,0,0,-63,0
958,451,188,1,0,0,-63,0
959,450,187,1,0,0,-63,0
960,449,186,1,0,0,-63,0
961,449,186,1,0,0,-63,0
962,448,186,1,0,0,-63,0
963,448,186,1,0,0,-63,0
964,448,186,1,0,0,-63,0
965,447,184,1,0,0,-63,0
966,446,183,1,0,0,-63,0
967,445,182,1,0,0,-63,0
968,445,182,1,0,0,-63,0
969,444,181,1,0,0,-63,0
970,444,179,1,0,0,-63,0
971,443,178,1,0,0,-63,0
972,443,178,1,0,0,-63,0
973,443,177,1,0,0,-63,0
974,442,177,1,0,0,-63,0
975,442,177,1,0,0,-63,0
976,442,177,1,0,0,-63,0
977,442,177,1,0,0,-63,0
978,442,176,1,0,0,-63,0
979,442,176,1,0,0,-63,0
980,442,176,1,0,0,-63,0
981,443,176,1,0,0,-63,0
982,443,176,1,0,0,-63,0
983,443,176,1,0,0,-63,0
984,443,176,1,0,0,-63,0
985,443,176,1,0,0,-63,0
986,443,176,1,0,0,-63,0
987,443,176,1,0,0,-63,0
988,443,176,1,0,0,-63,0
989,443,176,1,0,0,-63,0
990,443,176,1,0,0,-63,0
991,443,176,1,0,0,-63,0
992,443,176,1,0,0,-63,0
993,443,176,1,0,0,-63,0
994,443,176,1,0,0,-63,0
995,443,176,1,0,0,-63,0
996,443,176,1,0,0,-63,0
997,443,176,1,0,0,-63,0
998,443,176,1,0,0,-63,0
999,443,176,1,0,0,-63,0
1000,443,176,1,0,0,-63,0
1001,443,176,1,0,0,-63,0
1002,443,176,1,0,0,-63,0
1003,443,176,1,0,0,-63,0
1004,443,176,1,0,0,-63,0
1005,443,176,1,0,0,-63,0
1006,443,176,1,0,0,-63,0
1007,443,176,1,0,0,-63,0
1008,443,176,1,0,0,-63,0
1009,443,176,1,0,0,-63,0
1010,444,175,1,0,0,-63,0
1011,444,175,1,0,0,-63,0
1012,444,175,1,0,0,-63,0
1013,444,175,1,0,0,-63,0
1014,444,175,1,0,0,-63,0
1015,444,175,1,0,0,-63,0
1016,444,175,1,0,0,-63,0
1017,444,175,1,0,0,-63,0
1018,444,174,1,0,0,-63,0
1019,444,174,1,0,0,-63,0
1020,444,174,1,0,0,-63,0
1021,444,174,1,0,0,-63,0
1022,444,174,1,0,0,-63,0
1023,444,174,1,0,0,-63,0
1024,444,174,1,0,0,-63,0
1025,444,174,1,0,0,-63,0
1026,444,174,1,0,0,-63,0
1027,444,174,1,0,0,-63,0
1028,444,174,1,0,0,-63,0
1029,443,174,1,0,0,-63,0
1030,443,174,1,0,0,-63,0
1031,443,174,1,0,0,-63,0
1032,443,174,1,0,0,-63,0
1033,442,174,1,0,0,-63,0
1034,442,174,1,0,0,-63,0
1035,442,174,1,0,0,-63,0
1036,441,174,1,0,0,-63,0
1037,441,174,1,0,0,-63,0
1038,441,174,1,0,0,-63,0
1039,441,174,1,0,0,-63,0
1040,441,174,1,0,0,-63,0
1041,441,174,1,0,0,-63,0
1042,441,174,1,0,0,-63,0
1043,441,174,1,0,0,-63,0
1044,441,174,1,0,0,-63,0
1045,441,174,1,0,0,-63,0
1046,442,174,1,0,0,-63,0
1047,442,174,1,0,0,-63,0
1048,442,174,1,0,0,-63,0
1049,443,173,1,0,0,-63,0
1050,444,173,1,0,0,-63,0
1051,445,172,1,0,0,-63,0
1052,446,171,1,0,0,-63,0
1053,447,170,1,0,0,-63,0
1054,447,170,1,0,0,-63,0
1055,447,170,1,0,0,-63,0
1056,447,169,1,0,0,-63,0
1057,447,169,1,0,0,-63,0
1058,447,169,1,0,0,-63,0
1059,447,169,1,0,0,-63,0
1060,447,169,1,0,0,-63,0
1061,446,168,1,0,0,-63,0
1062,445,168,1,0,0,-63,0
1063,444,168,1,0,0,-63,0
1064,443,168,1,0,0,-63,0
1065,443,168,1,0,0,-63,0
1066,443,168,1,0,0,-63,0
1067,443,168,1,0,0,-63,0
1068,443,168,1,0,0,-63,0
1069,443,168,1,0,0,-63,0
1070,442,168,1,0,0,-63,0
1071,442,168,1,0,0,-63,0
1072,442,168,1,0,0,-63,0
1073,442,168,1,0,0,-63,0
1074,442,168,1,0,0,-63,0
1075,442,168,1,0,0,-63,0
1076,442,169,1,0,0,-63,0
1077,442,169,1,0,0,-63,0
1078,443,169,1,0,0,-63,0
1079,444,170,1,0,0,-63,0
1080,444,170,1,0,0,-63,0
1081,444,170,1,0,0,-63,0
1082,444,170,1,0,0,-63,0
1083,444,170,1,0,0,-63,0
1084,444,170,1,0,0,-63,0
1085,444,170,1,0,0,-63,0
1086,444,170,1,0,0,-63,0
1087,444,170,1,0,0,-63,0
1088,444,170,1,0,0,-63,0
1089,444,170,1,0,0,-63,0
1090,444,170,1,0,0,-63,0
1091,444,170,1,0,0,-63,0
1092,444,170,1,0,0,-63,0
1093,444,170,1,0,0,-63,0
1094,444,170,1,0,0,-63,0
1095,444,170,1,0,0,-63,0
1096,444,170,1,0,0,-63,0
1097,444,170,1,0,0,-63,0
1098,444,170,1,0,0,-63,0
1099,444,171,0,0,0,-63,0
1100,444,171,0,0,0,-63,0
1101,444,171,0,0,0,-63,0
1102,444,171,0,0,0,-63,0
1103,444,170,0,0,0,-63,0
1104,444,170,0,0,0,-63,0
1105,444,170,0,0,0,-63,0
1106,443,169,0,0,0,-63,0
1107,443,168,0,0,0,-63,0
1108,443,167,0,0,0,-63,0
1109,442,166,0,0,0,-63,0
1110,442,164,0,0,0,-63,0
1111,441,160,0,0,0,-63,0
1112,440,158,0,0,0,-63,0
1113,440,156,0,0,0,-63,0
1114,440,155,0,0,0,-63,0
1115,440,154,0,0,0,-63,0
1116,440,153,0,0,0,-63,0
1117,440,151,0,0,0,-63,0
1118,443,147,0,0,0,-63,0
1119,444,146,0,0,0,-63,0
1120,445,145,0,0,0,-63,0
1121,446,144,0,0,0,-63,0
1122,447,143,0,0,0,-63,0
1123,447,143,0,0,0,-63,0
1124,449,140,0,0,0,-63,0
1125,450,139,0,0,0,-63,0
1126,451,138,0,0,0,-63,0
1127,451,138,0,0,0,-63,0
1128,452,136,0,0,0,-63,0
1129,453,133,0,0,0,-63,0
1130,457,126,0,0,0,-63,0
1131,458,123,0,0,0,-63,0
1132,458,121,0,0,0,-63,0
1133,458,121,0,0,0,-63,0
1134,459,116,0,0,0,-63,0
1135,459,113,0,0,0,-63,0
1136,459,107,0,0,0,-63,0
1137,459,104,0,0,0,-63,0
1138,459,98,0,0,0,-63,0
1139,459,97,0,0,0,-63,0
1140,460,94,0,0,0,-63,0
1141,461,91,0,0,0,-63,0
1142,462,88,0,0,0,-63,0
1143,464,84,0,0,0,-63,0
1144,467,80,0,0,0,-63,0
1145,470,77,0,0,0,-63,0
1146,474,75,0,0,0,-63,0
1147,475,74,0,0,0,-63,0
1148,477,72,0,0,0,-63,0
1149,480,71,0,0,0,-63,0
1150,481,70,0,0,0,-63,0
1151,484,68,0,0,0,-63,0
1152,486,67,0,0,0,-63,0
1153,487,66,0,0,0,-63,0
1154,490,65,0,0,0,-63,0
1155,493,62,0,0,0,-63,0
1156,494,60,0,0,0,-63,0
1157,495,57,0,0,0,-63,0
1158,497,53,0,0,0,-63,0
1159,497,52,0,0,0,-63,0
1160,497,50,0,0,0,-63,0
1161,497,46,0,0,0,-63,0
1162,497,43,0,0,0,-63,0
1163,497,38,0,0,0,-63,0
1164,497,36,0,0,0,-63,0
1165,497,34,0,0,0,-63,0
1166,497,31,0,0,0,-63,0
1167,497,30,0,0,0,-63,0
1168,497,29,0,0,0,-63,0
1169,498,26,0,0,0,-63,0
1170,499,25,0,0,0,-63,0
1171,499,24,0,0,0,-63,0
1172,500,22,0,0,0,-63,0
1173,501,21,0,0,0,-63,0
1174,501,20,0,0,0,-63,0
1175,502,19,0,0,0,-63,0
1176,503,17,0,0,0,-63,0
1177,504,16,0,0,0,-63,0
1178,505,15,0,0,0,-63,0
1179,505,14,0,0,0,-63,0
1180,506,13,0,0,0,-63,0
1181,506,12,0,0,0,-63,0
1182,507,12,0,0,0,-63,0
1183,507,11,0,0,0,-63,0
1184,507,9,0,0,0,-63,0
1185,507,7,0,0,0,-63,0
1186,507,6,0,0,0,-63,0
1187,506,2,0,0,0,-63,0
1188,506,1,0,0,0,-63,0
1189,506,0,0,0,0,-63,0
1190,505,-2,0,0,0,-63,0
1191,504,-4,0,0,0,-63,0
1192,504,-5,0,0,0,-63,0
1193,504,-6,0,0,0,-63,0
1194,504,-7,0,0,0,-63,0
1195,503,-7,0,0,0,-63,0
1196,503,-7,0,0,0,-63,0
1197,503,-7,0,0,0,-63,0
1198,503,-7,0,0,0,-63,0
1199,503,-8,0,0,0,-63,0
1200,503,-8,0,0,0,-63,0
1201,503,-8,0,0,0,-63,0
1202,502,-9,0,0,0,-63,0
1203,502,-9,0,0,0,-63,0
1204,502,-9,0,0,0,-63,0
1205,502,-9,0,0,0,-63,0
1206,501,-9,0,0,0,-63,0
1207,501,-9,0,0,0,-63,0
1208,501,-9,0,0,0,-63,0
1209,501,-9,0,0,0,-63,0
1210,500,-9,0,0,0,-63,0
1211,500,-9,0,0,0,-63,0
1212,500,-9,0,0,0,-63,0
1213,500,-9,0,0,0,-63,0
1214,500,-9,0,0,0,-63,0
1215,500,-9,0,0,0,-63,0
1216,500,-9,0,0,0,-63,0
1217,500,-9,0,0,0,-63,0
1218,498,-9,0,0,0,-63,0
1219,498,-9,0,0,0,-63,0
1220,498,-9,0,0,0,-63,0
1221,498,-9,0,0,0,-63,0
1222,498,-9,0,0,0,-63,0
1223,498,-9,0,0,0,-63,0
1224,498,-9,0,0,0,-63,0
1225,498,-9,0,0,0,-63,0
1226,498,-9,0,0,0,-63,0
1227,498,-9,0,0,0,-63,0
1228,498,-9,0,0,0,-63,0
1229,498,-9,0,0,0,-63,0
1230,498,-9,0,0,0,-63,0
1231,498,-9,0,0,0,-63,0
1232,498,-9,0,0,0,-63,0
1233,498,-9,0,0,0,-63,0
1234,498,-9,0,0,0,-63,0
1235,498,-9,0,0,0,-63,0
1236,498,-9,0,0,0,-63,0
1237,498,-9,0,0,0,-63,0
1238,498,-9,0,0,0,-63,0
1239,498,-9,0,0,0,-63,0
1240,498,-9,0,0,0,-63,0
1241,498,-9,0,0,0,-63,0
1242,498,-9,0,0,0,-63,0
1243,498,-9,0,0,0,-63,0
1244,498,-9,0,0,0,-63,0
1245,498,-9,0,0,0,-63,0
1246,498,-9,0,0,0,-63,0
1247,498,-9,0,0,0,-63,0
1248,498,-9,0,0,0,-63,0
1249,498,-9,0,0,0,-63,0
1250,498,-9,0,0,0,-63,0
1251,498,-9,0,0,0,-63,0
1252,498,-10,0,0,0,-63,0
1253,498,-10,0,0,0,-63,0
1254,498,-10,0,0,0,-63,0
1255,498,-10,0,0,0,-63,0
1256,498,-10,0,0,0,-63,0
1257,498,-10,0,0,0,-63,0
1258,498,-10,0,0,0,-63,0
1259,498,-10,0,0,0,-63,0
1260,498,-10,0,0,0,-63,0
1261,498,-10,0,0,0,-63,0
1262,498,-10,0,0,0,-63,0
1263,498,-10,0,0,0,-63,0
1264,498,-10,0,0,0,-63,0
1265,498,-10,0,0,0,-63,0
1266,498,-10,0,0,0,-63,0
1267,498,-10,0,0,0,-63,0
1268,498,-10,0,0,0,-63,0
1269,498,-10,0,0,0,-63,0
1270,498,-10,0,0,0,-63,0
1271,498,-10,0,0,0,-63,0
1272,498,-10,0,0,0,-63,0
1273,498,-10,1,0,0,-63,0
1274,498,-10,1,0,0,-63,0
1275,498,-10,1,0,0,-63,0
1276,498,-10,1,0,0,-63,0
1277,498,-10,1,0,0,-63,0
1278,498,-10,1,0,0,-63,0
1279,498,-10,1,0,0,-63,0
1280,498,-10,1,0,0,-63,0
1281,498,-10,1,0,0,-63,0
1282,498,-10,1,0,0,-63,0
1283,499,-10,1,0,0,-63,0
1284,499,-11,1,0,0,-63,0
1285,499,-12,1,0,0,-63,0
1286,500,-12,1,0,0,-63,0
1287,500,-13,1,0,0,-63,0
1288,500,-13,1,0,0,-63,0
1289,500,-13,1,0,0,-63,0
1290,500,-13,1,0,0,-63,0
1291,500,-13,1,0,0,-63,0
1292,499,-13,1,0,0,-63,0
1293,497,-10,1,0,0,-63,0
1294,495,-9,1,0,0,-63,0
1295,494,-8,1,0,0,-63,0
1296,493,-7,1,0,0,-63,0
1297,491,-7,1,0,0,-63,0
1298,490,-6,1,0,0,-63,0
1299,489,-6,1,0,0,-63,0
1300,489,-6,1,0,0,-63,0
1301,489,-6,1,0,0,-63,0
1302,488,-6,1,0,0,-63,0
1303,488,-6,1,0,0,-63,0
1304,486,-6,1,0,0,-63,0
1305,486,-6,1,0,0,-63,0
1306,486,-7,1,0,0,-63,0
1307,486,-7,1,0,0,-63,0
1308,486,-7,1,0,0,-63,0
1309,485,-8,1,0,0,-63,0
1310,485,-9,1,0,0,-63,0
1311,485,-9,1,0,0,-63,0
1312,485,-9,1,0,0,-63,0
1313,485,-9,1,0,0,-63,0
1314,485,-9,1,0,0,-63,0
1315,485,-9,1,0,0,-63,0
1316,485,-10,1,0,0,-63,0
1317,485,-10,1,0,0,-63,0
1318,485,-10,1,0,0,-63,0
1319,484,-10,1,0,0,-63,0
1320,484,-11,1,0,0,-63,0
1321,484,-11,1,0,0,-63,0
1322,484,-11,1,0,0,-63,0
1323,484,-11,1,0,0,-63,0
1324,484,-11,1,0,0,-63,0
1325,484,-11,1,0,0,-63,0
1326,484,-11,1,0,0,-63,0
1327,484,-12,1,0,0,-63,0
1328,484,-12,1,0,0,-63,0
1329,483,-12,1,0,0,-63,0
1330,483,-12,1,0,0,-63,0
1331,483,-13,1,0,0,-63,0
1332,483,-13,1,0,0,-63,0
1333,483,-13,1,0,0,-63,0
1334,483,-13,1,0,0,-63,0
1335,482,-13,1,0,0,-63,0
1336,482,-13,1,0,0,-63,0
1337,482,-13,1,0,0,-63,0
1338,482,-13,1,0,0,-63,0
1339,481,-13,1,0,0,-63,0
1340,481,-13,1,0,0,-63,0
1341,481,-13,1,0,0,-63,0
1342,481,-13,1,0,0,-63,0
1343,480,-13,1,0,0,-63,0
1344,480,-13,1,0,0,-63,0
1345,480,-13,1,0,0,-63,0
1346,480,-13,1,0,0,-63,0
1347,480,-13,1,0,0,-63,0
1348,480,-13,1,0,0,-63,0
1349,480,-13,1,0,0,-63,0
1350,480,-13,1,0,0,-63,0
1351,480,-13,1,0,0,-63,0
1352,480,-13,1,0,0,-63,0
1353,480,-12,1,0,0,-63,0
1354,480,-12,1,0,0,-63,0
1355,480,-12,1,0,0,-63,0
1356,480,-12,1,0,0,-63,0
1357,480,-12,1,0,0,-63,0
1358,480,-12,1,0,0,-63,0
1359,480,-12,1,0,0,-63,0
1360,480,-12,1,0,0,-63,0
1361,480,-11,1,0,0,-63,0
1362,480,-11,1,0,0,-63,0
1363,480,-11,1,0,0,-63,0
1364,480,-11,1,0,0,-63,0
1365,480,-11,1,0,0,-63,0
1366,480,-11,1,0,0,-63,0
1367,480,-11,1,0,0,-63,0
1368,480,-11,1,0,0,-63,0
1369,480,-11,1,0,0,-63,0
1370,480,-11,1,0,0,-63,0
1371,480,-11,1,0,0,-63,0
1372,480,-11,1,0,0,-63,0
1373,480,-11,1,0,0,-63,0
1374,481,-11,1,0,0,-63,0
1375,481,-11,1,0,0,-63,0
1376,481,-11,1,0,0,-63,0
1377,481,-11,1,0,0,-63,0
1378,481,-11,1,0,0,-63,0
1379,481,-11,1,0,0,-63,0
1380,481,-11,1,0,0,-63,0
1381,481,-11,1,0,0,-63,0
1382,481,-12,1,0,0,-63,0
1383,481,-12,1,0,0,-63,0
1384,481,-12,1,0,0,-63,0
1385,481,-12,1,0,0,-63,0
1386,481,-12,1,0,0,-63,0
1387,481,-12,1,0,0,-63,0
1388,481,-12,1,0,0,-63,0
1389,481,-13,1,0,0,-63,0
1390,481,-13,1,0,0,-63,0
1391,482,-13,1,0,0,-63,0
1392,482,-13,1,0,0,-63,0
1393,482,-13,1,0,0,-63,0
1394,482,-13,1,0,0,-63,0
1395,482,-13,1,0,0,-63,0
1396,482,-13,1,0,0,-63,0
1397,482,-13,1,0,0,-63,0
1398,482,-13,1,0,0,-63,0
1399,482,-13,1,0,0,-63,0
1400,482,-13,1,0,0,-63,0
1401,482,-13,1,0,0,-63,0
1402,482,-14,1,0,0,-63,0
1403,482,-14,1,0,0,-63,0
1404,482,-14,1,0,0,-63,0
1405,481,-14,1,0,0,-63,0
1406,481,-14,1,0,0,-63,0
1407,481,-14,1,0,0,-63,0
1408,481,-14,1,0,0,-63,0
1409,481,-14,1,0,0,-63,0
1410,481,-14,1,0,0,-63,0
1411,480,-14,1,0,0,-63,0
1412,480,-14,1,0,0,-63,0
1413,480,-14,1,0,0,-63,0
1414,480,-14,1,0,0,-63,0
1415,480,-14,1,0,0,-63,0
1416,480,-14,1,0,0,-63,0
1417,480,-14,1,0,0,-63,0
1418,480,-14,1,0,0,-63,0
1419,480,-14,1,0,0,-63,0
1420,480,-14,1,0,0,-63,0
1421,480,-14,1,0,0,-63,0
1422,480,-14,1,0,0,-63,0
1423,480,-14,1,0,0,-63,0
1424,480,-14,1,0,0,-63,0
1425,480,-14,1,0,0,-63,0
1426,480,-14,1,0,0,-63,0
1427,480,-14,1,0,0,-63,0
1428,480,-14,1,0,0,-63,0
1429,480,-14,1,0,0,-63,0
1430,480,-14,1,0,0,-63,0
1431,480,-14,1,0,0,-63,0
1432,480,-14,1,0,0,-63,0
1433,480,-14,1,0,0,-63,0
1434,479,-14,1,0,0,-63,0
1435,479,-14,1,0,0,-63,0
1436,479,-14,1,0,0,-63,0
1437,479,-14,1,0,0,-63,0
1438,479,-14,1,0,0,-63,0
1439,479,-14,1,0,0,-63,0
1440,478,-14,1,0,0,-63,0
1441,478,-14,1,0,0,-63,0
1442,478,-14,1,0,0,-63,0
1443,478,-14,1,0,0,-63,0
1444,478,-14,1,0,0,-63,0
1445,478,-14,1,0,0,-63,0
1446,477,-14,1,0,0,-63,0
1447,477,-14,1,0,0,-63,0
1448,477,-14,1,0,0,-63,0
1449,477,-14,1,0,0,-63,0
1450,477,-14,1,0,0,-63,0
1451,477,-14,1,0,0,-63,0
1452,477,-14,1,0,0,-63,0
1453,477,-14,1,0,0,-63,0
1454,477,-14,1,0,0,-63,0
1455,477,-14,1,0,0,-63,0
1456,477,-14,1,0,0,-63,0
1457,477,-14,1,0,0,-63,0
1458,477,-14,1,0,0,-63,0
1459,477,-14,1,0,0,-63,0
1460,477,-14,1,0,0,-63,0
1461,477,-14,1,0,0,-63,0
1462,477,-14,1,0,0,-63,0
1463,477,-14,1,0,0,-63,0
1464,477,-14,1,0,0,-63,0
1465,477,-14,1,0,0,-63,0
1466,477,-14,1,0,0,-63,0
1467,477,-14,1,0,0,-63,0
1468,477,-14,1,0,0,-63,0
1469,477,-14,1,0,0,-63,0
1470,477,-14,1,0,0,-63,0
1471,477,-14,1,0,0,-63,0
1472,478,-14,1,0,0,-63,0
1473,478,-14,1,0,0,-63,0
1474,478,-14,1,0,0,-63,0
1475,478,-14,1,0,0,-63,0
1476,478,-14,1,0,0,-63,0
1477,478,-14,1,0,0,-63,0
1478,478,-14,1,0,0,-63,0
1479,478,-14,1,0,0,-63,0
1480,478,-14,1,0,0,-63,0
1481,478,-14,1,0,0,-63,0
1482,479,-14,1,0,0,-63,0
1483,479,-14,1,0,0,-63,0
1484,479,-14,1,0,0,-63,0
1485,479,-14,1,0,0,-63,0
1486,479,-14,1,0,0,-63,0
1487,479,-14,1,0,0,-63,0
1488,479,-14,1,0,0,-63,0
1489,479,-14,1,0,0,-63,0
1490,479,-14,1,0,0,-63,0
1491,479,-14,1,0,0,-63,0
1492,479,-14,1,0,0,-63,0
1493,479,-14,1,0,0,-63,0
1494,479,-14,1,0,0,-63,0
1495,479,-14,1,0,0,-63,0
1496,479,-14,1,0,0,-63,0
1497,479,-14,1,0,0,-63,0
1498,479,-14,1,0,0,-63,0
1499,479,-14,1,0,0,-63,0
1500,479,-14,1,0,0,-63,0
1501,479,-14,1,0,0,-63,0
1502,479,-14,1,0,0,-63,0
1503,479,-14,1,0,0,-63,0
1504,479,-14,1,0,0,-63,0
1505,479,-14,1,0,0,-63,0
1506,479,-14,1,0,0,-63,0
1507,479,-14,1,0,0,-63,0
1508,479,-14,1,0,0,-63,0
1509,479,-14,1,0,0,-63,0
1510,479,-14,1,0,0,-63,0
1511,479,-14,1,0,0,-63,0
1512,479,-14,1,0,0,-63,0
1513,479,-14,1,0,0,-63,0
1514,479,-14,1,0,0,-63,0
1515,479,-14,1,0,0,-63,0
1516,479,-14,1,0,0,-63,0
1517,479,-14,1,0,0,-63,0
1518,479,-14,1,0,0,-63,0
1519,479,-14,1,0,0,-63,0
1520,479,-14,1,0,0,-63,0
1521,479,-14,1,0,0,-63,0
1522,479,-14,1,0,0,-63,0
1523,479,-14,1,0,0,-63,0
1524,479,-14,1,0,0,-63,0
1525,479,-14,1,0,0,-63,0
1526,479,-14,1,0,0,-63,0
1527,479,-14,1,0,0,-63,0
1528,479,-14,1,0,0,-63,0
1529,479,-14,1,0,0,-63,0
1530,479,-14,1,0,0,-63,0
1531,479,-14,1,0,0,-63,0
1532,479,-14,1,0,0,-63,0
1533,479,-14,1,0,0,-63,0
1534,479,-14,1,0,0,-63,0
1535,479,-14,1,0,0,-63,0
1536,479,-14,1,0,0,-63,0
1537,479,-14,1,0,0,-63,0
1538,479,-14,1,0,0,-63,0
1539,479,-14,1,0,0,-63,0
1540,479,-14,1,0,0,-63,0
1541,479,-14,1,0,0,-63,0
1542,479,-14,1,0,0,-63,0
1543,479,-14,1,0,0,-63,0
1544,479,-14,1,0,0,-63,0
1545,479,-14,1,0,0,-63,0
1546,479,-14,1,0,0,-63,0
1547,479,-14,1,0,0,-63,0
1548,479,-14,1,0,0,-63,0
1549,479,-14,1,0,0,-63,0
1550,479,-14,1,0,0,-63,0
1551,479,-14,1,0,0,-63,0
1552,479,-14,1,0,0,-63,0
1553,479,-14,1,0,0,-63,0
1554,479,-14,1,0,0,-63,0
1555,479,-14,1,0,0,-63,0
1556,479,-14,1,0,0,-63,0
1557,479,-14,1,0,0,-63,0
1558,479,-14,1,0,0,-63,0
1559,479,-14,1,0,0,-63,0
1560,479,-14,1,0,0,-63,0
1561,479,-14,1,0,0,-63,0
1562,479,-14,1,0,0,-63,0
1563,479,-14,1,0,0,-63,0
1564,479,-14,1,0,0,-63,0
1565,479,-14,1,0,0,-63,0
1566,479,-14,1,0,0,-63,0
1567,479,-14,1,0,0,-63,0
1568,479,-14,1,0,0,-63,0
1569,479,-14,1,0,0,-63,0
1570,479,-14,1,0,0,-63,0
1571,479,-14,1,0,0,-63,0
1572,479,-14,1,0,0,-63,0
1573,479,-14,1,0,0,-63,0
1574,479,-14,1,0,0,-63,0
1575,479,-14,1,0,0,-63,0
1576,479,-14,1,0,0,-63,0
1577,479,-14,1,0,0,-63,0
1578,479,-14,1,0,0,-63,0
1579,479,-14,1,0,0,-63,0
1580,479,-14,1,0,0,-63,0
1581,479,-14,1,0,0,-63,0
1582,479,-14,1,0,0,-63,0
1583,479,-14,1,0,0,-63,0
1584,479,-14,1,0,0,-63,0
1585,479,-14,1,0,0,-63,0
1586,479,-14,1,0,0,-63,0
1587,479,-14,1,0,0,-63,0
1588,479,-14,1,0,0,-63,0
1589,479,-14,1,0,0,-63,0
1590,479,-14,1,0,0,-63,0
1591,479,-14,1,0,0,-63,0
1592,479,-14,1,0,0,-63,0
1593,479,-14,1,0,0,-63,0
1594,479,-14,1,0,0,-63,0
1595,479,-14,1,0,0,-63,0
1596,479,-14,1,0,0,-63,0
1597,479,-14,1,0,0,-63,0
1598,479,-14,1,0,0,-63,0
1599,479,-14,1,0,0,-63,0
1600,479,-14,1,0,0,-63,0
1601,479,-14,1,0,0,-63,0
1602,479,-14,1,0,0,-63,0
1603,479,-14,1,0,0,-63,0
1604,479,-14,1,0,0,-63,0
1605,479,-14,1,0,0,-63,0
1606,479,-14,1,0,0,-63,0
1607,479,-14,1,0,0,-63,0
1608,479,-14,1,0,0,-63,0
1609,479,-14,1,0,0,-63,0
1610,479,-14,1,0,0,-63,0
1611,479,-14,1,0,0,-63,0
1612,479,-14,1,0,0,-63,0
1613,479,-14,1,0,0,-63,0
1614,479,-14,1,0,0,-63,0
1615,479,-14,1,0,0,-63,0
1616,479,-14,1,0,0,-63,0
1617,479,-14,1,0,0,-63,0
1618,479,-14,1,0,0,-63,0
1619,479,-14,1,0,0,-63,0
1620,479,-14,1,0,0,-63,0
1621,479,-14,1,0,0,-63,0
1622,479,-14,1,0,0,-63,0
1623,479,-14,1,0,0,-63,0
1624,479,-14,1,0,0,-63,0
1625,479,-14,1,0,0,-63,0
1626,479,-14,1,0,0,-63,0
1627,479,-14,1,0,0,-63,0
1628,479,-14,1,0,0,-63,0
1629,479,-14,1,0,0,-63,0
1630,479,-14,1,0,0,-63,0
1631,479,-14,1,0,0,-63,0
1632,479,-14,1,0,0,-63,0
1633,479,-14,1,0,0,-63,0
1634,479,-14,1,0,0,-63,0
1635,479,-14,1,0,0,-63,0
1636,479,-14,1,0,0,-63,0
1637,479,-14,1,0,0,-63,0
1638,479,-14,1,0,0,-63,0
1639,479,-14,1,0,0,-63,0
1640,479,-14,1,0,0,-63,0
1641,479,-14,1,0,0,-63,0
1642,479,-14,1,0,0,-63,0
1643,479,-14,1,0,0,-63,0
1644,479,-14,1,0,0,-63,0
1645,479,-14,1,0,0,-63,0
1646,479,-14,1,0,0,-63,0
1647,479,-14,1,0,0,-63,0
1648,479,-14,1,0,0,-63,0
1649,479,-14,1,0,0,-63,0
1650,479,-14,1,0,0,-63,0
1651,479,-14,1,0,0,-63,0
1652,479,-14,1,0,0,-63,0
1653,479,-14,1,0,0,-63,0
1654,479,-14,1,0,0,-63,0
1655,479,-14,1,0,0,-63,0
1656,479,-14,1,0,0,-63,0
1657,479,-14,1,0,0,-63,0
1658,479,-14,1,0,0,-63,0
1659,479,-14,1,0,0,-63,0
1660,479,-14,1,0,0,-63,0
1661,479,-14,1,0,0,-63,0
1662,479,-14,1,0,0,-63,0
1663,479,-14,1,0,0,-63,0
1664,479,-14,1,0,0,-63,0
1665,479,-14,1,0,0,-63,0
1666,479,-14,1,0,0,-63,0
1667,479,-14,1,0,0,-63,0
1668,479,-14,1,0,0,-63,0
1669,479,-14,1,0,0,-63,0
1670,479,-14,1,0,0,-63,0
1671,479,-14,1,0,0,-63,0
1672,479,-14,1,0,0,-63,0
1673,479,-14,1,0,0,-63,0
1674,479,-14,1,0,0,-63,0
1675,479,-14,1,0,0,-63,0
1676,479,-14,1,0,0,-63,0
1677,479,-14,1,0,0,-63,0
1678,479,-14,1,0,0,-63,0
1679,479,-14,1,0,0,-63,0
1680,479,-14,1,0,0,-63,0
1681,479,-14,1,0,0,-63,0
1682,479,-14,1,0,0,-63,0
1683,479,-14,1,0,0,-63,0
1684,479,-14,1,0,0,-63,0
1685,479,-14,1,0,0,-63,0
1686,479,-14,1,0,0,-63,0
1687,479,-14,1,0,0,-63,0
1688,479,-14,1,0,0,-63,0
1689,479,-14,1,0,0,-63,0
1690,479,-14,1,0,0,-63,0
1691,479,-14,1,0,0,-63,0
1692,479,-14,1,0,0,-63,0
1693,479,-14,1,0,0,-63,0
1694,479,-14,1,0,0,-63,0
1695,479,-14,1,0,0,-63,0
1696,479,-14,1,0,0,-63,0
1697,479,-14,1,0,0,-63,0
1698,479,-14,1,0,0,-63,0
1699,479,-14,1,0,0,-63,0
1700,479,-14,1,0,0,-63,0
1701,479,-14,1,0,0,-63,0
1702,479,-14,1,0,0,-63,0
1703,479,-14,1,0,0,-63,0
1704,479,-14,1,0,0,-63,0
1705,479,-14,1,0,0,-63,0
1706,479,-14,1,0,0,-63,0
1707,479,-14,1,0,0,-63,0
1708,479,-14,1,0,0,-63,0
