t,x,y,fh,fv,r,s,frame:
0,456,237,0,0,0,-98,0
1,456,237,0,0,0,-98,0
2,456,237,0,0,0,-98,0
3,456,237,0,0,0,-98,0
4,456,237,0,0,0,-98,0
5,456,237,0,0,0,-98,0
6,456,237,0,0,0,-98,0
7,456,237,0,0,0,-98,0
8,456,237,0,0,0,-98,0
9,456,237,0,0,0,-98,0
10,456,237,0,0,0,-98,0
11,456,237,0,0,0,-98,0
12,456,237,0,0,0,-98,0
13,456,237,0,0,0,-98,0
14,456,237,0,0,0,-98,0
15,456,237,0,0,0,-98,0
16,456,237,0,0,0,-98,0
17,456,237,0,0,0,-98,0
18,456,237,0,0,0,-98,0
19,456,237,0,0,0,-98,0
20,456,237,0,0,0,-98,0
21,456,237,0,0,0,-98,0
22,456,237,0,0,0,-98,0
23,456,237,0,0,0,-98,0
24,456,237,0,0,0,-98,0
25,456,237,0,0,0,-98,0
26,456,237,0,0,0,-98,0
27,456,237,0,0,0,-98,0
28,456,237,0,0,0,-98,0
29,456,237,0,0,0,-98,0
30,456,237,0,0,0,-98,0
31,456,237,0,0,0,-98,0
32,456,237,0,0,0,-98,0
33,456,237,0,0,0,-98,0
34,456,237,0,0,0,-98,0
35,456,237,0,0,0,-98,0
36,456,237,0,0,0,-98,0
37,456,237,0,0,0,-98,0
38,456,237,0,0,0,-98,0
39,456,237,0,0,0,-98,0
40,456,237,0,0,0,-98,0
41,456,237,0,0,0,-98,0
42,456,237,0,0,0,-98,0
43,456,237,0,0,0,-98,0
44,456,237,0,0,0,-98,0
45,456,237,0,0,0,-98,0
46,456,237,0,0,0,-98,0
47,456,237,0,0,0,-98,0
48,456,237,0,0,0,-98,0
49,456,237,0,0,0,-98,0
50,456,237,0,0,0,-98,0
51,456,237,0,0,0,-98,0
52,456,237,0,0,0,-98,0
53,456,237,0,0,0,-98,0
54,456,237,0,0,0,-98,0
55,456,237,0,0,0,-98,0
56,456,237,0,0,0,-98,0
57,456,237,0,0,0,-98,0
58,456,237,0,0,0,-98,0
59,456,237,0,0,0,-98,0
60,456,237,0,0,0,-98,0
61,456,237,0,0,0,-98,0
62,456,237,0,0,0,-98,0
63,456,237,0,0,0,-98,0
64,456,237,0,0,0,-98,0
65,456,237,0,0,0,-98,0
66,456,237,0,0,0,-98,0
67,456,237,0,0,0,-98,0
68,456,237,0,0,0,-98,0
69,456,237,0,0,0,-98,0
70,456,237,0,0,0,-98,0
71,456,237,0,0,0,-98,0
72,456,237,0,0,0,-98,0
73,456,237,0,0,0,-98,0
74,456,237,0,0,0,-98,0
75,456,237,0,0,0,-98,0
76,456,237,0,0,0,-98,0
77,456,237,0,0,0,-98,0
78,456,237,0,0,0,-98,0
79,456,237,0,0,0,-98,0
80,456,237,0,0,0,-98,0
81,456,237,0,0,0,-98,0
82,456,237,0,0,0,-98,0
83,456,237,0,0,0,-98,0
84,456,237,0,0,0,-98,0
85,456,237,0,0,0,-98,0
86,456,237,0,0,0,-98,0
87,456,237,0,0,0,-98,0
88,456,237,0,0,0,-98,0
89,456,237,0,0,0,-98,0
90,456,237,0,0,0,-98,0
91,456,237,0,0,0,-98,0
92,456,237,0,0,0,-98,0
93,456,237,0,0,0,-98,0
94,456,237,0,0,0,-98,0
95,456,237,0,0,0,-98,0
96,456,237,0,0,0,-98,0
97,456,237,0,0,0,-98,0
98,456,237,0,0,0,-98,0
99,456,237,0,0,0,-98,0
100,456,237,0,0,0,-98,0
101,456,237,0,0,0,-98,0
102,456,237,0,0,0,-98,0
103,456,237,0,0,0,-98,0
104,456,237,0,0,0,-98,0
105,456,237,0,0,0,-98,0
106,456,237,0,0,0,-98,0
107,456,237,0,0,0,-98,0
108,456,237,0,0,0,-98,0
109,456,237,0,0,0,-98,0
110,456,237,0,0,0,-98,0
111,456,237,0,0,0,-98,0
112,456,237,0,0,0,-98,0
113,456,237,0,0,0,-98,0
114,456,237,0,0,0,-98,0
115,456,237,0,0,0,-98,0
116,456,237,0,0,0,-98,0
117,456,237,0,0,0,-98,0
118,456,237,0,0,0,-98,0
119,456,237,0,0,0,-98,0
120,456,237,0,0,0,-98,0
121,456,237,0,0,0,-98,0
122,456,237,0,0,0,-98,0
123,456,237,0,0,0,-98,0
124,456,237,0,0,0,-98,0
125,456,237,0,0,0,-98,0
126,456,237,0,0,0,-98,0
127,456,237,0,0,0,-98,0
128,456,237,0,0,0,-98,0
129,456,237,0,0,0,-98,0
130,456,237,0,0,0,-98,0
131,456,237,0,0,0,-98,0
132,456,237,0,0,0,-98,0
133,456,237,0,0,0,-98,0
134,456,237,0,0,0,-98,0
135,456,237,0,0,0,-98,0
136,456,237,0,0,0,-98,0
137,456,237,0,0,0,-98,0
138,456,237,0,0,0,-98,0
139,456,237,0,0,0,-98,0
140,456,237,0,0,0,-98,0
141,456,237,0,0,0,-98,0
142,456,237,0,0,0,-98,0
143,456,237,0,0,0,-98,0
144,456,237,0,0,0,-98,0
145,456,237,0,0,0,-98,0
146,456,237,0,0,0,-98,0
147,456,237,0,0,0,-98,0
148,456,237,0,0,0,-98,0
149,456,237,0,0,0,-98,0
150,456,237,0,0,0,-98,0
151,456,237,0,0,0,-98,0
152,456,237,0,0,0,-98,0
153,456,237,0,0,0,-98,0
154,456,237,0,0,0,-98,0
155,456,237,0,0,0,-98,0
156,456,237,0,0,0,-98,0
157,456,237,0,0,0,-98,0
158,456,237,0,0,0,-98,0
159,456,237,0,0,0,-98,0
160,456,237,0,0,0,-98,0
161,456,237,0,0,0,-98,0
162,456,237,0,0,0,-98,0
163,456,237,0,0,0,-98,0
164,456,237,0,0,0,-98,0
165,456,237,0,0,0,-98,0
166,456,237,0,0,0,-98,0
167,456,237,0,0,0,-98,0
168,456,237,0,0,0,-98,0
169,456,237,0,0,0,-98,0
170,456,237,0,0,0,-98,0
171,456,237,0,0,0,-98,0
172,456,237,0,0,0,-98,0
173,456,237,0,0,0,-98,0
174,456,237,0,0,0,-98,0
175,456,237,0,0,0,-98,0
176,456,237,0,0,0,-98,0
177,456,237,0,0,0,-98,0
178,456,237,0,0,0,-98,0
179,456,237,0,0,0,-98,0
180,456,237,0,0,0,-98,0
181,456,237,0,0,0,-98,0
182,456,237,0,0,0,-98,0
183,456,237,0,0,0,-98,0
184,456,237,0,0,0,-98,0
185,456,237,0,0,0,-98,0
186,456,237,0,0,0,-98,0
187,456,237,0,0,0,-98,0
188,456,237,0,0,0,-98,0
189,456,237,0,0,0,-98,0
190,456,237,0,0,0,-98,0
191,456,237,0,0,0,-98,0
192,456,237,0,0,0,-98,0
193,456,237,0,0,0,-98,0
194,456,237,0,0,0,-98,0
195,456,237,0,0,0,-98,0
196,456,237,0,0,0,-98,0
197,456,237,0,0,0,-98,0
198,456,237,0,0,0,-98,0
199,456,237,0,0,0,-98,0
200,456,237,0,0,0,-98,0
201,456,237,0,0,0,-98,0
202,456,237,0,0,0,-98,0
203,456,237,0,0,0,-98,0
204,456,237,0,0,0,-98,0
205,456,237,0,0,0,-98,0
206,456,237,0,0,0,-98,0
207,456,237,0,0,0,-98,0
208,456,237,0,0,0,-98,0
209,456,237,0,0,0,-98,0
210,456,237,0,0,0,-98,0
211,456,237,0,0,0,-98,0
212,456,237,0,0,0,-98,0
213,456,237,0,0,0,-98,0
214,456,237,0,0,0,-98,0
215,456,237,0,0,0,-98,0
216,456,237,0,0,0,-98,0
217,456,237,0,0,0,-98,0
218,456,237,0,0,0,-98,0
219,456,237,0,0,0,-98,0
220,456,237,0,0,0,-98,0
221,456,237,0,0,0,-98,0
222,456,237,0,0,0,-98,0
223,456,237,0,0,0,-98,0
224,456,237,0,0,0,-98,0
225,456,237,0,0,0,-98,0
226,456,237,0,0,0,-98,0
227,456,237,0,0,0,-98,0
228,456,237,0,0,0,-98,0
229,456,237,0,0,0,-98,0
230,456,237,0,0,0,-98,0
231,456,237,0,0,0,-98,0
232,456,237,0,0,0,-98,0
233,456,237,0,0,0,-98,0
234,456,237,0,0,0,-98,0
235,456,237,0,0,0,-98,0
236,456,237,0,0,0,-98,0
237,456,237,0,0,0,-98,0
238,456,237,0,0,0,-98,0
239,456,237,0,0,0,-98,0
240,456,237,0,0,0,-98,0
241,456,237,0,0,0,-98,0
242,456,237,0,0,0,-98,0
243,456,237,0,0,0,-98,0
244,456,237,0,0,0,-98,0
245,456,237,0,0,0,-98,0
246,456,237,0,0,0,-98,0
247,456,237,0,0,0,-98,0
248,456,237,0,0,0,-98,0
249,456,237,0,0,0,-98,0
250,456,237,0,0,0,-98,0
251,456,237,0,0,0,-98,0
252,456,237,0,0,0,-98,0
253,456,237,0,0,0,-98,0
254,456,237,0,0,0,-98,0
255,456,237,0,0,0,-98,0
256,456,237,0,0,0,-98,0
257,456,237,0,0,0,-98,0
258,456,237,0,0,0,-98,0
259,456,237,0,0,0,-98,0
260,456,237,0,0,0,-98,0
261,456,237,0,0,0,-98,0
262,456,237,0,0,0,-98,0
263,456,237,0,0,0,-98,0
264,456,237,0,0,0,-98,0
265,456,237,0,0,0,-98,0
266,456,237,0,0,0,-98,0
267,456,237,0,0,0,-98,0
268,456,237,0,0,0,-98,0
269,456,237,0,0,0,-98,0
270,456,237,0,0,0,-98,0
271,456,237,0,0,0,-98,0
272,456,237,0,0,0,-98,0
273,456,237,0,0,0,-98,0
274,456,237,0,0,0,-98,0
275,456,237,0,0,0,-98,0
276,456,237,0,0,0,-98,0
277,456,237,0,0,0,-98,0
278,456,237,0,0,0,-98,0
279,456,237,0,0,0,-98,0
280,456,237,0,0,0,-98,0
281,456,237,0,0,0,-98,0
282,456,237,0,0,0,-98,0
283,456,237,0,0,0,-98,0
284,456,237,0,0,0,-98,0
285,456,237,0,0,0,-98,0
286,456,237,0,0,0,-98,0
287,456,237,0,0,0,-98,0
288,456,237,0,0,0,-98,0
289,456,237,0,0,0,-98,0
290,456,237,0,0,0,-98,0
291,456,237,0,0,0,-98,0
292,456,237,0,0,0,-98,0
293,456,237,0,0,0,-98,0
294,456,237,0,0,0,-98,0
295,456,237,0,0,0,-98,0
296,456,237,0,0,0,-98,0
297,456,237,0,0,0,-98,0
298,456,237,0,0,0,-98,0
299,456,237,0,0,0,-98,0
300,456,237,0,0,0,-98,0
301,456,237,0,0,0,-98,0
302,456,237,0,0,0,-98,0
303,456,237,0,0,0,-98,0
304,456,237,0,0,0,-98,0
305,456,237,0,0,0,-98,0
306,456,237,0,0,0,-98,0
307,456,237,0,0,0,-98,0
308,456,237,0,0,0,-98,0
309,456,237,0,0,0,-98,0
310,456,237,0,0,0,-98,0
311,456,237,0,0,0,-98,0
312,456,237,0,0,0,-98,0
313,456,237,0,0,0,-98,0
314,456,237,0,0,0,-98,0
315,456,237,0,0,0,-98,0
316,456,237,0,0,0,-98,0
317,456,237,0,0,0,-98,0
318,456,237,0,0,0,-98,0
319,456,237,0,0,0,-98,0
320,456,237,0,0,0,-98,0
321,456,237,0,0,0,-98,0
322,456,237,0,0,0,-98,0
323,456,237,0,0,0,-98,0
324,456,237,0,0,0,-98,0
325,456,237,0,0,0,-98,0
326,456,237,0,0,0,-98,0
327,456,237,0,0,0,-98,0
328,456,237,0,0,0,-98,0
329,456,237,0,0,0,-98,0
330,456,237,0,0,0,-98,0
331,456,237,0,0,0,-98,0
332,456,237,0,0,0,-98,0
333,456,237,0,0,0,-98,0
334,456,237,0,0,0,-98,0
335,456,237,0,0,0,-98,0
336,456,237,0,0,0,-98,0
337,456,237,0,0,0,-98,0
338,456,237,0,0,0,-98,0
339,456,237,0,0,0,-98,0
340,456,237,0,0,0,-98,0
341,456,237,0,0,0,-98,0
342,456,237,0,0,0,-98,0
343,456,237,0,0,0,-98,0
344,456,237,0,0,0,-98,0
345,456,237,0,0,0,-98,0
346,456,237,0,0,0,-98,0
347,456,237,0,0,0,-98,0
348,456,237,0,0,0,-98,0
349,456,237,0,0,0,-98,0
350,456,237,0,0,0,-98,0
351,456,237,0,0,0,-98,0
352,456,237,0,0,0,-98,0
353,456,237,0,0,0,-98,0
354,456,237,0,0,0,-98,0
355,456,237,0,0,0,-98,0
356,456,237,0,0,0,-98,0
357,456,237,0,0,0,-98,0
358,456,237,0,0,0,-98,0
359,456,237,0,0,0,-98,0
360,456,237,0,0,0,-98,0
361,456,237,0,0,0,-98,0
362,456,237,0,0,0,-98,0
363,456,237,0,0,0,-98,0
364,456,237,0,0,0,-98,0
365,456,237,0,0,0,-98,0
366,456,237,0,0,0,-98,0
367,456,237,0,0,0,-98,0
368,456,237,0,0,0,-98,0
369,456,237,0,0,0,-98,0
370,456,237,0,0,0,-98,0
371,456,237,0,0,0,-98,0
372,456,237,0,0,0,-98,0
373,456,237,0,0,0,-98,0
374,456,237,0,0,0,-98,0
375,456,237,0,0,0,-98,0
376,456,237,0,0,0,-98,0
377,456,237,0,0,0,-98,0
378,456,237,0,0,0,-98,0
379,456,237,0,0,0,-98,0
380,456,237,0,0,0,-98,0
381,456,237,0,0,0,-98,0
382,456,237,0,0,0,-98,0
383,456,237,0,0,0,-98,0
384,456,237,0,0,0,-98,0
385,456,237,0,0,0,-98,0
386,456,237,0,0,0,-98,0
387,456,237,0,0,0,-98,0
388,456,237,0,0,0,-98,0
389,456,237,0,0,0,-98,0
390,456,237,0,0,0,-98,0
391,456,237,0,0,0,-98,0
392,456,237,0,0,0,-98,0
393,456,237,0,0,0,-98,0
394,456,237,0,0,0,-98,0
395,456,237,0,0,0,-98,0
396,456,237,0,0,0,-98,0
397,456,237,0,0,0,-98,0
398,456,237,0,0,0,-98,0
399,456,237,0,0,0,-98,0
400,456,237,0,0,0,-98,0
401,456,237,0,0,0,-98,0
402,456,237,0,0,0,-98,0
403,456,237,0,0,0,-98,0
404,456,237,0,0,0,-98,0
405,456,237,0,0,0,-98,0
406,456,237,0,0,0,-98,0
407,456,237,0,0,0,-98,0
408,456,237,0,0,0,-98,0
409,456,237,0,0,0,-98,0
410,456,237,0,0,0,-98,0
411,456,237,0,0,0,-98,0
412,456,237,0,0,0,-98,0
413,456,237,0,0,0,-98,0
414,456,237,0,0,0,-98,0
415,456,237,0,0,0,-98,0
416,456,237,0,0,0,-98,0
417,456,237,0,0,0,-98,0
418,456,237,0,0,0,-98,0
419,456,237,0,0,0,-98,0
420,456,237,0,0,0,-98,0
421,456,237,0,0,0,-98,0
422,456,237,0,0,0,-98,0
423,456,237,0,0,0,-98,0
424,456,237,0,0,0,-98,0
425,456,237,0,0,0,-98,0
426,456,237,0,0,0,-98,0
427,456,237,0,0,0,-98,0
428,456,237,0,0,0,-98,0
429,456,237,0,0,0,-98,0
430,456,237,0,0,0,-98,0
431,456,237,0,0,0,-98,0
432,456,237,0,0,0,-98,0
433,456,237,0,0,0,-98,0
434,456,237,0,0,0,-98,0
435,456,237,0,0,0,-98,0
436,456,237,0,0,0,-98,0
437,456,237,0,0,0,-98,0
438,456,237,0,0,0,-98,0
439,456,237,0,0,0,-98,0
440,456,237,0,0,0,-98,0
441,456,237,0,0,0,-98,0
442,456,237,0,0,0,-98,0
443,456,237,0,0,0,-98,0
444,456,237,0,0,0,-98,0
445,456,237,0,0,0,-98,0
446,456,237,0,0,0,-98,0
447,456,237,0,0,0,-98,0
448,456,237,0,0,0,-98,0
449,456,237,0,0,0,-98,0
450,456,237,0,0,0,-98,0
451,456,237,0,0,0,-98,0
452,456,237,0,0,0,-98,0
453,456,237,0,0,0,-98,0
454,456,237,0,0,0,-98,0
455,456,237,0,0,0,-98,0
456,456,237,0,0,0,-98,0
457,456,237,0,0,0,-98,0
458,456,237,0,0,0,-98,0
459,456,237,0,0,0,-98,0
460,456,237,0,0,0,-98,0
461,456,237,0,0,0,-98,0
462,456,237,0,0,0,-98,0
463,456,237,0,0,0,-98,0
464,456,237,0,0,0,-98,0
465,456,237,0,0,0,-98,0
466,456,237,0,0,0,-98,0
467,456,237,0,0,0,-98,0
468,456,237,0,0,0,-98,0
469,456,237,0,0,0,-98,0
470,456,237,0,0,0,-98,0
471,456,237,0,0,0,-98,0
472,456,237,0,0,0,-98,0
473,456,237,0,0,0,-98,0
474,456,237,0,0,0,-98,0
475,456,237,0,0,0,-98,0
476,456,237,0,0,0,-98,0
477,456,237,0,0,0,-98,0
478,456,237,0,0,0,-98,0
479,456,237,0,0,0,-98,0
480,456,237,0,0,0,-98,0
481,456,237,0,0,0,-98,0
482,456,237,0,0,0,-98,0
483,456,237,0,0,0,-98,0
484,456,237,0,0,0,-98,0
485,456,237,0,0,0,-98,0
486,456,237,0,0,0,-98,0
487,456,237,0,0,0,-42,2
488,456,237,0,0,0,-42,2
489,456,237,0,0,0,-42,2
490,456,237,0,0,0,-42,2
491,456,237,0,0,0,-42,2
492,456,237,0,0,0,-42,2
493,456,237,0,0,0,-42,2
494,456,237,0,0,0,-42,2
495,456,237,0,0,0,-42,2
496,456,237,0,0,0,-42,2
497,456,237,0,0,0,-42,2
498,456,237,0,0,0,-42,2
499,456,237,0,0,0,-42,2
500,456,237,0,0,0,-42,2
501,456,237,0,0,0,-42,2
502,456,237,0,0,0,-42,2
503,456,237,0,0,0,-42,2
504,456,237,0,0,0,-42,2
505,456,237,0,0,0,-42,2
506,456,237,0,0,0,-42,2
507,456,237,0,0,0,-42,2
508,456,237,0,0,0,-42,2
509,456,237,0,0,0,-42,2
510,456,237,0,0,0,-42,2
511,456,237,0,0,0,-42,2
512,456,237,0,0,0,-42,2
513,456,237,0,0,0,-42,2
514,456,237,0,0,0,-42,2
515,456,237,0,0,0,-42,2
516,456,237,0,0,0,-42,2
517,456,237,0,0,0,-42,2
518,456,237,0,0,0,-42,2
519,456,237,0,0,0,-42,2
520,456,237,0,0,0,-42,2
521,456,237,0,0,0,-42,2
522,456,237,0,0,0,-42,2
523,456,237,0,0,0,-42,2
524,456,237,0,0,0,-42,1
525,456,237,0,0,0,-42,1
526,456,237,0,0,0,-42,1
527,456,237,0,0,0,-42,1
528,456,237,0,0,0,-42,1
529,456,237,0,0,0,-42,1
530,456,237,0,0,0,-42,1
531,456,237,0,0,0,-42,1
532,456,237,0,0,0,-42,1
533,456,237,0,0,0,-42,1
534,456,237,0,0,0,-42,1
535,456,237,0,0,0,-42,1
536,456,237,0,0,0,-42,1
537,456,237,0,0,0,-42,1
538,456,237,0,0,0,-42,1
539,456,237,0,0,0,-42,1
540,456,237,0,0,0,-42,1
541,456,237,0,0,0,-42,1
542,456,237,0,0,0,-42,1
543,456,237,0,0,0,-42,1
544,456,237,0,0,0,-42,1
545,456,237,0,0,0,-42,1
546,456,237,0,0,0,-42,1
547,456,237,0,0,0,-42,1
548,456,237,0,0,0,-42,1
549,456,237,0,0,0,-42,1
550,456,237,0,0,0,-42,1
551,456,237,0,0,0,-42,1
552,456,237,0,0,0,-42,1
553,456,237,0,0,0,-42,1
554,456,237,0,0,0,-42,1
555,456,237,0,0,0,-42,1
556,456,237,0,0,0,-42,1
557,456,237,0,0,0,-42,1
558,456,237,0,0,0,-42,1
559,456,237,0,0,0,-42,1
560,456,237,0,0,0,-42,1
561,456,237,0,0,0,-42,1
562,456,237,0,0,0,-42,1
563,456,237,0,0,0,-42,1
564,456,237,0,0,0,-42,1
565,456,237,0,0,0,-42,1
566,456,237,0,0,0,-42,1
567,456,237,0,0,0,-42,1
568,456,237,0,0,0,-42,1
569,456,237,0,0,0,-42,1
570,456,237,0,0,0,-42,1
571,456,237,0,0,0,-42,1
572,456,237,0,0,0,-42,1
573,456,237,0,0,0,-42,1
574,456,237,0,0,0,-42,1
575,456,237,0,0,0,-42,1
576,456,237,0,0,0,-42,1
577,456,237,0,0,0,-42,1
578,456,237,0,0,0,-42,1
579,456,237,0,0,0,-42,1
580,456,237,0,0,0,-42,1
581,456,237,0,0,0,-42,1
582,456,237,0,0,0,-42,1
583,456,237,0,0,0,-42,1
584,456,237,0,0,0,-42,1
585,456,237,0,0,0,-42,1
586,456,237,0,0,0,-42,1
587,456,237,0,0,0,-42,1
588,456,237,0,0,0,-42,1
589,456,237,0,0,0,-42,1
590,456,237,0,0,0,-42,1
591,456,237,0,0,0,-42,1
592,456,237,0,0,0,-42,1
593,456,237,0,0,0,-42,1
594,456,237,0,0,0,-42,1
595,456,237,0,0,0,-42,1
596,456,237,0,0,0,-42,1
597,456,237,0,0,0,-42,1
598,456,237,0,0,0,-42,1
599,456,237,0,0,0,-42,1
600,456,237,0,0,0,-42,1
601,456,237,0,0,0,-42,1
602,456,237,0,0,0,-42,1
603,456,237,0,0,0,-42,1
604,456,237,0,0,0,-42,1
605,456,237,0,0,0,-42,1
606,456,237,0,0,0,-42,1
607,456,237,0,0,0,-42,1
608,456,237,0,0,0,-42,1
609,456,237,0,0,0,-42,1
610,456,237,0,0,0,-42,1
611,456,237,0,0,0,-42,1
612,456,237,0,0,0,-42,1
613,456,237,0,0,0,-42,1
614,456,237,0,0,0,-42,1
615,456,237,0,0,0,-42,1
616,456,237,0,0,0,-42,1
617,456,237,0,0,0,-42,1
618,456,237,0,0,0,-42,1
619,456,237,0,0,0,-42,1
620,456,237,0,0,0,-42,1
621,456,237,0,0,0,-42,1
622,456,237,0,0,0,-42,1
623,456,237,0,0,0,-42,1
624,456,237,0,0,0,-42,1
625,456,237,0,0,0,-42,1
626,456,237,0,0,0,-42,1
627,456,237,0,0,0,-42,1
628,456,237,0,0,0,-42,1
629,456,237,0,0,0,-42,1
630,456,237,0,0,0,-42,1
631,456,237,0,0,0,-42,1
632,456,237,0,0,0,-42,1
633,456,237,0,0,0,-42,1
634,456,237,0,0,0,-42,1
635,456,237,0,0,0,-42,1
636,456,237,0,0,0,-42,1
637,456,237,0,0,0,-42,1
638,456,237,0,0,0,-42,1
639,456,237,0,0,0,-42,1
640,456,237,0,0,0,-42,1
641,456,237,0,0,0,-42,1
642,456,237,0,0,0,-42,1
643,456,237,0,0,0,-42,1
644,456,237,0,0,0,-42,1
645,456,237,0,0,0,-42,1
646,456,237,0,0,0,-42,1
647,456,237,0,0,0,-42,1
648,456,237,0,0,0,-42,1
649,456,237,0,0,0,-42,1
650,456,237,0,0,0,-42,1
651,456,237,0,0,0,-42,1
652,456,237,0,0,0,-42,1
653,456,237,0,0,0,-42,1
654,456,237,0,0,0,-42,1
655,456,237,0,0,0,-42,1
656,456,237,0,0,0,-42,1
657,456,237,0,0,0,-42,1
658,456,237,0,0,0,-42,1
659,456,237,0,0,0,-42,1
660,456,237,0,0,0,-42,1
661,456,237,0,0,0,-42,1
662,456,237,0,0,0,-42,1
663,456,237,0,0,0,-42,1
664,456,237,0,0,0,-42,1
665,456,237,0,0,0,-42,1
666,456,237,0,0,0,-42,1
667,456,237,0,0,0,-42,1
668,456,237,0,0,0,-42,1
669,456,237,0,0,0,-42,1
670,456,237,0,0,0,-42,1
671,456,237,0,0,0,-42,1
672,456,237,0,0,0,-42,1
673,456,237,0,0,0,-42,1
674,456,237,0,0,0,-42,1
675,456,237,0,0,0,-42,1
676,456,237,0,0,0,-42,1
677,456,237,0,0,0,-42,1
678,456,237,0,0,0,-42,1
679,456,237,0,0,0,-42,1
680,456,237,0,0,0,-42,1
681,456,237,0,0,0,-42,1
682,456,237,0,0,0,-42,1
683,456,237,0,0,0,-42,1
684,456,237,0,0,0,-42,1
685,456,237,0,0,0,-42,1
686,456,237,0,0,0,-42,1
687,456,237,0,0,0,-42,1
688,456,237,0,0,0,-42,1
689,456,237,0,0,0,-42,1
690,456,237,0,0,0,-42,1
691,456,237,0,0,0,-42,1
692,456,237,0,0,0,-42,1
693,456,237,0,0,0,-42,1
694,456,237,0,0,0,-42,1
695,456,237,0,0,0,-42,1
696,456,237,0,0,0,-42,1
697,456,237,0,0,0,-42,1
698,456,237,0,0,0,-42,1
699,456,237,0,0,0,-42,1
700,456,237,0,0,0,-42,1
701,456,237,0,0,0,-42,1
702,456,237,0,0,0,-42,1
703,456,237,0,0,0,-42,1
704,456,237,0,0,0,-42,1
705,456,237,0,0,0,-42,1
706,456,237,0,0,0,-42,1
707,456,237,0,0,0,-42,1
708,456,237,0,0,0,-42,1
709,456,237,0,0,0,-42,1
710,456,237,0,0,0,-42,1
711,456,237,0,0,0,-42,1
712,456,237,0,0,0,-42,1
713,456,237,0,0,0,-42,1
714,456,237,0,0,0,-42,1
715,456,237,0,0,0,-42,1
716,456,237,0,0,0,-42,1
717,456,237,0,0,0,-42,1
718,456,237,0,0,0,-42,1
719,456,237,0,0,0,-42,1
720,456,237,0,0,0,-42,1
721,456,237,0,0,0,-42,1
722,456,237,0,0,0,-42,1
723,456,237,0,0,0,-42,1
724,456,237,0,0,0,-42,1
725,456,237,0,0,0,-42,1
726,456,237,0,0,0,-42,1
727,456,237,0,0,0,-42,1
728,456,237,0,0,0,-42,1
729,456,237,0,0,0,-42,1
730,456,237,0,0,0,-42,1
731,456,237,0,0,0,-42,1
732,456,237,0,0,0,-42,1
733,456,237,0,0,0,-42,1
734,456,237,0,0,0,-42,1
735,456,237,0,0,0,-42,1
736,456,237,0,0,0,-42,1
737,456,237,0,0,0,-42,1
738,456,237,0,0,0,-42,1
739,456,237,0,0,0,-42,1
740,456,237,0,0,0,-42,1
741,456,237,0,0,0,-42,1
742,456,237,0,0,0,-42,1
743,456,237,0,0,0,-42,1
744,456,237,0,0,0,-42,1
745,456,237,0,0,0,-42,1
746,456,237,0,0,0,-42,1
747,456,237,0,0,0,-42,1
748,456,237,0,0,0,-42,1
749,456,237,0,0,0,-42,1
750,456,237,0,0,0,-42,1
751,456,237,0,0,0,-42,1
752,456,237,0,0,0,-42,1
753,456,237,0,0,0,-42,1
754,456,237,0,0,0,-42,1
755,456,237,0,0,0,-42,1
756,456,237,0,0,0,-42,1
757,456,237,0,0,0,-42,1
758,456,237,0,0,0,-42,1
759,456,237,0,0,0,-42,1
760,456,237,0,0,0,-42,1
761,456,237,0,0,0,-42,1
762,456,237,0,0,0,-42,1
763,456,237,0,0,0,-42,1
764,456,237,0,0,0,-42,1
765,456,237,0,0,0,-42,1
766,456,237,0,0,0,-42,1
767,456,237,0,0,0,-42,1
768,456,237,0,0,0,-42,1
769,456,237,0,0,0,-42,1
770,456,237,0,0,0,-42,1
771,456,237,0,0,0,-42,1
772,456,237,0,0,0,-42,1
773,456,237,0,0,0,-42,1
774,456,237,0,0,0,-42,1
775,456,237,0,0,0,-42,1
776,456,237,0,0,0,-42,1
777,456,237,0,0,0,-42,1
778,456,237,0,0,0,-42,1
779,456,237,0,0,0,-42,1
780,456,237,0,0,0,-42,1
781,456,237,0,0,0,-42,1
782,456,237,0,0,0,-42,1
783,456,237,0,0,0,-42,1
784,456,237,0,0,0,-42,1
785,456,237,0,0,0,-42,1
786,456,237,0,0,0,-42,1
787,456,237,0,0,0,-42,1
788,456,237,0,0,0,-42,1
789,456,237,0,0,0,-42,1
790,456,237,0,0,0,-42,1
791,456,237,0,0,0,-42,1
792,456,237,0,0,0,-42,1
793,456,237,0,0,0,-42,1
794,456,237,0,0,0,-42,1
795,456,237,0,0,0,-42,1
796,456,237,0,0,0,-42,1
797,456,237,0,0,0,-42,1
798,456,237,0,0,0,-42,1
799,456,237,0,0,0,-42,1
800,456,237,0,0,0,-42,1
801,456,237,0,0,0,-42,1
802,456,237,0,0,0,-42,1
803,456,237,0,0,0,-42,1
804,456,237,0,0,0,-42,1
805,456,237,0,0,0,-42,1
806,456,237,0,0,0,-42,1
807,456,237,0,0,0,-42,1
808,456,237,0,0,0,-42,1
809,456,237,0,0,0,-42,1
810,456,237,0,0,0,-42,1
811,456,237,0,0,0,-42,1
812,456,237,0,0,0,-42,1
813,456,237,0,0,0,-42,1
814,456,237,0,0,0,-42,1
815,456,237,0,0,0,-42,1
816,456,237,0,0,0,-42,1
817,456,237,0,0,0,-42,1
818,456,237,0,0,0,-42,1
819,456,237,0,0,0,-42,1
820,456,237,0,0,0,-42,1
821,456,237,0,0,0,-42,1
822,456,237,0,0,0,-42,1
823,456,237,0,0,0,-42,1
824,456,237,0,0,0,-42,1
825,456,237,0,0,0,-42,1
826,456,237,0,0,0,-42,1
827,456,237,0,0,0,-42,1
828,456,237,0,0,0,-42,1
829,456,237,0,0,0,-42,1
830,456,237,0,0,0,-42,1
831,456,237,0,0,0,-42,1
832,456,237,0,0,0,-42,1
833,456,237,0,0,0,-42,1
834,456,237,0,0,0,-42,1
835,456,237,0,0,0,-42,1
836,456,237,0,0,0,-42,1
837,456,237,0,0,0,-42,1
838,456,237,0,0,0,-42,1
839,456,237,0,0,0,-42,1
840,456,237,0,0,0,-42,1
841,456,237,0,0,0,-42,1
842,456,237,0,0,0,-42,1
843,456,237,0,0,0,-42,1
844,456,237,0,0,0,-42,1
845,456,237,0,0,0,-42,1
846,456,237,0,0,0,-42,1
847,456,237,0,0,0,-42,1
848,456,237,0,0,0,-42,1
849,456,237,0,0,0,-42,1
850,456,237,0,0,0,-42,1
851,456,237,0,0,0,-42,1
852,456,237,0,0,0,-42,1
853,456,237,0,0,0,-42,1
854,456,237,0,0,0,-42,1
855,456,237,0,0,0,-42,1
856,456,237,0,0,0,-42,1
857,456,237,0,0,0,-42,1
858,456,237,0,0,0,-42,1
859,456,237,0,0,0,-42,1
860,456,237,0,0,0,-42,1
861,456,237,0,0,0,-42,1
862,456,237,0,0,0,-42,1
863,456,237,0,0,0,-42,1
864,456,237,0,0,0,-42,1
865,456,237,0,0,0,-42,1
866,456,237,0,0,0,-42,1
867,456,237,0,0,0,-42,1
868,456,237,0,0,0,-42,1
869,456,237,0,0,0,-42,1
870,456,237,0,0,0,-42,1
871,456,237,0,0,0,-42,1
872,456,237,0,0,0,-42,1
873,456,237,0,0,0,-42,1
874,456,237,0,0,0,-42,1
875,456,237,0,0,0,-42,1
876,456,237,0,0,0,-42,1
877,456,237,0,0,0,-42,1
878,456,237,0,0,0,-42,1
879,456,237,0,0,0,-42,1
880,456,237,0,0,0,-42,1
881,456,237,0,0,0,-42,1
882,456,237,0,0,0,-42,1
883,456,237,0,0,0,-42,1
884,456,237,0,0,0,-42,1
885,456,237,0,0,0,-42,1
886,456,237,0,0,0,-42,1
887,456,237,0,0,0,-42,1
888,456,237,0,0,0,-42,1
889,456,237,0,0,0,-42,1
890,456,237,0,0,0,-42,1
891,456,237,0,0,0,-42,1
892,456,237,0,0,0,-42,1
893,456,237,0,0,0,-42,1
894,456,237,0,0,0,-42,1
895,456,237,0,0,0,-42,1
896,456,237,0,0,0,-42,1
897,456,237,0,0,0,-42,1
898,456,237,0,0,0,-42,1
899,456,237,0,0,0,-42,1
900,456,237,0,0,0,-42,1
901,456,237,0,0,0,-42,1
902,456,237,0,0,0,-42,1
903,456,237,0,0,0,-42,1
904,456,237,0,0,0,-42,1
905,456,237,0,0,0,-42,1
906,456,237,0,0,0,-42,1
907,456,237,0,0,0,-42,1
908,456,237,0,0,0,-42,1
909,456,237,0,0,0,-42,1
910,456,237,0,0,0,-42,1
911,456,237,0,0,0,-42,1
912,456,237,0,0,0,-42,1
913,456,237,0,0,0,-42,1
914,456,237,0,0,0,-42,1
915,456,237,0,0,0,-42,1
916,456,237,0,0,0,-42,1
917,456,237,0,0,0,-42,1
918,456,237,0,0,0,-42,1
919,456,237,0,0,0,-42,1
920,456,237,0,0,0,-42,1
921,456,237,0,0,0,-42,1
922,456,237,0,0,0,-42,1
923,456,237,0,0,0,-42,1
924,456,237,0,0,0,-42,1
925,456,237,0,0,0,-42,1
926,456,237,0,0,0,-42,1
927,456,237,0,0,0,-42,1
928,456,237,0,0,0,-42,1
929,456,237,0,0,0,-42,1
930,456,237,0,0,0,-42,1
931,456,237,0,0,0,-42,1
932,456,237,0,0,0,-42,1
933,456,237,0,0,0,-42,1
934,456,237,0,0,0,-42,1
935,456,237,0,0,0,-42,1
936,456,237,0,0,0,-42,1
937,456,237,0,0,0,-42,1
938,456,237,0,0,0,-42,1
939,456,237,0,0,0,-42,1
940,456,237,0,0,0,-42,1
941,456,237,0,0,0,-42,1
942,456,237,0,0,0,-42,1
943,456,237,0,0,0,-42,1
944,456,237,0,0,0,-42,1
945,456,237,0,0,0,-42,1
946,456,237,0,0,0,-42,1
947,456,237,0,0,0,-42,1
948,456,237,0,0,0,-42,1
949,456,237,0,0,0,-42,1
950,456,237,0,0,0,-42,1
951,456,237,0,0,0,-42,1
952,456,237,0,0,0,-42,1
953,456,237,0,0,0,-42,1
954,456,237,0,0,0,-42,1
955,456,237,0,0,0,-42,1
956,456,237,0,0,0,-42,1
957,456,237,0,0,0,-42,1
958,456,237,0,0,0,-42,1
959,456,237,0,0,0,-42,1
960,456,237,0,0,0,-42,1
961,456,237,0,0,0,-42,1
962,456,237,0,0,0,-42,1
963,456,237,0,0,0,-42,1
964,456,237,0,0,0,-42,1
965,456,237,0,0,0,-42,1
966,456,237,0,0,0,-42,1
967,456,237,0,0,0,-42,1
968,456,237,0,0,0,-42,1
969,456,237,0,0,0,-42,1
970,456,237,0,0,0,-42,1
971,456,237,0,0,0,-42,1
972,456,237,0,0,0,-42,1
973,456,237,0,0,0,-42,1
974,456,237,0,0,0,-42,1
975,456,237,0,0,0,-42,1
976,456,237,0,0,0,-42,1
977,456,237,0,0,0,-42,1
978,456,237,0,0,0,-42,1
979,456,237,0,0,0,-42,1
980,456,237,0,0,0,-42,1
981,456,237,0,0,0,-42,1
982,456,237,0,0,0,-42,1
983,456,237,0,0,0,-42,1
984,456,237,0,0,0,-42,1
985,456,237,0,0,0,-42,1
986,456,237,0,0,0,-42,1
987,456,237,0,0,0,-42,1
988,456,237,0,0,0,-42,1
989,456,237,0,0,0,-42,1
990,456,237,0,0,0,-42,1
991,456,237,0,0,0,-42,1
992,456,237,0,0,0,-42,1
993,456,237,0,0,0,-42,1
994,456,237,0,0,0,-42,1
995,456,237,0,0,0,-42,1
996,456,237,0,0,0,-42,1
997,456,237,0,0,0,-42,1
998,456,237,0,0,0,-42,1
999,456,237,0,0,0,-42,1
1000,456,237,0,0,0,-42,1
1001,456,237,0,0,0,-42,1
1002,456,237,0,0,0,-42,1
1003,456,237,0,0,0,-42,1
1004,456,237,0,0,0,-42,1
1005,456,237,0,0,0,-42,1
1006,456,237,0,0,0,-42,1
1007,456,237,0,0,0,-42,1
1008,456,237,0,0,0,-42,1
1009,456,237,0,0,0,-42,1
1010,456,237,0,0,0,-42,1
1011,456,237,0,0,0,-42,1
1012,456,237,0,0,0,-42,1
1013,456,237,0,0,0,-42,1
1014,456,237,0,0,0,-42,1
1015,456,237,0,0,0,-42,1
1016,456,237,0,0,0,-42,1
1017,456,237,0,0,0,-42,1
1018,456,237,0,0,0,-42,1
1019,456,237,0,0,0,-42,1
1020,456,237,0,0,0,-42,1
1021,456,237,0,0,0,-42,1
1022,456,237,0,0,0,-42,1
1023,456,237,0,0,0,-42,1
1024,456,237,0,0,0,-42,1
1025,456,237,0,0,0,-42,1
1026,456,237,0,0,0,-42,1
1027,456,237,0,0,0,-42,1
1028,456,237,0,0,0,-42,1
1029,456,237,0,0,0,-42,1
1030,456,237,0,0,0,-42,1
1031,456,237,0,0,0,-42,1
1032,456,237,0,0,0,-42,1
1033,456,237,0,0,0,-42,1
1034,456,237,0,0,0,-42,1
1035,456,237,0,0,0,-42,1
1036,456,237,0,0,0,-42,1
1037,456,237,0,0,0,-42,1
1038,456,237,0,0,0,-42,1
1039,456,237,0,0,0,-42,1
1040,456,237,0,0,0,-42,1
1041,456,237,0,0,0,-42,1
1042,456,237,0,0,0,-42,1
1043,456,237,0,0,0,-42,1
1044,456,237,0,0,0,-42,1
1045,456,237,0,0,0,-42,1
1046,456,237,0,0,0,-42,1
1047,456,237,0,0,0,-42,1
1048,456,237,0,0,0,-42,1
1049,456,237,0,0,0,-42,1
1050,456,237,0,0,0,-42,1
1051,456,237,0,0,0,-42,1
1052,456,237,0,0,0,-42,1
1053,456,237,0,0,0,-42,1
1054,456,237,0,0,0,-42,1
1055,456,237,0,0,0,-42,1
1056,456,237,0,0,0,-42,1
1057,456,237,0,0,0,-42,1
1058,456,237,0,0,0,-42,1
1059,456,237,0,0,0,-42,1
1060,456,237,0,0,0,-42,1
1061,456,237,0,0,0,-42,1
1062,456,237,0,0,0,-42,1
1063,456,237,0,0,0,-42,1
1064,456,237,0,0,0,-42,1
1065,456,237,0,0,0,-42,1
1066,456,237,0,0,0,-42,1
1067,456,237,0,0,0,-42,1
1068,456,237,0,0,0,-42,1
1069,456,237,0,0,0,-42,1
1070,456,237,0,0,0,-42,1
1071,456,237,0,0,0,-42,1
1072,456,237,0,0,0,-42,1
1073,456,237,0,0,0,-42,1
1074,456,237,0,0,0,-42,1
1075,456,237,0,0,0,-42,1
1076,456,237,0,0,0,-42,1
1077,456,237,0,0,0,-42,1
1078,456,237,0,0,0,-42,1
1079,456,237,0,0,0,-42,1
1080,456,237,0,0,0,-42,1
1081,456,237,0,0,0,-42,1
1082,456,237,0,0,0,-42,1
1083,456,237,0,0,0,-42,1
1084,456,237,0,0,0,-42,1
1085,456,237,0,0,0,-42,1
1086,456,237,0,0,0,-42,1
1087,456,237,0,0,0,-42,1
1088,456,237,0,0,0,-42,1
1089,456,237,0,0,0,-42,1
1090,456,237,0,0,0,-42,1
1091,456,237,0,0,0,-42,1
1092,456,237,0,0,0,-42,1
1093,456,237,0,0,0,-42,1
1094,456,237,0,0,0,-42,1
1095,456,237,0,0,0,-42,1
1096,456,237,0,0,0,-42,1
1097,456,237,0,0,0,-42,1
1098,456,237,0,0,0,-42,1
1099,456,237,0,0,0,-42,1
1100,456,237,0,0,0,-42,1
1101,456,237,0,0,0,-42,1
1102,456,237,0,0,0,-42,1
1103,456,237,0,0,0,-42,1
1104,456,237,0,0,0,-42,1
1105,456,237,0,0,0,-42,1
1106,456,237,0,0,0,-42,1
1107,456,237,0,0,0,-42,1
1108,456,237,0,0,0,-42,1
1109,456,237,0,0,0,-42,1
1110,456,237,0,0,0,-42,1
1111,456,237,0,0,0,-42,1
1112,456,237,0,0,0,-42,1
1113,456,237,0,0,0,-42,1
1114,456,237,0,0,0,-42,1
1115,456,237,0,0,0,-42,1
1116,456,237,0,0,0,-42,1
1117,456,237,0,0,0,-42,1
1118,456,237,0,0,0,-42,1
1119,456,237,0,0,0,-42,1
1120,456,237,0,0,0,-42,1
1121,456,237,0,0,0,-42,1
1122,456,237,0,0,0,-42,1
1123,456,237,0,0,0,-42,1
1124,456,237,0,0,0,-42,1
1125,456,237,0,0,0,-42,1
1126,456,237,0,0,0,-42,1
1127,456,237,0,0,0,-42,1
1128,456,237,0,0,0,-42,1
1129,456,237,0,0,0,-42,1
1130,456,237,0,0,0,-42,1
1131,456,237,0,0,0,-42,1
1132,456,237,0,0,0,-42,1
1133,456,237,0,0,0,-42,1
1134,456,237,0,0,0,-42,1
1135,456,237,0,0,0,-42,1
1136,456,237,0,0,0,-42,1
1137,456,237,0,0,0,-42,1
1138,456,237,0,0,0,-42,1
1139,456,237,0,0,0,-42,1
1140,456,237,0,0,0,-42,1
1141,456,237,0,0,0,-42,1
1142,456,237,0,0,0,-42,1
1143,456,237,0,0,0,-42,1
1144,456,237,0,0,0,-42,1
1145,456,237,0,0,0,-42,1
1146,456,237,0,0,0,-42,1
1147,456,237,0,0,0,-42,1
1148,456,237,0,0,0,-42,1
1149,456,237,0,0,0,-42,1
1150,456,237,0,0,0,-42,1
1151,456,237,0,0,0,-42,1
1152,456,237,0,0,0,-42,1
1153,456,237,0,0,0,-42,1
1154,456,237,0,0,0,-42,1
1155,456,237,0,0,0,-42,1
1156,456,237,0,0,0,-42,1
1157,456,237,0,0,0,-42,1
1158,456,237,0,0,0,-42,1
1159,456,237,0,0,0,-42,1
1160,456,237,0,0,0,-42,1
1161,456,237,0,0,0,-42,1
1162,456,237,0,0,0,-42,1
1163,456,237,0,0,0,-42,1
1164,456,237,0,0,0,-42,1
1165,456,237,0,0,0,-42,1
1166,456,237,0,0,0,-42,1
1167,456,237,0,0,0,-42,1
1168,456,237,0,0,0,-42,1
1169,456,237,0,0,0,-42,1
1170,456,237,0,0,0,-42,1
1171,456,237,0,0,0,-42,1
1172,456,237,0,0,0,-42,1
1173,456,237,0,0,0,-42,1
1174,456,237,0,0,0,-42,1
1175,456,237,0,0,0,-42,1
1176,456,237,0,0,0,-42,1
1177,456,237,0,0,0,-42,1
1178,456,237,0,0,0,-42,1
1179,456,237,0,0,0,-42,1
1180,456,237,0,0,0,-42,1
1181,456,237,0,0,0,-42,1
1182,456,237,0,0,0,-42,1
1183,456,237,0,0,0,-42,1
1184,456,237,0,0,0,-42,1
1185,456,237,0,0,0,-42,1
1186,456,237,0,0,0,-42,1
1187,456,237,0,0,0,-42,1
1188,456,237,0,0,0,-42,1
1189,456,237,0,0,0,-42,1
1190,456,237,0,0,0,-42,1
1191,456,237,0,0,0,-42,1
1192,456,237,0,0,0,-42,1
1193,456,237,0,0,0,-42,1
1194,456,237,0,0,0,-42,1
1195,456,237,0,0,0,-42,1
1196,456,237,0,0,0,-42,1
1197,456,237,0,0,0,-42,1
1198,456,237,0,0,0,-42,1
1199,456,237,0,0,0,-42,1
1200,456,237,0,0,0,-42,1
1201,456,237,0,0,0,-42,1
1202,456,237,0,0,0,-42,1
1203,456,237,0,0,0,-42,1
1204,456,237,0,0,0,-42,1
1205,456,237,0,0,0,-42,1
1206,456,237,0,0,0,-42,1
1207,456,237,0,0,0,-42,1
1208,456,237,0,0,0,-42,1
1209,456,237,0,0,0,-42,1
1210,456,237,0,0,0,-42,1
1211,456,237,0,0,0,-42,1
1212,456,237,0,0,0,-42,1
1213,456,237,0,0,0,-42,1
1214,456,237,0,0,0,-42,1
1215,456,237,0,0,0,-42,1
1216,456,237,0,0,0,-42,1
1217,456,237,0,0,0,-42,1
1218,456,237,0,0,0,-42,1
1219,456,237,0,0,0,-42,1
1220,456,237,0,0,0,-42,1
1221,456,237,0,0,0,-42,1
1222,456,237,0,0,0,-42,1
1223,456,237,0,0,0,-42,1
1224,456,237,0,0,0,-42,1
1225,456,237,0,0,0,-42,1
1226,456,237,0,0,0,-42,1
1227,456,237,0,0,0,-42,1
1228,456,237,0,0,0,-42,1
1229,456,237,0,0,0,-42,1
1230,456,237,0,0,0,-42,1
1231,456,237,0,0,0,-42,1
1232,456,237,0,0,0,-42,1
1233,456,237,0,0,0,-42,1
1234,456,237,0,0,0,-42,1
1235,456,237,0,0,0,-42,1
1236,456,237,0,0,0,-42,1
1237,456,237,0,0,0,-42,1
1238,456,237,0,0,0,-42,1
1239,456,237,0,0,0,-42,1
1240,456,237,0,0,0,-42,1
1241,456,237,0,0,0,-42,1
1242,456,237,0,0,0,-42,1
1243,456,237,0,0,0,-42,1
1244,456,237,0,0,0,-42,1
1245,456,237,0,0,0,-42,1
1246,456,237,0,0,0,-42,1
1247,456,237,0,0,0,-42,1
1248,456,237,0,0,0,-42,1
1249,456,237,0,0,0,-42,1
1250,456,237,0,0,0,-42,1
1251,456,237,0,0,0,-42,1
1252,456,237,0,0,0,-42,1
1253,456,237,0,0,0,-42,1
1254,456,237,0,0,0,-42,1
1255,456,237,0,0,0,-42,1
1256,456,237,0,0,0,-42,1
1257,456,237,0,0,0,-42,1
1258,456,237,0,0,0,-42,1
1259,456,237,0,0,0,-42,1
1260,456,237,0,0,0,-42,1
1261,456,237,0,0,0,-42,1
1262,456,237,0,0,0,-42,1
1263,456,237,0,0,0,-42,1
1264,456,237,0,0,0,-42,1
1265,456,237,0,0,0,-42,1
1266,456,237,0,0,0,-42,1
1267,456,237,0,0,0,-42,1
1268,456,237,0,0,0,-42,1
1269,456,237,0,0,0,-42,1
1270,456,237,0,0,0,-42,1
1271,456,237,0,0,0,-42,1
1272,456,237,0,0,0,-42,1
