t,x,y,fh,fv,r,s,frame:
0,-537,103,0,0,0,-109,0
1,-537,103,0,0,0,-109,0
2,-537,103,0,0,0,-109,0
3,-537,103,0,0,0,-109,0
4,-537,103,0,0,0,-109,0
5,-537,103,0,0,0,-109,0
6,-537,103,0,0,0,-109,0
7,-537,103,0,0,0,-109,0
8,-537,103,0,0,0,-109,0
9,-537,103,0,0,0,-109,0
10,-537,103,0,0,0,-109,0
11,-537,103,0,0,0,-109,0
12,-537,103,0,0,0,-109,0
13,-537,103,0,0,0,-109,0
14,-537,103,0,0,0,-109,0
15,-537,103,0,0,0,-109,0
16,-537,103,0,0,0,-109,0
17,-537,103,0,0,0,-109,0
18,-537,103,0,0,0,-109,0
19,-537,103,0,0,0,-109,0
20,-537,103,0,0,0,-109,0
21,-537,103,0,0,0,-109,0
22,-537,103,0,0,0,-109,0
23,-537,103,0,0,0,-109,0
24,-537,103,0,0,0,-109,0
25,-537,103,0,0,0,-109,0
26,-537,103,0,0,0,-109,0
27,-537,103,0,0,0,-109,0
28,-537,103,0,0,0,-109,0
29,-537,103,0,0,0,-109,0
30,-537,103,0,0,0,-109,0
31,-537,103,0,0,0,-109,0
32,-537,103,0,0,0,-109,0
33,-537,103,0,0,0,-109,0
34,-537,103,0,0,0,-109,0
35,-537,103,0,0,0,-109,0
36,-537,103,0,0,0,-109,0
37,-537,103,0,0,0,-109,0
38,-537,103,0,0,0,-109,0
39,-537,103,0,0,0,-109,0
40,-537,103,0,0,0,-109,0
41,-537,103,0,0,0,-109,0
42,-537,103,0,0,0,-109,0
43,-537,103,0,0,0,-109,0
44,-537,103,0,0,0,-109,0
45,-537,103,0,0,0,-109,0
46,-537,103,0,0,0,-109,0
47,-537,103,0,0,0,-109,0
48,-537,103,0,0,0,-109,0
49,-537,103,0,0,0,-109,0
50,-537,103,0,0,0,-109,0
51,-537,103,0,0,0,-109,0
52,-537,103,0,0,0,-109,0
53,-537,103,0,0,0,-109,0
54,-537,103,0,0,0,-109,0
55,-537,103,0,0,0,-109,0
56,-537,103,0,0,0,-109,0
57,-537,103,0,0,0,-109,0
58,-537,103,0,0,0,-109,0
59,-537,103,0,0,0,-109,0
60,-537,103,0,0,0,-109,0
61,-537,103,0,0,0,-109,0
62,-537,103,0,0,0,-109,0
63,-537,103,0,0,0,-109,0
64,-537,103,0,0,0,-109,0
65,-537,103,0,0,0,-109,0
66,-537,103,0,0,0,-109,0
67,-537,103,0,0,0,-109,0
68,-537,103,0,0,0,-109,0
69,-537,103,0,0,0,-109,0
70,-537,103,0,0,0,-109,0
71,-537,103,0,0,0,-109,0
72,-537,103,0,0,0,-109,0
73,-537,103,0,0,0,-109,0
74,-537,103,0,0,0,-109,0
75,-537,103,0,0,0,-109,0
76,-537,103,0,0,0,-109,0
77,-537,103,0,0,0,-109,0
78,-537,103,0,0,0,-109,0
79,-537,103,0,0,0,-109,0
80,-537,103,0,0,0,-109,0
81,-537,103,0,0,0,-109,0
82,-537,103,0,0,0,-109,0
83,-537,103,0,0,0,-109,0
84,-537,103,0,0,0,-109,0
85,-537,103,0,0,0,-109,0
86,-537,103,0,0,0,-109,0
87,-537,103,0,0,0,-109,0
88,-537,103,0,0,0,-109,0
89,-537,103,0,0,0,-109,0
90,-537,103,0,0,0,-109,0
91,-537,103,0,0,0,-109,0
92,-537,103,0,0,0,-109,0
93,-537,103,0,0,0,-109,0
94,-537,103,0,0,0,-109,0
95,-537,103,0,0,0,-109,0
96,-537,103,0,0,0,-109,0
97,-537,103,0,0,0,-109,0
98,-537,103,0,0,0,-109,0
99,-537,103,0,0,0,-109,0
100,-537,103,0,0,0,-109,0
101,-537,103,0,0,0,-109,0
102,-537,103,0,0,0,-109,0
103,-537,103,0,0,0,-109,0
104,-537,103,0,0,0,-109,0
105,-537,103,0,0,0,-109,0
106,-537,103,0,0,0,-109,0
107,-537,103,0,0,0,-109,0
108,-537,103,0,0,0,-109,0
109,-537,103,0,0,0,-109,0
110,-537,103,0,0,0,-109,0
111,-537,103,0,0,0,-109,0
112,-537,103,0,0,0,-109,0
113,-537,103,0,0,0,-109,0
114,-537,103,0,0,0,-109,0
115,-537,103,0,0,0,-109,0
116,-537,103,0,0,0,-109,0
117,-537,103,0,0,0,-109,0
118,-537,103,0,0,0,-109,0
119,-537,103,0,0,0,-109,0
120,-537,103,0,0,0,-109,0
121,-537,103,0,0,0,-109,0
122,-537,103,0,0,0,-109,0
123,-537,103,0,0,0,-109,0
124,-537,103,0,0,0,-109,0
125,-537,103,0,0,0,-109,0
126,-537,103,0,0,0,-109,0
127,-537,103,0,0,0,-109,0
128,-537,103,0,0,0,-109,0
129,-537,103,0,0,0,-109,0
130,-537,103,0,0,0,-109,0
131,-537,103,0,0,0,-109,0
132,-537,103,0,0,0,-109,0
133,-537,103,0,0,0,-109,0
134,-537,103,0,0,0,-109,0
135,-537,103,0,0,0,-109,0
136,-537,103,0,0,0,-109,0
137,-537,103,0,0,0,-109,0
138,-537,103,0,0,0,-109,0
139,-537,103,0,0,0,-109,0
140,-537,103,0,0,0,-109,0
141,-537,103,0,0,0,-109,0
142,-537,103,0,0,0,-109,0
143,-537,103,0,0,0,-109,0
144,-537,103,0,0,0,-109,0
145,-537,103,0,0,0,-109,0
146,-537,103,0,0,0,-109,0
147,-537,103,0,0,0,-109,0
148,-537,103,0,0,0,-109,0
149,-537,103,0,0,0,-109,0
150,-537,103,0,0,0,-109,0
151,-537,103,0,0,0,-109,0
152,-537,103,0,0,0,-109,0
153,-537,103,0,0,0,-109,0
154,-537,103,0,0,0,-109,0
155,-537,103,0,0,0,-109,0
156,-537,103,0,0,0,-109,0
157,-537,103,0,0,0,-109,0
158,-537,103,0,0,0,-109,0
159,-537,103,0,0,0,-109,0
160,-537,103,0,0,0,-109,0
161,-537,103,0,0,0,-109,0
162,-537,103,0,0,0,-109,0
163,-537,103,0,0,0,-109,0
164,-537,103,0,0,0,-109,0
165,-537,103,0,0,0,-109,0
166,-537,103,0,0,0,-109,0
167,-537,103,0,0,0,-109,0
168,-537,103,0,0,0,-109,0
169,-537,103,0,0,0,-109,0
170,-537,103,0,0,0,-109,0
171,-537,103,0,0,0,-109,0
172,-537,103,0,0,0,-109,0
173,-537,103,0,0,0,-109,0
174,-537,103,0,0,0,-109,0
175,-537,103,0,0,0,-109,0
176,-537,103,0,0,0,-109,0
177,-537,103,0,0,0,-109,0
178,-537,103,0,0,0,-109,0
179,-537,103,0,0,0,-109,0
180,-537,103,0,0,0,-109,0
181,-537,103,0,0,0,-109,0
182,-537,103,0,0,0,-109,0
183,-537,103,0,0,0,-109,0
184,-537,103,0,0,0,-109,0
185,-537,103,0,0,0,-109,0
186,-537,103,0,0,0,-109,0
187,-537,103,0,0,0,-109,0
188,-537,103,0,0,0,-109,0
189,-537,103,0,0,0,-109,0
190,-537,103,0,0,0,-109,0
191,-537,103,0,0,0,-109,0
192,-537,103,0,0,0,-109,0
193,-537,103,0,0,0,-109,0
194,-537,103,0,0,0,-109,0
195,-537,103,0,0,0,-109,0
196,-537,103,0,0,0,-109,0
197,-537,103,0,0,0,-109,0
198,-537,103,0,0,0,-109,0
199,-537,103,0,0,0,-109,0
200,-537,103,0,0,0,-109,0
201,-537,103,0,0,0,-109,0
202,-537,103,0,0,0,-109,0
203,-537,103,0,0,0,-109,0
204,-537,103,0,0,0,-109,0
205,-537,103,0,0,0,-109,0
206,-537,103,0,0,0,-109,0
207,-537,103,0,0,0,-109,0
208,-537,103,0,0,0,-109,0
209,-537,103,0,0,0,-109,0
210,-537,103,0,0,0,-109,0
211,-537,103,0,0,0,-109,0
212,-537,103,0,0,0,-109,0
213,-537,103,0,0,0,-109,0
214,-537,103,0,0,0,-109,0
215,-537,103,0,0,0,-109,0
216,-537,103,0,0,0,-109,0
217,-537,103,0,0,0,-109,0
218,-537,103,0,0,0,-109,0
219,-537,103,0,0,0,-109,0
220,-537,103,0,0,0,-109,0
221,-537,103,0,0,0,-109,0
222,-537,103,0,0,0,-109,0
223,-537,103,0,0,0,-109,0
224,-537,103,0,0,0,-109,0
225,-537,103,0,0,0,-109,0
226,-537,103,0,0,0,-109,0
227,-537,103,0,0,0,-109,0
228,-537,103,0,0,0,-109,0
229,-537,103,0,0,0,-109,0
230,-537,103,0,0,0,-109,0
231,-537,103,0,0,0,-109,0
232,-537,103,0,0,0,-109,0
233,-537,103,0,0,0,-109,0
234,-537,103,0,0,0,-109,0
235,-537,103,0,0,0,-109,0
236,-537,103,0,0,0,-109,0
237,-537,103,0,0,0,-109,0
238,-537,103,0,0,0,-109,0
239,-537,103,0,0,0,-109,0
240,-537,103,0,0,0,-109,0
241,-537,103,0,0,0,-109,0
242,-537,103,0,0,0,-109,0
243,-537,103,0,0,0,-109,0
244,-537,103,0,0,0,-109,0
245,-537,103,0,0,0,-109,0
246,-537,103,0,0,0,-109,0
247,-537,103,0,0,0,-109,0
248,-537,103,0,0,0,-109,0
249,-537,103,0,0,0,-109,0
250,-537,103,0,0,0,-109,0
251,-537,103,0,0,0,-109,0
252,-537,103,0,0,0,-109,0
253,-537,103,0,0,0,-109,0
254,-537,103,0,0,0,-109,0
255,-537,103,0,0,0,-109,0
256,-537,103,0,0,0,-109,0
257,-537,103,0,0,0,-109,0
258,-537,103,0,0,0,-109,0
259,-537,103,0,0,0,-109,0
260,-537,103,0,0,0,-109,0
261,-537,103,0,0,0,-109,0
262,-537,103,0,0,0,-109,0
263,-537,103,0,0,0,-109,0
264,-537,103,0,0,0,-109,0
265,-537,103,0,0,0,-109,0
266,-537,103,0,0,0,-109,0
267,-537,103,0,0,0,-109,0
268,-537,103,0,0,0,-109,0
269,-537,103,0,0,0,-109,0
270,-537,103,0,0,0,-109,0
271,-537,103,0,0,0,-109,0
272,-537,103,0,0,0,-109,0
273,-537,103,0,0,0,-109,0
274,-537,103,0,0,0,-109,0
275,-537,103,0,0,0,-109,0
276,-537,103,0,0,0,-109,0
277,-537,103,0,0,0,-109,0
278,-537,103,0,0,0,-109,0
279,-537,103,0,0,0,-109,0
280,-537,103,0,0,0,-109,0
281,-537,103,0,0,0,-109,0
282,-537,103,0,0,0,-109,0
283,-537,103,0,0,0,-109,0
284,-537,103,0,0,0,-109,0
285,-537,103,0,0,0,-109,0
286,-537,103,0,0,0,-109,0
287,-537,103,0,0,0,-109,0
288,-537,103,0,0,0,-109,0
289,-537,103,0,0,0,-109,0
290,-537,103,0,0,0,-109,0
291,-537,103,0,0,0,-109,0
292,-537,103,0,0,0,-109,0
293,-537,103,0,0,0,-109,0
294,-537,103,0,0,0,-109,0
295,-537,103,0,0,0,-109,0
296,-537,103,0,0,0,-109,0
297,-537,103,0,0,0,-109,0
298,-537,103,0,0,0,-109,0
299,-537,103,0,0,0,-109,0
300,-537,103,0,0,0,-109,0
301,-537,103,0,0,0,-109,0
302,-537,103,0,0,0,-109,0
303,-537,103,0,0,0,-109,0
304,-537,103,0,0,0,-109,0
305,-537,103,0,0,0,-109,0
306,-537,103,0,0,0,-109,0
307,-537,103,0,0,0,-109,0
308,-537,103,0,0,0,-109,0
309,-537,103,0,0,0,-109,0
310,-537,103,0,0,0,-109,0
311,-537,103,0,0,0,-109,0
312,-537,103,0,0,0,-109,0
313,-537,103,0,0,0,-109,0
314,-537,103,0,0,0,-109,0
315,-537,103,0,0,0,-109,0
316,-537,103,0,0,0,-109,0
317,-537,103,0,0,0,-109,0
318,-537,103,0,0,0,-109,0
319,-537,103,0,0,0,-109,0
320,-537,103,0,0,0,-109,0
321,-537,103,0,0,0,-109,0
322,-537,103,0,0,0,-109,0
323,-537,103,0,0,0,-109,0
324,-537,103,0,0,0,-109,0
325,-537,103,0,0,0,-109,0
326,-537,103,0,0,0,-109,0
327,-537,103,0,0,0,-109,0
328,-537,103,0,0,0,-109,0
329,-537,103,0,0,0,-109,0
330,-537,103,0,0,0,-109,0
331,-537,103,0,0,0,-109,0
332,-537,103,0,0,0,-109,0
333,-537,103,0,0,0,-109,0
334,-537,103,0,0,0,-109,0
335,-537,103,0,0,0,-109,0
336,-537,103,0,0,0,-109,0
337,-537,103,0,0,0,-109,0
338,-537,103,0,0,0,-109,0
339,-537,103,0,0,0,-109,0
340,-537,103,0,0,0,-109,0
341,-537,103,0,0,0,-109,0
342,-537,103,0,0,0,-109,0
343,-537,103,0,0,0,-109,0
344,-537,103,0,0,0,-109,0
345,-537,103,0,0,0,-109,0
346,-537,103,0,0,0,-109,0
347,-537,103,0,0,0,-109,0
348,-537,103,0,0,0,-109,0
349,-537,103,0,0,0,-109,0
350,-537,103,0,0,0,-109,0
351,-537,103,0,0,0,-109,0
352,-537,103,0,0,0,-109,0
353,-537,103,0,0,0,-109,0
354,-537,103,0,0,0,-109,0
355,-537,103,0,0,0,-109,0
356,-537,103,0,0,0,-109,0
357,-537,103,0,0,0,-109,0
358,-537,103,0,0,0,-109,0
359,-537,103,0,0,0,-109,0
360,-537,103,0,0,0,-109,0
361,-537,103,0,0,0,-109,0
362,-537,103,0,0,0,-109,0
363,-537,103,0,0,0,-109,0
364,-537,103,0,0,0,-109,0
365,-537,103,0,0,0,-109,0
366,-537,103,0,0,0,-109,0
367,-537,103,0,0,0,-109,0
368,-537,103,0,0,0,-109,0
369,-537,103,0,0,0,-109,0
370,-537,103,0,0,0,-109,0
371,-537,103,0,0,0,-109,0
372,-537,103,0,0,0,-109,0
373,-537,103,0,0,0,-109,0
374,-537,103,0,0,0,-109,0
375,-537,103,0,0,0,-109,0
376,-537,103,0,0,0,-109,0
377,-537,103,0,0,0,-109,0
378,-537,103,0,0,0,-109,0
379,-537,103,0,0,0,-109,0
380,-537,103,0,0,0,-109,0
381,-537,103,0,0,0,-109,0
382,-537,103,0,0,0,-109,0
383,-537,103,0,0,0,-109,0
384,-537,103,0,0,0,-109,0
385,-537,103,0,0,0,-109,0
386,-537,103,0,0,0,-109,0
387,-537,103,0,0,0,-109,0
388,-537,103,0,0,0,-109,0
389,-537,103,0,0,0,-109,0
390,-537,103,0,0,0,-109,0
391,-537,103,0,0,0,-109,0
392,-537,103,0,0,0,-109,0
393,-537,103,0,0,0,-109,0
394,-537,103,0,0,0,-109,0
395,-537,103,0,0,0,-109,0
396,-537,103,0,0,0,-109,0
397,-537,103,0,0,0,-109,0
398,-537,103,0,0,0,-109,0
399,-537,103,0,0,0,-109,0
400,-537,103,0,0,0,-109,0
401,-537,103,0,0,0,-109,0
402,-537,103,0,0,0,-109,0
403,-537,103,0,0,0,-109,0
404,-537,103,0,0,0,-109,0
405,-537,103,0,0,0,-109,0
406,-537,103,0,0,0,-109,0
407,-537,103,0,0,0,-109,0
408,-537,103,0,0,0,-109,0
409,-537,103,0,0,0,-109,0
410,-537,103,0,0,0,-109,0
411,-537,103,0,0,0,-109,0
412,-537,103,0,0,0,-109,0
413,-537,103,0,0,0,-109,0
414,-537,103,0,0,0,-109,0
415,-537,103,0,0,0,-109,0
416,-537,103,0,0,0,-109,0
417,-537,103,0,0,0,-109,0
418,-537,103,0,0,0,-109,0
419,-537,103,0,0,0,-109,0
420,-537,103,0,0,0,-109,0
421,-537,103,0,0,0,-109,0
422,-537,103,0,0,0,-109,0
423,-537,103,0,0,0,-109,0
424,-537,103,0,0,0,-109,0
425,-537,103,0,0,0,-109,0
426,-537,103,0,0,0,-109,0
427,-537,103,0,0,0,-109,0
428,-537,103,0,0,0,-109,0
429,-537,103,0,0,0,-109,0
430,-537,103,0,0,0,-109,0
431,-537,103,0,0,0,-109,0
432,-537,103,0,0,0,-109,0
433,-537,103,0,0,0,-109,0
434,-537,103,0,0,0,-109,0
435,-537,103,0,0,0,-109,0
436,-537,103,0,0,0,-109,0
437,-537,103,0,0,0,-109,0
438,-537,103,0,0,0,-109,0
439,-537,103,0,0,0,-109,0
440,-537,103,0,0,0,-109,0
441,-537,103,0,0,0,-109,0
442,-537,103,0,0,0,-109,0
443,-537,103,0,0,0,-109,0
444,-537,103,0,0,0,-109,0
445,-537,103,0,0,0,-109,0
446,-537,103,0,0,0,-109,0
447,-537,103,0,0,0,-109,0
448,-537,103,0,0,0,-109,0
449,-537,103,0,0,0,-109,0
450,-537,103,0,0,0,-109,0
451,-537,103,0,0,0,-109,0
452,-537,103,0,0,0,-109,0
453,-537,103,0,0,0,-109,0
454,-537,103,0,0,0,-109,0
455,-537,103,0,0,0,-109,0
456,-537,103,0,0,0,-109,0
457,-537,103,0,0,0,-109,0
458,-537,103,0,0,0,-109,0
459,-537,103,0,0,0,-109,0
460,-537,103,0,0,0,-109,0
461,-537,103,0,0,0,-109,0
462,-537,103,0,0,0,-109,0
463,-537,103,0,0,0,-109,0
464,-537,103,0,0,0,-109,0
465,-537,103,0,0,0,-109,0
466,-537,103,0,0,0,-109,0
467,-537,103,0,0,0,-109,0
468,-537,103,0,0,0,-109,0
469,-537,103,0,0,0,-109,0
470,-537,103,0,0,0,-109,0
471,-537,103,0,0,0,-109,0
472,-537,103,0,0,0,-109,0
473,-537,103,0,0,0,-109,0
474,-537,103,0,0,0,-109,0
475,-537,103,0,0,0,-109,0
476,-537,103,0,0,0,-109,0
477,-537,103,0,0,0,-109,0
478,-537,103,0,0,0,-109,0
479,-537,103,0,0,0,-109,0
480,-537,103,0,0,0,-109,0
481,-537,103,0,0,0,-109,0
482,-537,103,0,0,0,-109,0
483,-537,103,0,0,0,-109,0
484,-537,103,0,0,0,-109,0
485,-537,103,0,0,0,-109,0
486,-537,103,0,0,0,-109,0
487,-537,103,0,0,0,-109,0
488,-537,103,0,0,0,-109,0
489,-537,103,0,0,0,-109,0
490,-537,103,0,0,0,-109,0
491,-537,103,0,0,0,-109,0
492,-537,103,0,0,0,-109,0
493,-537,103,0,0,0,-109,0
494,-537,103,0,0,0,-109,0
495,-537,103,0,0,0,-109,0
496,-537,103,0,0,0,-109,0
497,-537,103,0,0,0,-109,0
498,-537,103,0,0,0,-109,0
499,-537,103,0,0,0,-109,0
500,-537,103,0,0,0,-109,0
501,-537,103,0,0,0,-109,0
502,-537,103,0,0,0,-109,0
503,-537,103,0,0,0,-109,0
504,-537,103,0,0,0,-109,0
505,-537,103,0,0,0,-109,0
506,-537,103,0,0,0,-109,0
507,-537,103,0,0,0,-109,0
508,-537,103,0,0,0,-109,0
509,-537,103,0,0,0,-109,0
510,-537,103,0,0,0,-109,0
511,-537,103,0,0,0,-109,0
512,-537,103,0,0,0,-109,0
513,-537,103,0,0,0,-109,0
514,-537,103,0,0,0,-109,0
515,-537,103,0,0,0,-109,0
516,-537,103,0,0,0,-109,0
517,-537,103,0,0,0,-109,0
518,-537,103,0,0,0,-109,0
519,-537,103,0,0,0,-109,0
520,-537,103,0,0,0,-109,0
521,-537,103,0,0,0,-109,0
522,-537,103,0,0,0,-109,0
523,-537,103,0,0,0,-109,0
524,-537,103,0,0,0,-109,0
525,-537,103,0,0,0,-109,0
526,-537,103,0,0,0,-109,0
527,-537,103,0,0,0,-109,0
528,-537,103,0,0,0,-109,0
529,-537,103,0,0,0,-109,0
530,-537,103,0,0,0,-109,0
531,-537,103,0,0,0,-109,0
532,-537,103,0,0,0,-109,0
533,-537,103,0,0,0,-109,0
534,-537,103,0,0,0,-109,0
535,-537,103,0,0,0,-109,0
536,-537,103,0,0,0,-109,0
537,-537,103,0,0,0,-109,0
538,-537,103,0,0,0,-109,0
539,-537,103,0,0,0,-109,0
540,-537,103,0,0,0,-109,0
541,-537,103,0,0,0,-109,0
542,-537,103,0,0,0,-109,0
543,-537,103,0,0,0,-109,0
544,-537,103,0,0,0,-109,0
545,-537,103,0,0,0,-109,0
546,-537,103,0,0,0,-109,0
547,-537,103,0,0,0,-109,0
548,-537,103,0,0,0,-109,0
549,-537,103,0,0,0,-109,0
550,-537,103,0,0,0,-109,0
551,-537,103,0,0,0,-109,0
552,-537,103,0,0,0,-109,0
553,-537,103,0,0,0,-109,0
554,-537,103,0,0,0,-109,0
555,-537,103,0,0,0,-109,0
556,-537,103,0,0,0,-109,0
557,-537,103,0,0,0,-109,0
558,-537,103,0,0,0,-93,2
559,-537,103,0,0,0,-93,2
560,-537,103,0,0,0,-93,2
561,-537,103,0,0,0,-93,2
562,-537,103,0,0,0,-93,2
563,-537,103,0,0,0,-93,2
564,-537,103,0,0,0,-93,2
565,-537,103,0,0,0,-93,2
566,-537,103,0,0,0,-93,2
567,-537,103,0,0,0,-93,2
568,-537,103,0,0,0,-93,2
569,-537,103,0,0,0,-93,2
570,-537,103,0,0,0,-93,2
571,-537,103,0,0,0,-93,2
572,-537,103,0,0,0,-93,2
573,-537,103,0,0,0,-93,2
574,-537,103,0,0,0,-93,2
575,-537,103,0,0,0,-93,2
576,-537,103,0,0,0,-93,1
577,-537,103,0,0,0,-93,1
578,-537,103,0,0,0,-93,1
579,-537,103,0,0,0,-93,1
580,-537,103,0,0,0,-93,1
581,-537,103,0,0,0,-93,1
582,-537,103,0,0,0,-93,1
583,-537,103,0,0,0,-93,1
584,-537,103,0,0,0,-93,1
585,-537,103,0,0,0,-93,1
586,-537,103,0,0,0,-93,1
587,-537,103,0,0,0,-93,1
588,-537,103,0,0,0,-93,1
589,-537,103,0,0,0,-93,1
590,-537,103,0,0,0,-93,1
591,-537,103,0,0,0,-93,1
592,-537,103,0,0,0,-93,1
593,-537,103,0,0,0,-93,1
594,-537,103,0,0,0,-93,1
595,-537,103,0,0,0,-93,1
596,-537,103,0,0,0,-93,1
597,-537,103,0,0,0,-93,1
598,-537,103,0,0,0,-93,1
599,-537,103,0,0,0,-93,1
600,-537,103,0,0,0,-93,1
601,-537,103,0,0,0,-93,1
602,-537,103,0,0,0,-93,1
603,-537,103,0,0,0,-93,1
604,-537,103,0,0,0,-93,1
605,-537,103,0,0,0,-93,1
606,-537,103,0,0,0,-93,1
607,-537,103,0,0,0,-93,1
608,-537,103,0,0,0,-93,1
609,-537,103,0,0,0,-93,1
610,-537,103,0,0,0,-93,1
611,-537,103,0,0,0,-93,1
612,-537,103,0,0,0,-93,1
613,-537,103,0,0,0,-93,1
614,-537,103,0,0,0,-93,1
615,-537,103,0,0,0,-93,1
616,-537,103,0,0,0,-93,1
617,-537,103,0,0,0,-93,1
618,-537,103,0,0,0,-93,1
619,-537,103,0,0,0,-93,1
620,-537,103,0,0,0,-93,1
621,-537,103,0,0,0,-93,1
622,-537,103,0,0,0,-93,1
623,-537,103,0,0,0,-93,1
624,-537,103,0,0,0,-93,1
625,-537,103,0,0,0,-93,1
626,-537,103,0,0,0,-93,1
627,-537,103,0,0,0,-93,1
628,-537,103,0,0,0,-93,1
629,-537,103,0,0,0,-93,1
630,-537,103,0,0,0,-93,1
631,-537,103,0,0,0,-93,1
632,-537,103,0,0,0,-93,1
633,-537,103,0,0,0,-93,1
634,-537,103,0,0,0,-93,1
635,-537,103,0,0,0,-93,1
636,-537,103,0,0,0,-93,1
637,-537,103,0,0,0,-93,1
638,-537,103,0,0,0,-93,1
639,-537,103,0,0,0,-93,1
640,-537,103,0,0,0,-93,1
641,-537,103,0,0,0,-93,1
642,-537,103,0,0,0,-93,1
643,-537,103,0,0,0,-93,1
644,-537,103,0,0,0,-93,1
645,-537,103,0,0,0,-93,1
646,-537,103,0,0,0,-93,1
647,-537,103,0,0,0,-93,1
648,-537,103,0,0,0,-93,1
649,-537,103,0,0,0,-93,1
650,-537,103,0,0,0,-93,1
651,-537,103,0,0,0,-93,1
652,-537,103,0,0,0,-93,1
653,-537,103,0,0,0,-93,1
654,-537,103,0,0,0,-93,1
655,-537,103,0,0,0,-93,1
656,-537,103,0,0,0,-93,1
657,-537,103,0,0,0,-93,1
658,-537,103,0,0,0,-93,1
659,-537,103,0,0,0,-93,1
660,-537,103,0,0,0,-93,1
661,-537,103,0,0,0,-93,1
662,-537,103,0,0,0,-93,1
663,-537,103,0,0,0,-93,1
664,-537,103,0,0,0,-93,1
665,-537,103,0,0,0,-93,1
666,-537,103,0,0,0,-93,1
667,-537,103,0,0,0,-93,1
668,-537,103,0,0,0,-93,1
669,-537,103,0,0,0,-93,1
670,-537,103,0,0,0,-93,1
671,-537,103,0,0,0,-93,1
672,-537,103,0,0,0,-93,1
673,-537,103,0,0,0,-93,1
674,-537,103,0,0,0,-93,1
675,-537,103,0,0,0,-93,1
676,-537,103,0,0,0,-93,1
677,-537,103,0,0,0,-93,1
678,-537,103,0,0,0,-93,1
679,-537,103,0,0,0,-93,1
680,-537,103,0,0,0,-93,1
681,-537,103,0,0,0,-93,1
682,-537,103,0,0,0,-93,1
683,-537,103,0,0,0,-93,1
684,-537,103,0,0,0,-93,1
685,-537,103,0,0,0,-93,1
686,-537,103,0,0,0,-93,1
687,-537,103,0,0,0,-93,1
688,-537,103,0,0,0,-93,1
689,-537,103,0,0,0,-93,1
690,-537,103,0,0,0,-93,1
691,-537,103,0,0,0,-93,1
692,-537,103,0,0,0,-93,1
693,-537,103,0,0,0,-93,1
694,-537,103,0,0,0,-93,1
695,-537,103,0,0,0,-93,1
696,-537,103,0,0,0,-93,1
697,-537,103,0,0,0,-93,1
698,-537,103,0,0,0,-93,1
699,-537,103,0,0,0,-93,1
700,-537,103,0,0,0,-93,1
701,-537,103,0,0,0,-93,1
702,-537,103,0,0,0,-93,1
703,-537,103,0,0,0,-93,1
704,-537,103,0,0,0,-93,1
705,-537,103,0,0,0,-93,1
706,-537,103,0,0,0,-93,1
707,-537,103,0,0,0,-93,1
708,-537,103,0,0,0,-93,1
709,-537,103,0,0,0,-93,1
710,-537,103,0,0,0,-93,1
711,-537,103,0,0,0,-93,1
712,-537,103,0,0,0,-93,1
713,-537,103,0,0,0,-93,1
714,-537,103,0,0,0,-93,1
715,-537,103,0,0,0,-93,1
716,-537,103,0,0,0,-93,1
717,-537,103,0,0,0,-93,1
718,-537,103,0,0,0,-93,1
719,-537,103,0,0,0,-93,1
720,-537,103,0,0,0,-93,1
721,-537,103,0,0,0,-93,1
722,-537,103,0,0,0,-93,1
723,-537,103,0,0,0,-93,1
724,-537,103,0,0,0,-93,1
725,-537,103,0,0,0,-93,1
726,-537,103,0,0,0,-93,1
727,-537,103,0,0,0,-93,1
728,-537,103,0,0,0,-93,1
729,-537,103,0,0,0,-93,1
730,-537,103,0,0,0,-93,1
731,-537,103,0,0,0,-93,1
732,-537,103,0,0,0,-93,1
733,-537,103,0,0,0,-93,1
734,-537,103,0,0,0,-93,1
735,-537,103,0,0,0,-93,1
736,-537,103,0,0,0,-93,1
737,-537,103,0,0,0,-93,1
738,-537,103,0,0,0,-93,1
739,-537,103,0,0,0,-93,1
740,-537,103,0,0,0,-93,1
741,-537,103,0,0,0,-93,1
742,-537,103,0,0,0,-93,1
743,-537,103,0,0,0,-93,1
744,-537,103,0,0,0,-93,1
745,-537,103,0,0,0,-93,1
746,-537,103,0,0,0,-93,1
747,-537,103,0,0,0,-93,1
748,-537,103,0,0,0,-93,1
749,-537,103,0,0,0,-93,1
750,-537,103,0,0,0,-93,1
751,-537,103,0,0,0,-93,1
752,-537,103,0,0,0,-93,1
753,-537,103,0,0,0,-93,1
754,-537,103,0,0,0,-93,1
755,-537,103,0,0,0,-93,1
756,-537,103,0,0,0,-93,1
757,-537,103,0,0,0,-93,1
758,-537,103,0,0,0,-93,1
759,-537,103,0,0,0,-93,1
760,-537,103,0,0,0,-93,1
761,-537,103,0,0,0,-93,1
762,-537,103,0,0,0,-93,1
763,-537,103,0,0,0,-93,1
764,-537,103,0,0,0,-93,1
765,-537,103,0,0,0,-93,1
766,-537,103,0,0,0,-93,1
767,-537,103,0,0,0,-93,1
768,-537,103,0,0,0,-93,1
769,-537,103,0,0,0,-93,1
770,-537,103,0,0,0,-93,1
771,-537,103,0,0,0,-93,1
772,-537,103,0,0,0,-93,1
773,-537,103,0,0,0,-93,1
774,-537,103,0,0,0,-93,1
775,-537,103,0,0,0,-93,1
776,-537,103,0,0,0,-93,1
777,-537,103,0,0,0,-93,1
778,-537,103,0,0,0,-93,1
779,-537,103,0,0,0,-93,1
780,-537,103,0,0,0,-93,1
781,-537,103,0,0,0,-93,1
782,-537,103,0,0,0,-93,1
783,-537,103,0,0,0,-93,1
784,-537,103,0,0,0,-93,1
785,-537,103,0,0,0,-93,1
786,-537,103,0,0,0,-93,1
787,-537,103,0,0,0,-93,1
788,-537,103,0,0,0,-93,1
789,-537,103,0,0,0,-93,1
790,-537,103,0,0,0,-93,1
791,-537,103,0,0,0,-93,1
792,-537,103,0,0,0,-93,1
793,-537,103,0,0,0,-93,1
794,-537,103,0,0,0,-93,1
795,-537,103,0,0,0,-93,1
796,-537,103,0,0,0,-93,1
797,-537,103,0,0,0,-93,1
798,-537,103,0,0,0,-93,1
799,-537,103,0,0,0,-93,1
800,-537,103,0,0,0,-93,1
801,-537,103,0,0,0,-93,1
802,-537,103,0,0,0,-93,1
803,-537,103,0,0,0,-93,1
804,-537,103,0,0,0,-93,1
805,-537,103,0,0,0,-93,1
806,-537,103,0,0,0,-93,1
807,-537,103,0,0,0,-93,1
808,-537,103,0,0,0,-93,1
809,-537,103,0,0,0,-93,1
810,-537,103,0,0,0,-93,1
811,-537,103,0,0,0,-93,1
812,-537,103,0,0,0,-93,1
813,-537,103,0,0,0,-93,1
814,-537,103,0,0,0,-93,1
815,-537,103,0,0,0,-93,1
816,-537,103,0,0,0,-93,1
817,-537,103,0,0,0,-93,1
818,-537,103,0,0,0,-93,1
819,-537,103,0,0,0,-93,1
820,-537,103,0,0,0,-93,1
821,-537,103,0,0,0,-93,1
822,-537,103,0,0,0,-93,1
823,-537,103,0,0,0,-93,1
824,-537,103,0,0,0,-93,1
825,-537,103,0,0,0,-93,1
826,-537,103,0,0,0,-93,1
827,-537,103,0,0,0,-93,1
828,-537,103,0,0,0,-93,1
829,-537,103,0,0,0,-93,1
830,-537,103,0,0,0,-93,1
831,-537,103,0,0,0,-93,1
832,-537,103,0,0,0,-93,1
833,-537,103,0,0,0,-93,1
834,-537,103,0,0,0,-93,1
835,-537,103,0,0,0,-93,1
836,-537,103,0,0,0,-93,1
837,-537,103,0,0,0,-93,1
838,-537,103,0,0,0,-93,1
839,-537,103,0,0,0,-93,1
840,-537,103,0,0,0,-93,1
841,-537,103,0,0,0,-93,1
842,-537,103,0,0,0,-93,1
843,-537,103,0,0,0,-93,1
844,-537,103,0,0,0,-93,1
845,-537,103,0,0,0,-93,1
846,-537,103,0,0,0,-93,1
847,-537,103,0,0,0,-93,1
848,-537,103,0,0,0,-93,1
849,-537,103,0,0,0,-93,1
850,-537,103,0,0,0,-93,1
851,-537,103,0,0,0,-93,1
852,-537,103,0,0,0,-93,1
853,-537,103,0,0,0,-93,1
854,-537,103,0,0,0,-93,1
855,-537,103,0,0,0,-93,1
856,-537,103,0,0,0,-93,1
857,-537,103,0,0,0,-93,1
858,-537,103,0,0,0,-93,1
859,-537,103,0,0,0,-93,1
860,-537,103,0,0,0,-93,1
861,-537,103,0,0,0,-93,1
862,-537,103,0,0,0,-93,1
863,-537,103,0,0,0,-93,1
864,-537,103,0,0,0,-93,1
865,-537,103,0,0,0,-93,1
866,-537,103,0,0,0,-93,1
867,-537,103,0,0,0,-93,1
868,-537,103,0,0,0,-93,1
869,-537,103,0,0,0,-93,1
870,-537,103,0,0,0,-93,1
871,-537,103,0,0,0,-93,1
872,-537,103,0,0,0,-93,1
873,-537,103,0,0,0,-93,1
874,-537,103,0,0,0,-93,1
875,-537,103,0,0,0,-93,1
876,-537,103,0,0,0,-93,1
877,-537,103,0,0,0,-93,1
878,-537,103,0,0,0,-93,1
879,-537,103,0,0,0,-93,1
880,-537,103,0,0,0,-93,1
881,-537,103,0,0,0,-93,1
882,-537,103,0,0,0,-93,1
883,-537,103,0,0,0,-93,1
884,-537,103,0,0,0,-93,1
885,-537,103,0,0,0,-93,1
886,-537,103,0,0,0,-93,1
887,-537,103,0,0,0,-93,1
888,-537,103,0,0,0,-93,1
889,-537,103,0,0,0,-93,1
890,-537,103,0,0,0,-93,1
891,-537,103,0,0,0,-93,1
892,-537,103,0,0,0,-93,1
893,-537,103,0,0,0,-93,1
894,-537,103,0,0,0,-93,1
895,-537,103,0,0,0,-93,1
896,-537,103,0,0,0,-93,1
897,-537,103,0,0,0,-93,1
898,-537,103,0,0,0,-93,1
899,-537,103,0,0,0,-93,1
900,-537,103,0,0,0,-93,1
901,-537,103,0,0,0,-93,1
902,-537,103,0,0,0,-93,1
903,-537,103,0,0,0,-93,1
904,-537,103,0,0,0,-93,1
905,-537,103,0,0,0,-93,1
906,-537,103,0,0,0,-93,1
907,-537,103,0,0,0,-93,1
908,-537,103,0,0,0,-93,1
909,-537,103,0,0,0,-93,1
910,-537,103,0,0,0,-93,1
911,-537,103,0,0,0,-93,1
912,-537,103,0,0,0,-93,1
913,-537,103,0,0,0,-93,1
914,-537,103,0,0,0,-93,1
915,-537,103,0,0,0,-93,1
916,-537,103,0,0,0,-93,1
917,-537,103,0,0,0,-93,1
918,-537,103,0,0,0,-93,1
919,-537,103,0,0,0,-93,1
920,-537,103,0,0,0,-93,1
921,-537,103,0,0,0,-93,1
922,-537,103,0,0,0,-93,1
923,-537,103,0,0,0,-93,1
924,-537,103,0,0,0,-93,1
925,-537,103,0,0,0,-93,1
926,-537,103,0,0,0,-93,1
927,-537,103,0,0,0,-93,1
928,-537,103,0,0,0,-93,1
929,-537,103,0,0,0,-93,1
930,-537,103,0,0,0,-93,1
931,-537,103,0,0,0,-93,1
932,-537,103,0,0,0,-93,1
933,-537,103,0,0,0,-93,1
934,-537,103,0,0,0,-93,1
935,-537,103,0,0,0,-93,1
936,-537,103,0,0,0,-93,1
937,-537,103,0,0,0,-93,1
938,-537,103,0,0,0,-93,1
939,-537,103,0,0,0,-93,1
940,-537,103,0,0,0,-93,1
941,-537,103,0,0,0,-93,1
942,-537,103,0,0,0,-93,1
943,-537,103,0,0,0,-93,1
944,-537,103,0,0,0,-93,1
945,-537,103,0,0,0,-93,1
946,-537,103,0,0,0,-93,1
947,-537,103,0,0,0,-93,1
948,-537,103,0,0,0,-93,1
949,-537,103,0,0,0,-93,1
950,-537,103,0,0,0,-93,1
951,-537,103,0,0,0,-93,1
952,-537,103,0,0,0,-93,1
953,-537,103,0,0,0,-93,1
954,-537,103,0,0,0,-93,1
955,-537,103,0,0,0,-93,1
956,-537,103,0,0,0,-93,1
957,-537,103,0,0,0,-93,1
958,-537,103,0,0,0,-93,1
959,-537,103,0,0,0,-93,1
960,-537,103,0,0,0,-93,1
961,-537,103,0,0,0,-93,1
962,-537,103,0,0,0,-93,1
963,-537,103,0,0,0,-93,1
964,-537,103,0,0,0,-93,1
965,-537,103,0,0,0,-93,1
966,-537,103,0,0,0,-93,1
967,-537,103,0,0,0,-93,1
968,-537,103,0,0,0,-93,1
969,-537,103,0,0,0,-93,1
970,-537,103,0,0,0,-93,1
971,-537,103,0,0,0,-93,1
972,-537,103,0,0,0,-93,1
973,-537,103,0,0,0,-93,1
974,-537,103,0,0,0,-93,1
975,-537,103,0,0,0,-93,1
976,-537,103,0,0,0,-93,1
977,-537,103,0,0,0,-93,1
978,-537,103,0,0,0,-93,1
979,-537,103,0,0,0,-93,1
980,-537,103,0,0,0,-93,1
981,-537,103,0,0,0,-93,1
982,-537,103,0,0,0,-93,1
983,-537,103,0,0,0,-93,1
984,-537,103,0,0,0,-93,1
985,-537,103,0,0,0,-93,1
986,-537,103,0,0,0,-93,1
987,-537,103,0,0,0,-93,1
988,-537,103,0,0,0,-93,1
989,-537,103,0,0,0,-93,1
990,-537,103,0,0,0,-93,1
991,-537,103,0,0,0,-93,1
992,-537,103,0,0,0,-93,1
993,-537,103,0,0,0,-93,1
994,-537,103,0,0,0,-93,1
995,-537,103,0,0,0,-93,1
996,-537,103,0,0,0,-93,1
997,-537,103,0,0,0,-93,1
998,-537,103,0,0,0,-93,1
999,-537,103,0,0,0,-93,1
1000,-537,103,0,0,0,-93,1
1001,-537,103,0,0,0,-93,1
1002,-537,103,0,0,0,-93,1
1003,-537,103,0,0,0,-93,1
1004,-537,103,0,0,0,-93,1
1005,-537,103,0,0,0,-93,1
1006,-537,103,0,0,0,-93,1
1007,-537,103,0,0,0,-93,1
1008,-537,103,0,0,0,-93,1
1009,-537,103,0,0,0,-93,1
1010,-537,103,0,0,0,-93,1
1011,-537,103,0,0,0,-93,1
1012,-537,103,0,0,0,-93,1
1013,-537,103,0,0,0,-93,1
1014,-537,103,0,0,0,-93,1
1015,-537,103,0,0,0,-93,1
1016,-537,103,0,0,0,-93,1
1017,-537,103,0,0,0,-93,1
1018,-537,103,0,0,0,-93,1
1019,-537,103,0,0,0,-93,1
1020,-537,103,0,0,0,-93,1
1021,-537,103,0,0,0,-93,1
1022,-537,103,0,0,0,-93,1
1023,-537,103,0,0,0,-93,1
1024,-537,103,0,0,0,-93,1
1025,-537,103,0,0,0,-93,1
1026,-537,103,0,0,0,-93,1
1027,-537,103,0,0,0,-93,1
1028,-537,103,0,0,0,-93,1
1029,-537,103,0,0,0,-93,1
1030,-537,103,0,0,0,-93,1
1031,-537,103,0,0,0,-93,1
1032,-537,103,0,0,0,-93,1
1033,-537,103,0,0,0,-93,1
1034,-537,103,0,0,0,-93,1
1035,-537,103,0,0,0,-93,1
1036,-537,103,0,0,0,-93,1
1037,-537,103,0,0,0,-93,1
1038,-537,103,0,0,0,-93,1
1039,-537,103,0,0,0,-93,1
1040,-537,103,0,0,0,-93,1
1041,-537,103,0,0,0,-93,1
1042,-537,103,0,0,0,-93,1
1043,-537,103,0,0,0,-93,1
1044,-537,103,0,0,0,-93,1
1045,-537,103,0,0,0,-93,1
1046,-537,103,0,0,0,-93,1
1047,-537,103,0,0,0,-93,1
1048,-537,103,0,0,0,-93,1
1049,-537,103,0,0,0,-93,1
1050,-537,103,0,0,0,-93,1
1051,-537,103,0,0,0,-93,1
1052,-537,103,0,0,0,-93,1
1053,-537,103,0,0,0,-93,1
1054,-537,103,0,0,0,-93,1
1055,-537,103,0,0,0,-93,1
1056,-537,103,0,0,0,-93,1
1057,-537,103,0,0,0,-93,1
1058,-537,103,0,0,0,-93,1
1059,-537,103,0,0,0,-93,1
1060,-537,103,0,0,0,-93,1
1061,-537,103,0,0,0,-93,1
1062,-537,103,0,0,0,-93,1
1063,-537,103,0,0,0,-93,1
1064,-537,103,0,0,0,-93,1
1065,-537,103,0,0,0,-93,1
1066,-537,103,0,0,0,-93,1
1067,-537,103,0,0,0,-93,1
1068,-537,103,0,0,0,-93,1
1069,-537,103,0,0,0,-93,1
1070,-537,103,0,0,0,-93,1
1071,-537,103,0,0,0,-93,1
1072,-537,103,0,0,0,-93,1
1073,-537,103,0,0,0,-93,1
1074,-537,103,0,0,0,-93,1
1075,-537,103,0,0,0,-93,1
1076,-537,103,0,0,0,-93,1
1077,-537,103,0,0,0,-93,1
1078,-537,103,0,0,0,-93,1
1079,-537,103,0,0,0,-93,1
1080,-537,103,0,0,0,-93,1
1081,-537,103,0,0,0,-93,1
1082,-537,103,0,0,0,-93,1
1083,-537,103,0,0,0,-93,1
1084,-537,103,0,0,0,-93,1
1085,-537,103,0,0,0,-93,1
1086,-537,103,0,0,0,-93,1
1087,-537,103,0,0,0,-93,1
1088,-537,103,0,0,0,-93,1
1089,-537,103,0,0,0,-93,1
1090,-537,103,0,0,0,-93,1
1091,-537,103,0,0,0,-93,1
1092,-537,103,0,0,0,-93,1
1093,-537,103,0,0,0,-93,1
1094,-537,103,0,0,0,-93,1
1095,-537,103,0,0,0,-93,1
1096,-537,103,0,0,0,-93,1
1097,-537,103,0,0,0,-93,1
1098,-537,103,0,0,0,-93,1
1099,-537,103,0,0,0,-93,1
1100,-537,103,0,0,0,-93,1
1101,-537,103,0,0,0,-93,1
1102,-537,103,0,0,0,-93,1
1103,-537,103,0,0,0,-93,1
1104,-537,103,0,0,0,-93,1
1105,-537,103,0,0,0,-93,1
1106,-537,103,0,0,0,-93,1
1107,-537,103,0,0,0,-93,1
1108,-537,103,0,0,0,-93,1
1109,-537,103,0,0,0,-93,1
1110,-537,103,0,0,0,-93,1
1111,-537,103,0,0,0,-93,1
1112,-537,103,0,0,0,-93,1
1113,-537,103,0,0,0,-93,1
1114,-537,103,0,0,0,-93,1
1115,-537,103,0,0,0,-93,1
1116,-537,103,0,0,0,-93,1
1117,-537,103,0,0,0,-93,1
1118,-537,103,0,0,0,-93,1
1119,-537,103,0,0,0,-93,1
1120,-537,103,0,0,0,-93,1
1121,-537,103,0,0,0,-93,1
1122,-537,103,0,0,0,-93,1
1123,-537,103,0,0,0,-93,1
1124,-537,103,0,0,0,-93,1
1125,-537,103,0,0,0,-93,1
1126,-537,103,0,0,0,-93,1
1127,-537,103,0,0,0,-93,1
1128,-537,103,0,0,0,-93,1
1129,-537,103,0,0,0,-93,1
1130,-537,103,0,0,0,-93,1
1131,-537,103,0,0,0,-93,1
1132,-537,103,0,0,0,-93,1
1133,-537,103,0,0,0,-93,1
1134,-537,103,0,0,0,-93,1
1135,-537,103,0,0,0,-93,1
1136,-537,103,0,0,0,-93,1
1137,-537,103,0,0,0,-93,1
1138,-537,103,0,0,0,-93,1
1139,-537,103,0,0,0,-93,1
1140,-537,103,0,0,0,-93,1
1141,-537,103,0,0,0,-93,1
1142,-537,103,0,0,0,-93,1
1143,-537,103,0,0,0,-93,1
1144,-537,103,0,0,0,-93,1
1145,-537,103,0,0,0,-93,1
1146,-537,103,0,0,0,-93,1
1147,-537,103,0,0,0,-93,1
1148,-537,103,0,0,0,-93,1
1149,-537,103,0,0,0,-93,1
1150,-537,103,0,0,0,-93,1
1151,-537,103,0,0,0,-93,1
1152,-537,103,0,0,0,-93,1
1153,-537,103,0,0,0,-93,1
1154,-537,103,0,0,0,-93,1
1155,-537,103,0,0,0,-93,1
1156,-537,103,0,0,0,-93,1
1157,-537,103,0,0,0,-93,1
1158,-537,103,0,0,0,-93,1
1159,-537,103,0,0,0,-93,1
1160,-537,103,0,0,0,-93,1
1161,-537,103,0,0,0,-93,1
1162,-537,103,0,0,0,-93,1
1163,-537,103,0,0,0,-93,1
1164,-537,103,0,0,0,-93,1
1165,-537,103,0,0,0,-93,1
1166,-537,103,0,0,0,-93,1
1167,-537,103,0,0,0,-93,1
1168,-537,103,0,0,0,-93,1
1169,-537,103,0,0,0,-93,1
1170,-537,103,0,0,0,-93,1
1171,-537,103,0,0,0,-93,1
1172,-537,103,0,0,0,-93,1
1173,-537,103,0,0,0,-93,1
1174,-537,103,0,0,0,-93,1
1175,-537,103,0,0,0,-93,1
1176,-537,103,0,0,0,-93,1
1177,-537,103,0,0,0,-93,1
1178,-537,103,0,0,0,-93,1
1179,-537,103,0,0,0,-93,1
1180,-537,103,0,0,0,-93,1
1181,-537,103,0,0,0,-93,1
1182,-537,103,0,0,0,-93,1
1183,-537,103,0,0,0,-93,1
1184,-537,103,0,0,0,-93,1
1185,-537,103,0,0,0,-93,1
1186,-537,103,0,0,0,-93,1
1187,-537,103,0,0,0,-93,1
1188,-537,103,0,0,0,-93,1
1189,-537,103,0,0,0,-93,1
1190,-537,103,0,0,0,-93,1
1191,-537,103,0,0,0,-93,1
1192,-537,103,0,0,0,-93,1
1193,-537,103,0,0,0,-93,1
1194,-537,103,0,0,0,-93,1
1195,-537,103,0,0,0,-93,1
1196,-537,103,0,0,0,-93,1
1197,-537,103,0,0,0,-93,1
1198,-537,103,0,0,0,-93,1
1199,-537,103,0,0,0,-93,1
1200,-537,103,0,0,0,-93,1
1201,-537,103,0,0,0,-93,1
1202,-537,103,0,0,0,-93,1
1203,-537,103,0,0,0,-93,1
1204,-537,103,0,0,0,-93,1
1205,-537,103,0,0,0,-93,1
1206,-537,103,0,0,0,-93,1
1207,-537,103,0,0,0,-93,1
1208,-537,103,0,0,0,-93,1
1209,-537,103,0,0,0,-93,1
1210,-537,103,0,0,0,-93,1
1211,-537,103,0,0,0,-93,1
1212,-537,103,0,0,0,-93,1
1213,-537,103,0,0,0,-93,1
1214,-537,103,0,0,0,-93,1
1215,-537,103,0,0,0,-93,1
1216,-537,103,0,0,0,-93,1
1217,-537,103,0,0,0,-93,1
1218,-537,103,0,0,0,-93,1
1219,-537,103,0,0,0,-93,1
1220,-537,103,0,0,0,-93,1
1221,-537,103,0,0,0,-93,1
1222,-537,103,0,0,0,-93,1
1223,-537,103,0,0,0,-93,1
1224,-537,103,0,0,0,-93,1
1225,-537,103,0,0,0,-93,1
1226,-537,103,0,0,0,-93,1
1227,-537,103,0,0,0,-93,1
1228,-537,103,0,0,0,-93,1
1229,-537,103,0,0,0,-93,1
1230,-537,103,0,0,0,-93,1
1231,-537,103,0,0,0,-93,1
1232,-537,103,0,0,0,-93,1
1233,-537,103,0,0,0,-93,1
1234,-537,103,0,0,0,-93,1
1235,-537,103,0,0,0,-93,1
1236,-537,103,0,0,0,-93,1
1237,-537,103,0,0,0,-93,1
1238,-537,103,0,0,0,-93,1
1239,-537,103,0,0,0,-93,1
1240,-537,103,0,0,0,-93,1
1241,-537,103,0,0,0,-93,1
1242,-537,103,0,0,0,-93,1
1243,-537,103,0,0,0,-93,1
1244,-537,103,0,0,0,-93,1
1245,-537,103,0,0,0,-93,1
1246,-537,103,0,0,0,-93,1
1247,-537,103,0,0,0,-93,1
1248,-537,103,0,0,0,-93,1
1249,-537,103,0,0,0,-93,1
1250,-537,103,0,0,0,-93,1
1251,-537,103,0,0,0,-93,1
1252,-537,103,0,0,0,-93,1
1253,-537,103,0,0,0,-93,1
1254,-537,103,0,0,0,-93,1
1255,-537,103,0,0,0,-93,1
1256,-537,103,0,0,0,-93,1
1257,-537,103,0,0,0,-93,1
1258,-537,103,0,0,0,-93,1
1259,-537,103,0,0,0,-93,1
1260,-537,103,0,0,0,-93,1
1261,-537,103,0,0,0,-93,1
1262,-537,103,0,0,0,-93,1
1263,-537,103,0,0,0,-93,1
1264,-537,103,0,0,0,-93,1
1265,-537,103,0,0,0,-93,1
1266,-537,103,0,0,0,-93,1
1267,-537,103,0,0,0,-93,1
1268,-537,103,0,0,0,-93,1
1269,-537,103,0,0,0,-93,1
1270,-537,103,0,0,0,-93,1
1271,-537,103,0,0,0,-93,1
1272,-537,103,0,0,0,-93,1
