t,x,y,fh,fv,r,s,frame:
0,481,25,0,0,0,-75,0
1,481,25,0,0,0,-75,0
2,481,25,0,0,0,-75,0
3,481,25,0,0,0,-75,0
4,481,25,0,0,0,-75,0
5,481,25,0,0,0,-75,0
6,481,25,0,0,0,-75,0
7,481,25,0,0,0,-75,0
8,481,25,0,0,0,-75,0
9,481,25,0,0,0,-75,0
10,481,25,0,0,0,-75,0
11,481,25,0,0,0,-75,0
12,481,25,0,0,0,-75,0
13,481,25,0,0,0,-75,0
14,481,25,0,0,0,-75,0
15,481,25,0,0,0,-75,0
16,481,25,0,0,0,-75,0
17,481,25,0,0,0,-75,0
18,481,25,0,0,0,-75,0
19,481,25,0,0,0,-75,0
20,481,25,0,0,0,-75,0
21,481,25,0,0,0,-75,0
22,481,25,0,0,0,-75,0
23,481,25,0,0,0,-75,0
24,481,25,0,0,0,-75,0
25,481,25,0,0,0,-75,0
26,481,25,0,0,0,-75,0
27,481,25,0,0,0,-75,0
28,481,25,0,0,0,-75,0
29,481,25,0,0,0,-75,0
30,481,25,0,0,0,-75,0
31,481,25,0,0,0,-75,0
32,481,25,0,0,0,-75,0
33,481,25,0,0,0,-75,0
34,481,25,0,0,0,-75,0
35,481,25,0,0,0,-75,0
36,481,25,0,0,0,-75,0
37,481,25,0,0,0,-75,0
38,481,25,0,0,0,-75,0
39,481,25,0,0,0,-75,0
40,481,25,0,0,0,-75,0
41,481,25,0,0,0,-75,0
42,481,25,0,0,0,-75,0
43,481,25,0,0,0,-75,0
44,481,25,0,0,0,-75,0
45,481,25,0,0,0,-75,0
46,481,25,0,0,0,-75,0
47,481,25,0,0,0,-75,0
48,481,25,0,0,0,-75,0
49,481,25,0,0,0,-75,0
50,481,25,0,0,0,-75,0
51,481,25,0,0,0,-75,0
52,481,25,0,0,0,-75,0
53,481,25,0,0,0,-75,0
54,481,25,0,0,0,-75,0
55,481,25,0,0,0,-75,0
56,481,25,0,0,0,-75,0
57,481,25,0,0,0,-75,0
58,481,25,0,0,0,-75,0
59,481,25,0,0,0,-75,0
60,481,25,0,0,0,-75,0
61,481,25,0,0,0,-75,0
62,481,25,0,0,0,-75,0
63,481,25,0,0,0,-75,0
64,481,25,0,0,0,-75,0
65,481,25,0,0,0,-75,0
66,481,25,0,0,0,-75,0
67,481,25,0,0,0,-75,0
68,481,25,0,0,0,-75,0
69,481,25,0,0,0,-75,0
70,481,25,0,0,0,-75,0
71,481,25,0,0,0,-75,0
72,481,25,0,0,0,-75,0
73,481,25,0,0,0,-75,0
74,481,25,0,0,0,-75,0
75,481,25,0,0,0,-75,0
76,481,25,0,0,0,-75,0
77,481,25,0,0,0,-75,0
78,481,25,0,0,0,-75,0
79,481,25,0,0,0,-75,0
80,481,25,0,0,0,-75,0
81,481,25,0,0,0,-75,0
82,481,25,0,0,0,-75,0
83,481,25,0,0,0,-75,0
84,481,25,0,0,0,-75,0
85,481,25,0,0,0,-75,0
86,481,25,0,0,0,-75,0
87,481,25,0,0,0,-75,0
88,481,25,0,0,0,-75,0
89,481,25,0,0,0,-75,0
90,481,25,0,0,0,-75,0
91,481,25,0,0,0,-75,0
92,481,25,0,0,0,-75,0
93,481,25,0,0,0,-75,0
94,481,25,0,0,0,-75,0
95,481,25,0,0,0,-75,0
96,481,25,0,0,0,-75,0
97,481,25,0,0,0,-75,0
98,481,25,0,0,0,-75,0
99,481,25,0,0,0,-75,0
100,481,25,0,0,0,-75,0
101,481,25,0,0,0,-75,0
102,481,25,0,0,0,-75,0
103,481,25,0,0,0,-75,0
104,481,25,0,0,0,-75,0
105,481,25,0,0,0,-75,0
106,481,25,0,0,0,-75,0
107,481,25,0,0,0,-75,0
108,481,25,0,0,0,-75,0
109,481,25,0,0,0,-75,0
110,481,25,0,0,0,-75,0
111,481,25,0,0,0,-75,0
112,482,25,0,0,0,-75,0
113,482,25,0,0,0,-75,0
114,484,25,0,0,0,-75,0
115,486,24,0,0,0,-75,0
116,487,24,0,0,0,-75,0
117,487,24,0,0,0,-75,0
118,487,24,0,0,0,-75,0
119,487,24,0,0,0,-75,0
120,487,24,0,0,0,-75,0
121,488,24,0,0,0,-75,0
122,488,26,0,0,0,-75,0
123,488,28,0,0,0,-75,0
124,489,29,0,0,0,-75,0
125,489,30,0,0,0,-75,0
126,489,30,0,0,0,-75,0
127,489,30,0,0,0,-75,0
128,489,30,0,0,0,-75,0
129,489,30,0,0,0,-75,0
130,489,30,0,0,0,-75,0
131,490,30,0,0,0,-75,0
132,491,30,0,0,0,-75,0
133,493,29,0,0,0,-75,0
134,493,27,0,0,0,-75,0
135,494,27,0,0,0,-75,0
136,494,27,0,0,0,-75,0
137,494,26,0,0,0,-75,0
138,494,26,0,0,0,-75,0
139,495,26,0,0,0,-75,0
140,496,28,0,0,0,-75,0
141,496,28,0,0,0,-75,0
142,498,30,0,0,0,-75,0
143,499,32,0,0,0,-75,0
144,499,32,0,0,0,-75,0
145,499,32,0,0,0,-75,0
146,499,32,0,0,0,-75,0
147,500,32,0,0,0,-75,0
148,500,32,0,0,0,-75,0
149,501,32,0,0,0,-75,0
150,502,30,0,0,0,-75,0
151,503,29,0,0,0,-75,0
152,504,28,0,0,0,-75,0
153,504,27,0,0,0,-75,0
154,504,26,0,0,0,-75,0
155,504,26,0,0,0,-75,0
156,504,26,0,0,0,-75,0
157,505,26,0,0,0,-75,0
158,505,26,0,0,0,-75,0
159,505,28,0,0,0,-75,0
160,506,29,0,0,0,-75,0
161,507,30,0,0,0,-75,0
162,508,32,0,0,0,-75,0
163,508,32,0,0,0,-75,0
164,508,32,0,0,0,-75,0
165,508,32,0,0,0,-75,0
166,508,32,0,0,0,-75,0
167,509,32,0,0,0,-75,0
168,510,32,0,0,0,-75,0
169,512,31,0,0,0,-75,0
170,513,29,0,0,0,-75,0
171,514,29,0,0,0,-75,0
172,514,28,0,0,0,-75,0
173,515,28,0,0,0,-75,0
174,515,27,0,0,0,-75,0
175,515,27,0,0,0,-75,0
176,515,27,0,0,0,-75,0
177,515,27,0,0,0,-75,0
178,515,27,0,0,0,-75,0
179,515,27,0,0,0,-75,0
180,515,27,0,0,0,-75,0
181,515,27,0,0,0,-75,0
182,515,27,0,0,0,-75,0
183,515,27,0,0,0,-75,0
184,515,27,0,0,0,-75,0
185,515,27,0,0,0,-75,0
186,515,27,0,0,0,-75,0
187,515,27,0,0,0,-75,0
188,515,27,0,0,0,-75,0
189,515,27,0,0,0,-75,0
190,515,27,0,0,0,-75,0
191,515,27,0,0,0,-75,0
192,515,27,0,0,0,-75,0
193,515,27,0,0,0,-75,0
194,515,27,0,0,0,-75,0
195,515,27,0,0,0,-75,0
196,515,27,0,0,0,-75,0
197,515,27,0,0,0,-75,0
198,515,27,0,0,0,-75,0
199,515,27,0,0,0,-75,0
200,515,27,0,0,0,-75,0
201,515,27,0,0,0,-75,0
202,515,27,0,0,0,-75,0
203,515,27,0,0,0,-75,0
204,515,27,0,0,0,-75,0
205,515,27,0,0,0,-75,0
206,515,27,0,0,0,-75,0
207,515,27,0,0,0,-75,0
208,515,27,0,0,0,-75,0
209,515,27,0,0,0,-75,0
210,515,27,0,0,0,-75,0
211,515,27,0,0,0,-75,0
212,515,27,0,0,0,-75,0
213,515,27,0,0,0,-75,0
214,515,27,0,0,0,-75,0
215,515,27,0,0,0,-75,0
216,515,27,0,0,0,-75,0
217,515,27,0,0,0,-75,0
218,515,27,0,0,0,-75,0
219,515,27,0,0,0,-75,0
220,515,27,0,0,0,-75,0
221,515,27,0,0,0,-75,0
222,515,27,0,0,0,-75,0
223,515,27,0,0,0,-75,0
224,515,27,0,0,0,-75,0
225,515,27,0,0,0,-75,0
226,515,27,1,0,0,-75,0
227,515,27,1,0,0,-75,0
228,515,27,1,0,0,-75,0
229,515,27,1,0,0,-75,0
230,515,27,1,0,0,-75,0
231,515,27,1,0,0,-75,0
232,515,27,1,0,0,-75,0
233,515,27,1,0,0,-75,0
234,515,27,1,0,0,-75,0
235,515,27,1,0,0,-75,0
236,515,27,1,0,0,-75,0
237,515,27,1,0,0,-75,0
238,515,27,1,0,0,-75,0
239,515,27,1,0,0,-75,0
240,515,27,1,0,0,-75,0
241,515,27,1,0,0,-75,0
242,515,27,1,0,0,-75,0
243,515,27,1,0,0,-75,0
244,515,27,1,0,0,-75,0
245,515,27,1,0,0,-75,0
246,515,27,1,0,0,-75,0
247,515,27,1,0,0,-75,0
248,515,27,1,0,0,-75,0
249,515,27,1,0,0,-75,0
250,515,27,1,0,0,-75,0
251,515,27,1,0,0,-75,0
252,515,27,1,0,0,-75,0
253,515,27,1,0,0,-75,0
254,515,27,1,0,0,-75,0
255,515,27,1,0,0,-75,0
256,515,27,1,0,0,-75,0
257,515,27,1,0,0,-75,0
258,515,27,1,0,0,-75,0
259,515,27,1,0,0,-75,0
260,515,27,1,0,0,-75,0
261,515,27,1,0,0,-75,0
262,515,27,1,0,0,-75,0
263,515,27,1,0,0,-75,0
264,515,27,1,0,0,-75,0
265,515,27,1,0,0,-75,0
266,515,27,1,0,0,-75,0
267,515,27,1,0,0,-75,0
268,515,27,1,0,0,-75,0
269,515,27,1,0,0,-75,0
270,515,27,1,0,0,-75,0
271,515,27,1,0,0,-75,0
272,515,27,1,0,0,-75,0
273,515,27,1,0,0,-75,0
274,515,27,1,0,0,-75,0
275,515,27,1,0,0,-75,0
276,515,27,1,0,0,-75,0
277,515,27,1,0,0,-75,0
278,515,27,1,0,0,-75,0
279,515,27,1,0,0,-75,0
280,515,27,1,0,0,-75,0
281,515,27,1,0,0,-75,0
282,515,27,1,0,0,-75,0
283,515,27,1,0,0,-75,0
284,515,27,1,0,0,-75,0
285,515,27,1,0,0,-75,0
286,515,27,1,0,0,-75,0
287,515,27,1,0,0,-75,0
288,515,27,1,0,0,-75,0
289,515,27,1,0,0,-75,0
290,515,27,1,0,0,-75,0
291,515,27,1,0,0,-75,0
292,515,27,1,0,0,-75,0
293,515,27,1,0,0,-75,0
294,515,27,1,0,0,-75,0
295,515,27,1,0,0,-75,0
296,515,27,1,0,0,-75,0
297,515,27,1,0,0,-75,0
298,515,27,1,0,0,-75,0
299,515,27,1,0,0,-75,0
300,515,27,1,0,0,-75,0
301,515,27,1,0,0,-75,0
302,515,27,1,0,0,-75,0
303,515,26,1,0,0,-75,0
304,515,26,1,0,0,-75,0
305,515,26,1,0,0,-75,0
306,515,26,1,0,0,-75,0
307,513,26,1,0,0,-75,0
308,513,26,1,0,0,-75,0
309,512,27,1,0,0,-75,0
310,511,28,1,0,0,-75,0
311,509,30,1,0,0,-75,0
312,509,30,1,0,0,-75,0
313,508,31,1,0,0,-75,0
314,508,31,1,0,0,-75,0
315,508,31,1,0,0,-75,0
316,508,31,1,0,0,-75,0
317,508,31,1,0,0,-75,0
318,508,30,1,0,0,-75,0
319,508,28,1,0,0,-75,0
320,507,27,1,0,0,-75,0
321,507,25,1,0,0,-75,0
322,507,23,1,0,0,-75,0
323,507,22,1,0,0,-75,0
324,507,22,1,0,0,-75,0
325,507,22,1,0,0,-75,0
326,507,22,1,0,0,-75,0
327,507,22,1,0,0,-75,0
328,506,22,1,0,0,-75,0
329,505,23,1,0,0,-75,0
330,504,25,1,0,0,-75,0
331,503,25,1,0,0,-75,0
332,502,26,1,0,0,-75,0
333,502,27,1,0,0,-75,0
334,502,27,1,0,0,-75,0
335,501,27,1,0,0,-75,0
336,500,28,1,0,0,-75,0
337,500,28,1,0,0,-75,0
338,500,28,1,0,0,-75,0
339,500,27,1,0,0,-75,0
340,500,26,1,0,0,-75,0
341,499,26,1,0,0,-75,0
342,497,24,1,0,0,-75,0
343,497,23,1,0,0,-75,0
344,496,22,1,0,0,-75,0
345,496,21,1,0,0,-75,0
346,495,21,1,0,0,-75,0
347,495,21,1,0,0,-75,0
348,495,21,1,0,0,-75,0
349,495,21,1,0,0,-75,0
350,494,21,1,0,0,-75,0
351,493,22,1,0,0,-75,0
352,491,23,1,0,0,-75,0
353,488,25,1,0,0,-75,0
354,487,26,1,0,0,-75,0
355,487,26,1,0,0,-75,0
356,487,26,1,0,0,-75,0
357,487,26,1,0,0,-75,0
358,487,26,1,0,0,-75,0
359,485,26,1,0,0,-75,0
360,484,25,1,0,0,-75,0
361,484,25,1,0,0,-75,0
362,484,24,1,0,0,-75,0
363,482,23,1,0,0,-75,0
364,482,21,1,0,0,-75,0
365,481,21,1,0,0,-75,0
366,481,21,1,0,0,-75,0
367,481,20,1,0,0,-75,0
368,481,20,1,0,0,-75,0
369,480,20,1,0,0,-75,0
370,480,21,1,0,0,-75,0
371,479,22,1,0,0,-75,0
372,479,23,1,0,0,-75,0
373,479,23,1,0,0,-75,0
374,479,23,1,0,0,-75,0
375,479,23,1,0,0,-75,0
376,479,23,1,0,0,-75,0
377,479,23,1,0,0,-75,0
378,479,23,1,0,0,-75,0
379,479,23,1,0,0,-75,0
380,479,23,1,0,0,-75,0
381,479,23,1,0,0,-75,0
382,479,23,1,0,0,-75,0
383,479,23,1,0,0,-75,0
384,479,23,1,0,0,-75,0
385,479,23,1,0,0,-75,0
386,479,23,1,0,0,-75,0
387,479,23,1,0,0,-75,0
388,479,23,1,0,0,-75,0
389,479,23,1,0,0,-75,0
390,479,23,1,0,0,-75,0
391,479,23,1,0,0,-75,0
392,479,23,1,0,0,-75,0
393,479,23,1,0,0,-75,0
394,479,23,1,0,0,-75,0
395,479,23,1,0,0,-75,0
396,479,23,1,0,0,-75,0
397,479,23,1,0,0,-75,0
398,479,23,1,0,0,-75,0
399,479,23,1,0,0,-75,0
400,479,23,1,0,0,-75,0
401,479,23,1,0,0,-75,0
402,479,23,1,0,0,-75,0
403,479,23,1,0,0,-75,0
404,479,23,1,0,0,-75,0
405,479,23,1,0,0,-75,0
406,479,23,1,0,0,-75,0
407,479,23,1,0,0,-75,0
408,479,23,1,0,0,-75,0
409,479,23,1,0,0,-75,0
410,479,23,1,0,0,-75,0
411,479,23,1,0,0,-75,0
412,479,23,1,0,0,-75,0
413,479,23,1,0,0,-75,0
414,479,23,1,0,0,-75,0
415,479,23,1,0,0,-75,0
416,479,23,1,0,0,-75,0
417,479,23,1,0,0,-75,0
418,479,23,1,0,0,-75,0
419,479,23,1,0,0,-75,0
420,479,23,1,0,0,-75,0
421,479,23,1,0,0,-75,0
422,479,23,1,0,0,-75,0
423,479,23,1,0,0,-75,0
424,479,23,1,0,0,-75,0
425,479,23,1,0,0,-75,0
426,479,23,1,0,0,-75,0
427,479,23,1,0,0,-75,0
428,479,23,1,0,0,-75,0
429,479,23,1,0,0,-75,0
430,479,23,1,0,0,-75,0
431,479,23,1,0,0,-75,0
432,479,23,1,0,0,-75,0
433,479,23,1,0,0,-75,0
434,479,23,1,0,0,-75,0
435,479,23,1,0,0,-75,0
436,479,23,1,0,0,-75,0
437,479,23,1,0,0,-75,0
438,479,23,1,0,0,-75,0
439,479,23,1,0,0,-75,0
440,479,23,1,0,0,-75,0
441,479,23,1,0,0,-75,0
442,479,23,1,0,0,-75,0
443,479,23,1,0,0,-75,0
444,479,23,1,0,0,-75,0
445,479,23,1,0,0,-75,0
446,479,23,1,0,0,-75,0
447,479,23,1,0,0,-75,0
448,479,23,1,0,0,-75,0
449,479,23,1,0,0,-75,0
450,479,23,1,0,0,-75,0
451,479,23,1,0,0,-75,0
452,479,23,1,0,0,-75,0
453,479,23,1,0,0,-75,0
454,479,23,1,0,0,-75,0
455,479,23,1,0,0,-75,0
456,479,23,1,0,0,-75,0
457,479,23,1,0,0,-75,0
458,479,23,1,0,0,-75,0
459,479,23,1,0,0,-75,0
460,479,23,1,0,0,-75,0
461,479,23,1,0,0,-75,0
462,479,27,1,0,-38,-75,0
463,479,27,1,0,-38,-75,0
464,479,27,1,0,-38,-75,0
465,479,27,1,0,-38,-75,0
466,472,36,1,0,-38,-75,0
467,470,39,1,0,-38,-75,0
468,463,46,1,0,-38,-75,0
469,456,52,1,0,-38,-75,0
470,446,64,1,0,-38,-75,0
471,438,72,1,0,-38,-75,0
472,432,80,1,0,-38,-75,0
473,426,93,1,0,-38,-75,0
474,424,97,1,0,-38,-75,0
475,419,103,1,0,-38,-75,0
476,418,104,1,0,-38,-75,0
477,417,104,1,0,-38,-75,0
478,383,18,0,0,25,-75,0
479,383,18,0,0,25,-75,0
480,384,22,0,0,25,-75,0
481,388,34,0,0,25,-75,0
482,393,46,0,0,25,-75,0
483,395,53,0,0,25,-75,0
484,401,65,0,0,25,-75,0
485,405,76,0,0,25,-75,0
486,414,95,0,0,25,-75,0
487,415,98,0,0,25,-75,0
488,420,108,0,0,25,-75,0
489,423,113,0,0,25,-75,0
490,424,116,0,0,25,-75,0
491,424,116,0,0,25,-75,0
492,460,-86,1,0,147,-105,0
493,460,-86,1,0,147,-105,0
494,460,-86,1,0,147,-105,0
495,460,-86,1,0,147,-105,0
496,460,-87,1,0,147,-105,0
497,464,-94,1,0,147,-105,0
498,480,-113,1,0,147,-105,0
499,515,-148,1,0,147,-105,0
500,528,-167,1,0,147,-105,0
501,540,-186,1,0,147,-105,0
502,544,-198,1,0,147,-105,0
503,544,-201,1,0,147,-105,0
504,544,-204,1,0,147,-105,0
505,544,-204,1,0,147,-105,0
506,566,-101,0,0,260,-101,0
507,566,-101,0,0,260,-101,0
508,566,-101,0,0,260,-101,0
509,566,-101,0,0,260,-101,0
510,566,-101,0,0,260,-101,0
511,562,-101,0,0,260,-101,0
512,554,-101,0,0,260,-101,0
513,539,-101,0,0,260,-101,0
514,509,-102,0,0,260,-101,0
515,472,-104,0,0,260,-101,0
516,423,-105,0,0,260,-101,0
517,405,-107,0,0,260,-101,0
518,405,-107,0,0,260,-101,0
519,405,-107,0,0,260,-101,0
520,405,-107,0,0,260,-101,0
521,405,-107,0,0,260,-101,0
522,405,-107,0,0,260,-101,0
523,405,-107,0,0,260,-101,0
524,407,-108,0,0,260,-101,0
525,512,-313,1,0,267,-133,0
526,512,-313,1,0,267,-133,0
527,512,-313,1,0,267,-133,0
528,511,-313,1,0,267,-133,0
529,509,-313,1,0,267,-133,0
530,498,-312,1,0,267,-133,0
531,493,-312,1,0,267,-133,0
532,459,-307,1,0,267,-133,0
533,452,-306,1,0,267,-133,0
534,439,-304,1,0,267,-133,0
535,435,-304,1,0,267,-133,0
536,435,-304,1,0,267,-133,0
537,435,-304,1,0,267,-133,0
538,435,-304,1,0,267,-133,0
539,435,-305,1,0,267,-133,0
540,-237,110,1,0,313,-79,0
541,-238,110,1,0,313,-79,0
542,-239,111,1,0,313,-79,0
543,-245,115,1,0,313,-79,0
544,-272,131,1,0,313,-79,0
545,-292,144,1,0,313,-79,0
546,-307,153,1,0,313,-79,0
547,-351,184,1,0,313,-79,0
548,-369,195,1,0,313,-79,0
549,-402,218,1,0,313,-79,0
550,-432,240,1,0,313,-79,0
551,-432,237,1,0,313,-79,0
552,-421,229,1,0,313,-79,0
553,-267,223,0,0,246,-79,0
554,-267,223,0,0,246,-79,0
555,-267,221,0,0,246,-79,0
556,-276,215,0,0,246,-79,0
557,-298,205,0,0,246,-79,0
558,-325,194,0,0,246,-79,0
559,-373,176,0,0,246,-79,0
560,-417,157,0,0,246,-79,0
561,-451,141,0,0,246,-79,0
562,-481,126,0,0,246,-79,0
563,-481,126,0,0,246,-79,0
564,-481,126,0,0,246,-79,0
565,-481,126,0,0,246,-79,0
566,-338,-103,1,0,222,-109,0
567,-338,-103,1,0,222,-109,0
568,-338,-103,1,0,222,-109,0
569,-338,-103,1,0,222,-109,0
570,-338,-104,1,0,222,-109,0
571,-341,-109,1,0,222,-109,0
572,-356,-125,1,0,222,-109,0
573,-387,-148,1,0,222,-109,0
574,-398,-158,1,0,222,-109,0
575,-417,-180,1,0,222,-109,0
576,-425,-196,1,0,222,-109,0
577,-425,-203,1,0,222,-109,0
578,-426,-209,1,0,222,-109,0
579,-426,-210,1,0,222,-109,0
580,-427,-214,1,0,222,-109,0
581,-430,-220,1,0,222,-109,0
582,-465,-241,0,0,81,-109,0
583,-465,-241,0,0,81,-109,0
584,-465,-241,0,0,81,-109,0
585,-465,-241,0,0,81,-109,0
586,-465,-241,0,0,82,-109,0
587,-465,-241,0,0,83,-109,0
588,-465,-241,0,0,84,-109,0
589,-465,-241,0,0,85,-109,0
590,-465,-242,0,0,86,-109,0
591,-465,-242,0,0,87,-109,0
592,-465,-242,0,0,88,-109,0
593,-465,-242,0,0,88,-109,0
594,-465,-242,0,0,87,-109,0
595,-465,-242,0,0,86,-109,0
596,-465,-242,0,0,85,-109,0
597,-465,-242,0,0,84,-109,0
598,-465,-242,0,0,83,-109,0
599,-465,-242,0,0,84,-109,0
600,-465,-242,0,0,85,-109,0
601,-465,-242,0,0,86,-109,0
602,-465,-242,0,0,87,-109,0
603,-465,-242,0,0,88,-109,0
604,-465,-242,0,0,89,-109,0
605,-465,-242,0,0,89,-109,0
606,-465,-242,0,0,89,-109,0
607,-465,-242,0,0,88,-109,0
608,-465,-242,0,0,87,-109,0
609,-465,-242,0,0,86,-109,0
610,-465,-242,0,0,85,-109,0
611,-465,-242,0,0,84,-109,0
612,-464,-243,0,0,83,-109,0
613,-464,-243,0,0,82,-109,0
614,-464,-243,0,0,81,-109,0
615,-464,-243,0,0,82,-109,0
616,-464,-243,0,0,83,-109,0
617,-464,-243,0,0,84,-109,0
618,-463,-244,0,0,85,-109,0
619,-463,-244,0,0,86,-109,0
620,-463,-244,0,0,87,-109,0
621,-462,-244,0,0,88,-109,0
622,-462,-244,0,0,89,-109,0
623,-462,-244,0,0,88,-109,0
624,-462,-244,0,0,87,-109,0
625,-462,-244,0,0,86,-109,0
626,-461,-244,0,0,85,-109,0
627,-461,-244,0,0,84,-109,0
628,-460,-244,0,0,83,-109,0
629,-460,-244,0,0,82,-109,0
630,-460,-243,0,0,83,-109,0
631,-459,-243,0,0,84,-109,0
632,-459,-242,0,0,85,-109,0
633,-459,-242,0,0,86,-109,0
634,-459,-242,0,0,87,-109,0
635,-459,-241,0,0,88,-109,0
636,-459,-240,0,0,88,-109,0
637,-458,-238,0,0,88,-109,0
638,-458,-238,0,0,88,-109,0
639,-458,-238,0,0,87,-109,0
640,-458,-237,0,0,86,-109,0
641,-458,-236,0,0,85,-109,0
642,-458,-235,0,0,84,-109,0
643,-458,-234,0,0,83,-109,0
644,-458,-234,0,0,82,-109,0
645,-458,-234,0,0,81,-109,0
646,-458,-234,0,0,81,-109,0
647,-458,-234,0,0,81,-109,0
648,-458,-234,0,0,81,-109,0
649,-458,-234,0,0,81,-109,0
650,-458,-234,0,0,81,-109,0
651,-458,-234,0,0,81,-109,0
652,-458,-234,0,0,81,-109,0
653,-458,-234,0,0,81,-109,0
654,-457,-234,0,0,81,-109,0
655,-457,-234,0,0,81,-109,0
656,-457,-234,0,0,81,-109,0
657,-457,-234,0,0,81,-109,0
658,-457,-234,0,0,81,-109,0
659,-457,-234,0,0,81,-109,0
660,-457,-234,0,0,81,-109,0
661,-457,-234,0,0,81,-109,0
662,-457,-234,0,0,81,-109,0
663,-457,-233,0,0,81,-109,0
664,-457,-233,0,0,81,-109,0
665,-457,-232,0,0,81,-109,0
666,-457,-232,0,0,81,-109,0
667,-457,-231,0,0,81,-109,0
668,-457,-231,0,0,81,-109,0
669,-457,-230,0,0,81,-109,0
670,-457,-230,0,0,81,-109,0
671,-457,-229,0,0,81,-109,0
672,-457,-229,0,0,81,-109,0
673,-457,-229,0,0,81,-109,0
674,-457,-228,0,0,81,-109,0
675,-457,-228,0,0,81,-109,0
676,-457,-227,0,0,81,-109,0
677,-457,-227,0,0,81,-109,0
678,-457,-226,0,0,81,-109,0
679,-457,-224,0,0,81,-109,0
680,-457,-224,0,0,81,-109,0
681,-457,-223,0,0,81,-109,0
682,-457,-222,0,0,81,-109,0
683,-456,-222,0,0,81,-109,0
684,-456,-221,0,0,81,-109,0
685,-456,-220,0,0,81,-109,0
686,-456,-220,0,0,81,-109,0
687,-456,-218,0,0,81,-109,0
688,-455,-217,0,0,81,-109,0
689,-455,-217,0,0,81,-109,0
690,-455,-216,0,0,81,-109,0
691,-455,-215,0,0,81,-109,0
692,-454,-214,0,0,81,-109,0
693,-453,-210,0,0,81,-109,0
694,-452,-208,0,0,81,-109,0
695,-452,-207,0,0,81,-109,0
696,-452,-206,0,0,81,-109,0
697,-451,-205,0,0,81,-109,0
698,-451,-205,0,0,81,-109,0
699,-451,-204,0,0,81,-109,0
700,-451,-203,0,0,81,-109,0
701,-450,-202,0,0,81,-109,0
702,-450,-200,0,0,81,-109,0
703,-450,-198,0,0,81,-109,0
704,-449,-196,0,0,81,-109,0
705,-449,-195,0,0,81,-109,0
706,-448,-193,0,0,81,-109,0
707,-448,-191,0,0,81,-109,0
708,-447,-186,0,0,81,-109,0
709,-447,-185,0,0,81,-109,0
710,-447,-183,0,0,81,-109,0
711,-446,-181,0,0,81,-109,0
712,-445,-178,0,0,81,-109,0
713,-445,-176,0,0,81,-109,0
714,-445,-173,0,0,81,-109,0
715,-444,-169,0,0,81,-109,0
716,-444,-167,0,0,81,-109,0
717,-444,-164,0,0,81,-109,0
718,-444,-163,0,0,81,-109,0
719,-444,-161,0,0,81,-109,0
720,-444,-160,0,0,81,-109,0
721,-445,-158,0,0,81,-109,0
722,-445,-156,0,0,81,-109,0
723,-446,-154,0,0,81,-109,0
724,-447,-152,0,0,81,-109,0
725,-447,-150,0,0,81,-109,0
726,-447,-149,0,0,81,-109,0
727,-448,-148,0,0,81,-109,0
728,-448,-147,0,0,81,-109,0
729,-448,-146,0,0,81,-109,0
730,-448,-145,0,0,81,-109,0
731,-448,-144,0,0,81,-109,0
732,-448,-144,0,0,81,-109,0
733,-448,-143,0,0,81,-109,0
734,-448,-141,0,0,81,-109,0
735,-448,-140,0,0,81,-109,0
736,-448,-138,0,0,81,-109,0
737,-447,-136,0,0,81,-109,0
738,-446,-133,0,0,81,-109,0
739,-444,-129,0,0,81,-109,0
740,-442,-125,0,0,81,-109,0
741,-440,-122,0,0,81,-109,0
742,-439,-119,0,0,81,-109,0
743,-436,-116,0,0,81,-109,0
744,-435,-114,0,0,81,-109,0
745,-434,-113,0,0,81,-109,0
746,-433,-111,0,0,81,-109,0
747,-432,-108,0,0,81,-109,0
748,-432,-107,0,0,81,-109,0
749,-431,-105,0,0,81,-109,0
750,-431,-104,0,0,81,-109,0
751,-431,-103,0,0,81,-109,0
752,-431,-102,0,0,81,-109,0
753,-431,-101,0,0,81,-109,0
754,-431,-99,0,0,81,-109,0
755,-431,-99,0,0,81,-109,0
756,-433,-96,0,0,81,-109,0
757,-433,-96,0,0,81,-109,0
758,-434,-95,0,0,81,-109,0
759,-435,-94,0,0,81,-109,0
760,-436,-93,0,0,81,-109,0
761,-436,-92,0,0,81,-109,0
762,-437,-91,0,0,81,-109,0
763,-438,-91,0,0,81,-109,0
764,-438,-91,0,0,81,-109,0
765,-438,-91,0,0,81,-109,0
766,-438,-90,0,0,81,-109,0
767,-439,-90,0,0,81,-109,0
768,-440,-89,0,0,81,-109,0
769,-440,-88,0,0,81,-109,0
770,-441,-88,0,0,81,-109,0
771,-441,-88,0,0,81,-109,0
772,-441,-87,0,0,81,-109,0
773,-442,-87,0,0,81,-109,0
774,-442,-87,0,0,81,-109,0
775,-442,-87,0,0,81,-109,0
776,-442,-87,0,0,81,-109,0
777,-442,-87,0,0,81,-109,0
778,-443,-87,0,0,81,-109,0
779,-444,-86,0,0,81,-109,0
780,-444,-86,0,0,81,-109,0
781,-444,-85,0,0,81,-109,0
782,-444,-85,0,0,81,-109,0
783,-444,-85,0,0,81,-109,0
784,-444,-85,0,0,81,-109,0
785,-445,-85,0,0,81,-109,0
786,-445,-85,0,0,81,-109,0
787,-446,-84,0,0,81,-109,0
788,-446,-83,0,0,81,-109,0
789,-446,-83,0,0,81,-109,0
790,-446,-83,0,0,81,-109,0
791,-446,-83,0,0,81,-109,0
792,-446,-83,0,0,81,-109,0
793,-446,-83,0,0,81,-109,0
794,-446,-83,0,0,81,-109,0
795,-446,-83,0,0,81,-109,0
796,-446,-83,0,0,81,-109,0
797,-446,-83,0,0,81,-109,0
798,-446,-83,0,0,81,-109,0
799,-446,-83,0,0,81,-109,0
800,-446,-83,0,0,81,-109,0
801,-446,-83,0,0,81,-109,0
802,-446,-83,0,0,81,-109,0
803,-446,-83,0,0,81,-109,0
804,-446,-83,0,0,81,-109,0
805,-446,-83,0,0,81,-109,0
806,-446,-83,0,0,81,-109,0
807,-446,-83,0,0,81,-109,0
808,-446,-83,0,0,81,-109,0
809,-446,-83,0,0,81,-109,0
810,-446,-83,0,0,81,-109,0
811,-446,-83,0,0,81,-109,0
812,-446,-83,0,0,81,-109,0
813,-446,-83,0,0,81,-109,0
814,-446,-83,0,0,81,-109,0
815,-446,-83,0,0,81,-109,0
816,-446,-83,0,0,81,-109,0
817,-446,-83,0,0,81,-109,0
818,-446,-83,0,0,81,-109,0
819,-446,-83,0,0,81,-109,0
820,-446,-83,0,0,81,-109,0
821,-446,-83,0,0,81,-109,0
822,-446,-83,0,0,81,-109,0
823,-446,-83,0,0,81,-109,0
824,-446,-83,0,0,81,-109,0
825,-446,-83,0,0,81,-109,0
826,-446,-83,0,0,81,-109,0
827,-446,-83,0,0,81,-109,0
828,-446,-83,0,0,81,-109,0
829,-446,-83,0,0,81,-109,0
830,-446,-83,0,0,81,-109,0
831,-446,-83,0,0,81,-109,0
832,-446,-83,0,0,81,-109,0
833,-446,-83,0,0,81,-109,0
834,-446,-83,0,0,81,-109,0
835,-446,-83,0,0,81,-109,0
836,-446,-83,0,0,81,-109,0
837,-446,-83,0,0,81,-109,0
838,-446,-83,0,0,81,-109,0
839,-446,-83,0,0,81,-109,0
840,-446,-83,0,0,81,-109,0
841,-446,-83,0,0,81,-109,0
842,-446,-83,0,0,81,-109,0
843,-446,-83,0,0,81,-109,0
844,-446,-83,0,0,81,-109,0
845,-446,-83,0,0,81,-109,0
846,-446,-83,0,0,81,-109,0
847,-446,-83,0,0,81,-109,0
848,-446,-83,0,0,81,-109,0
849,-446,-83,0,0,81,-109,0
850,-446,-83,0,0,81,-109,0
851,-446,-83,0,0,81,-109,0
852,-446,-83,0,0,81,-109,0
853,-446,-83,0,0,81,-109,0
854,-446,-83,0,0,81,-109,0
855,-446,-83,0,0,81,-109,0
856,-446,-83,0,0,81,-109,0
857,-446,-83,0,0,81,-109,0
858,-446,-83,0,0,81,-109,0
859,-446,-83,0,0,81,-109,0
860,-446,-83,0,0,81,-109,0
861,-446,-83,0,0,81,-109,0
862,-446,-83,0,0,81,-109,0
863,-446,-83,0,0,81,-109,0
864,-446,-83,0,0,81,-109,0
865,-446,-83,0,0,81,-109,0
866,-446,-83,0,0,81,-109,0
867,-446,-83,0,0,81,-109,0
868,-446,-83,0,0,81,-109,0
869,-446,-83,0,0,81,-109,0
870,-446,-83,0,0,81,-109,0
871,-446,-83,0,0,81,-109,0
872,-446,-83,0,0,81,-109,0
873,-446,-83,0,0,81,-109,0
874,-446,-83,0,0,81,-109,0
875,-446,-83,0,0,81,-109,0
876,-446,-83,0,0,81,-109,0
877,-446,-83,0,0,81,-109,0
878,-446,-83,0,0,81,-109,0
879,-446,-83,0,0,81,-109,0
880,-446,-83,0,0,81,-109,0
881,-446,-83,0,0,81,-109,0
882,-446,-83,0,0,81,-109,0
883,-446,-83,0,0,81,-109,0
884,-446,-83,0,0,81,-109,0
885,-446,-83,0,0,81,-109,0
886,-446,-83,0,0,81,-109,0
887,-446,-83,0,0,81,-109,0
888,-446,-83,0,0,81,-109,0
889,-446,-83,0,0,81,-109,0
890,-446,-83,0,0,81,-109,0
891,-446,-83,0,0,81,-109,0
892,-446,-83,0,0,81,-109,0
893,-446,-83,0,0,81,-109,0
894,-446,-83,0,0,81,-109,0
895,-446,-83,0,0,81,-109,0
896,-446,-83,0,0,81,-109,0
897,-446,-83,0,0,81,-109,0
898,-446,-83,0,0,81,-109,0
899,-446,-83,0,0,81,-109,0
900,-446,-83,0,0,81,-109,0
901,-446,-83,0,0,81,-109,0
902,-446,-83,0,0,81,-109,0
903,-446,-83,0,0,81,-109,0
904,-446,-83,0,0,81,-109,0
905,-446,-83,0,0,81,-109,0
906,-446,-83,0,0,81,-109,0
907,-446,-83,0,0,81,-109,0
908,-446,-83,0,0,81,-109,0
909,-446,-83,0,0,81,-109,0
910,-446,-83,0,0,81,-109,0
911,-446,-83,0,0,81,-109,0
912,-446,-83,0,0,81,-109,0
913,-446,-83,0,0,81,-109,0
914,-446,-83,0,0,81,-109,0
915,-446,-83,0,0,81,-109,0
916,-446,-83,0,0,81,-109,0
917,-446,-83,0,0,81,-109,0
918,-446,-83,0,0,81,-109,0
919,-446,-83,0,0,81,-109,0
920,-446,-83,0,0,81,-109,0
921,-446,-83,0,0,81,-109,0
922,-446,-83,0,0,81,-109,0
923,-446,-83,0,0,81,-109,0
924,-446,-83,0,0,81,-109,0
925,-446,-83,0,0,81,-109,0
926,-446,-83,0,0,81,-109,0
927,-446,-83,0,0,81,-109,0
928,-446,-83,0,0,81,-109,0
929,-446,-83,0,0,81,-109,0
930,-446,-83,0,0,81,-109,0
931,-446,-83,0,0,81,-109,0
932,-446,-83,0,0,81,-109,0
933,-446,-83,0,0,81,-109,0
934,-446,-83,0,0,81,-109,0
935,-446,-83,0,0,81,-109,0
936,-446,-83,0,0,82,-109,0
937,-446,-83,0,0,83,-109,0
938,-446,-83,0,0,84,-109,0
939,-446,-83,0,0,85,-109,0
940,-446,-83,0,0,86,-109,0
941,-446,-83,0,0,87,-109,0
942,-446,-83,0,0,87,-109,0
943,-446,-83,0,0,87,-109,0
944,-446,-83,0,0,87,-109,0
945,-446,-83,0,0,87,-109,0
946,-446,-83,0,0,87,-109,0
947,-446,-83,0,0,86,-109,0
948,-446,-83,0,0,85,-109,0
949,-446,-83,0,0,84,-109,0
950,-446,-83,0,0,83,-109,0
951,-446,-83,0,0,82,-109,0
952,-446,-83,0,0,81,-109,0
953,-446,-83,0,0,81,-109,0
954,-446,-83,0,0,81,-109,0
955,-446,-83,0,0,82,-109,0
956,-446,-83,0,0,83,-109,0
957,-446,-83,0,0,84,-109,0
958,-446,-83,0,0,85,-109,0
959,-446,-83,0,0,86,-109,0
960,-446,-83,0,0,86,-109,0
961,-446,-83,0,0,86,-109,0
962,-446,-83,0,0,85,-109,0
963,-446,-83,0,0,84,-109,0
964,-446,-83,0,0,83,-109,0
965,-446,-83,0,0,82,-109,0
966,-446,-83,0,0,81,-109,0
967,-446,-83,0,0,80,-109,0
968,-446,-83,0,0,80,-109,0
969,-446,-83,0,0,80,-109,0
970,-446,-83,0,0,80,-109,0
971,-446,-83,0,0,79,-109,0
972,-446,-83,0,0,79,-109,0
973,-446,-83,0,0,79,-109,0
974,-446,-83,0,0,79,-109,0
975,-446,-83,0,0,79,-109,0
976,-446,-83,0,0,79,-109,0
977,-446,-83,0,0,79,-109,0
978,-446,-83,0,0,79,-109,0
979,-446,-83,0,0,79,-109,0
980,-446,-83,0,0,79,-109,0
981,-446,-83,0,0,79,-109,0
982,-446,-83,0,0,79,-109,0
983,-446,-83,0,0,79,-109,0
984,-446,-83,0,0,79,-109,0
985,-446,-83,0,0,79,-109,0
986,-446,-83,0,0,79,-109,0
987,-446,-83,0,0,79,-109,0
988,-446,-83,0,0,79,-109,0
989,-446,-83,0,0,79,-109,0
990,-446,-83,0,0,79,-109,0
991,-446,-83,0,0,79,-109,0
992,-446,-83,0,0,79,-109,0
993,-446,-83,0,0,79,-109,0
994,-446,-83,0,0,79,-109,0
995,-446,-83,0,0,79,-109,0
996,-446,-83,0,0,79,-109,0
997,-446,-83,0,0,79,-109,0
998,-446,-83,0,0,79,-109,0
999,-446,-83,0,0,79,-109,0
1000,-446,-83,0,0,79,-109,0
1001,-446,-83,0,0,79,-109,0
1002,-446,-83,0,0,79,-109,0
1003,-446,-83,0,0,79,-109,0
1004,-446,-83,0,0,79,-109,0
1005,-446,-83,0,0,79,-109,0
1006,-446,-83,0,0,79,-109,0
1007,-446,-83,0,0,79,-109,0
1008,-446,-83,0,0,79,-109,0
1009,-446,-83,0,0,79,-109,0
1010,-446,-83,0,0,79,-109,0
1011,-446,-83,0,0,79,-109,0
1012,-446,-83,0,0,79,-109,0
1013,-446,-83,0,0,79,-109,0
1014,-446,-83,0,0,79,-109,0
1015,-446,-83,0,0,79,-109,0
1016,-446,-83,0,0,79,-109,0
1017,-446,-83,0,0,79,-109,0
1018,-446,-83,0,0,79,-109,0
1019,-446,-83,0,0,79,-109,0
1020,-446,-83,0,0,79,-109,0
1021,-446,-83,0,0,79,-109,0
1022,-446,-83,0,0,79,-109,0
1023,-446,-83,0,0,79,-109,0
1024,-446,-83,0,0,79,-109,0
1025,-446,-83,0,0,79,-109,0
1026,-446,-83,0,0,79,-109,0
1027,-446,-83,0,0,79,-109,0
1028,-446,-83,0,0,79,-109,0
1029,-446,-83,0,0,79,-109,0
1030,-446,-83,0,0,79,-109,0
1031,-446,-83,0,0,79,-109,0
1032,-446,-83,0,0,79,-109,0
1033,-446,-83,0,0,79,-109,0
1034,-446,-83,0,0,79,-109,0
1035,-446,-83,0,0,79,-109,0
1036,-446,-83,0,0,79,-109,0
1037,-446,-83,0,0,79,-109,0
1038,-446,-83,0,0,79,-109,0
1039,-446,-83,0,0,79,-109,0
1040,-446,-83,0,0,79,-109,0
1041,-446,-83,0,0,79,-109,0
1042,-446,-83,0,0,79,-109,0
1043,-446,-83,0,0,79,-109,0
1044,-446,-83,0,0,79,-109,0
1045,-446,-83,0,0,79,-109,0
1046,-446,-83,0,0,79,-109,0
1047,-446,-83,0,0,79,-109,0
1048,-446,-83,0,0,79,-109,0
1049,-446,-83,0,0,79,-109,0
1050,-446,-83,0,0,79,-109,0
1051,-446,-83,0,0,79,-109,0
1052,-446,-83,0,0,79,-109,0
1053,-446,-83,0,0,79,-109,0
1054,-446,-83,0,0,79,-109,0
1055,-446,-83,0,0,79,-109,0
1056,-446,-83,0,0,79,-109,0
1057,-446,-83,0,0,79,-109,0
1058,-446,-83,0,0,79,-109,0
1059,-446,-83,0,0,79,-109,0
1060,-446,-83,0,0,79,-109,0
1061,-446,-83,0,0,79,-109,0
1062,-446,-83,0,0,79,-109,0
1063,-446,-83,0,0,79,-109,0
1064,-446,-83,0,0,79,-109,0
1065,-446,-83,0,0,79,-109,0
1066,-446,-83,0,0,79,-109,0
1067,-446,-83,0,0,79,-109,0
1068,-446,-83,0,0,79,-109,0
1069,-446,-83,0,0,79,-109,0
1070,-446,-83,0,0,79,-109,0
1071,-446,-83,0,0,79,-109,0
1072,-446,-83,0,0,79,-109,0
1073,-446,-83,0,0,79,-109,0
1074,-446,-83,0,0,79,-109,0
1075,-446,-83,0,0,79,-109,0
1076,-446,-83,0,0,79,-109,0
1077,-446,-83,0,0,79,-109,0
1078,-446,-83,0,0,79,-109,0
1079,-446,-83,0,0,79,-109,0
1080,-446,-83,0,0,79,-109,0
1081,-446,-83,0,0,79,-109,0
1082,-446,-83,0,0,79,-109,0
1083,-446,-83,0,0,79,-109,0
1084,-446,-83,0,0,79,-109,0
1085,-446,-83,0,0,79,-109,0
1086,-446,-83,0,0,79,-109,0
1087,-446,-83,0,0,79,-109,0
1088,-446,-83,0,0,79,-109,0
1089,-446,-83,0,0,79,-109,0
1090,-446,-83,0,0,79,-109,0
1091,-446,-83,0,0,79,-109,0
1092,-446,-83,0,0,79,-109,0
1093,-446,-83,0,0,79,-109,0
1094,-446,-83,0,0,79,-109,0
1095,-446,-83,0,0,79,-109,0
1096,-446,-83,0,0,79,-109,0
1097,-446,-83,0,0,79,-109,0
1098,-446,-83,0,0,79,-109,0
1099,-446,-83,0,0,79,-109,0
1100,-446,-83,0,0,79,-109,0
1101,-446,-83,0,0,79,-109,0
1102,-446,-83,0,0,79,-109,0
1103,-446,-83,0,0,79,-109,0
1104,-446,-83,0,0,79,-109,0
1105,-446,-83,0,0,79,-109,0
1106,-446,-83,0,0,79,-109,0
1107,-446,-83,0,0,79,-109,0
1108,-446,-83,0,0,79,-109,0
1109,-446,-83,0,0,79,-109,0
1110,-446,-83,0,0,79,-109,0
1111,-446,-83,0,0,79,-109,0
1112,-446,-83,0,0,79,-109,0
1113,-446,-83,0,0,79,-109,0
1114,-446,-83,0,0,79,-109,0
1115,-446,-83,0,0,79,-109,0
1116,-446,-83,0,0,79,-109,0
1117,-446,-83,0,0,79,-109,0
1118,-446,-83,0,0,79,-109,0
1119,-446,-83,0,0,79,-109,0
1120,-446,-83,0,0,79,-109,0
1121,-446,-83,0,0,79,-109,0
1122,-446,-83,0,0,79,-109,0
1123,-446,-83,0,0,79,-109,0
1124,-446,-83,0,0,79,-109,0
1125,-446,-83,0,0,79,-109,0
1126,-446,-83,0,0,79,-109,0
1127,-446,-83,0,0,79,-109,0
1128,-446,-83,0,0,79,-109,0
1129,-446,-83,0,0,79,-109,0
1130,-446,-83,0,0,79,-109,0
1131,-446,-83,0,0,79,-109,0
1132,-446,-83,0,0,79,-109,0
1133,-446,-83,0,0,79,-109,0
1134,-446,-83,0,0,79,-109,0
1135,-446,-83,0,0,79,-109,0
1136,-446,-83,0,0,79,-109,0
1137,-446,-83,0,0,79,-109,0
1138,-446,-83,0,0,79,-109,0
1139,-446,-83,0,0,79,-109,0
1140,-446,-83,0,0,79,-109,0
1141,-446,-83,0,0,79,-109,0
1142,-446,-83,0,0,79,-109,0
1143,-446,-83,0,0,79,-109,0
1144,-446,-83,0,0,79,-109,0
1145,-446,-83,0,0,79,-109,0
1146,-446,-83,0,0,79,-109,0
1147,-446,-83,0,0,79,-109,0
1148,-446,-83,0,0,79,-109,0
1149,-446,-83,0,0,79,-109,0
1150,-446,-83,0,0,79,-109,0
1151,-446,-83,0,0,79,-109,0
1152,-446,-83,0,0,79,-109,0
1153,-446,-83,0,0,79,-109,0
1154,-446,-83,0,0,79,-109,0
1155,-446,-83,0,0,79,-109,0
1156,-446,-83,0,0,79,-109,0
1157,-446,-83,0,0,79,-109,0
1158,-446,-83,0,0,79,-109,0
1159,-446,-83,0,0,79,-109,0
1160,-446,-83,0,0,79,-109,0
1161,-446,-83,0,0,79,-109,0
1162,-446,-83,0,0,79,-109,0
1163,-446,-83,0,0,79,-109,0
1164,-446,-83,0,0,79,-109,0
1165,-446,-83,0,0,79,-109,0
1166,-446,-83,0,0,79,-109,0
1167,-446,-83,0,0,79,-109,0
1168,-446,-83,0,0,79,-109,0
1169,-446,-83,0,0,79,-109,0
1170,-446,-83,0,0,79,-109,0
1171,-446,-83,0,0,79,-109,0
1172,-446,-83,0,0,79,-109,0
1173,-446,-83,0,0,79,-109,0
1174,-446,-83,0,0,79,-109,0
1175,-446,-83,0,0,79,-109,0
1176,-446,-83,0,0,79,-109,0
1177,-446,-83,0,0,79,-109,0
1178,-446,-83,0,0,79,-109,0
1179,-446,-83,0,0,79,-109,0
1180,-446,-83,0,0,79,-109,0
1181,-446,-83,0,0,79,-109,0
1182,-446,-83,0,0,79,-109,0
1183,-446,-83,0,0,79,-109,0
1184,-446,-83,0,0,79,-109,0
1185,-446,-83,0,0,79,-109,0
1186,-446,-83,0,0,79,-109,0
1187,-446,-83,0,0,79,-109,0
1188,-446,-83,0,0,79,-109,0
1189,-446,-83,0,0,79,-109,0
1190,-446,-83,0,0,79,-109,0
1191,-446,-83,0,0,79,-109,0
1192,-446,-83,0,0,79,-109,0
1193,-446,-83,0,0,79,-109,0
1194,-446,-83,0,0,79,-109,0
1195,-446,-83,0,0,79,-109,0
1196,-446,-83,0,0,79,-109,0
1197,-446,-83,0,0,79,-109,0
1198,-446,-83,0,0,79,-109,0
1199,-446,-83,0,0,79,-109,0
1200,-446,-83,0,0,79,-109,0
1201,-446,-83,0,0,79,-109,0
1202,-446,-83,0,0,79,-109,0
1203,-446,-83,0,0,79,-109,0
1204,-446,-83,0,0,79,-109,0
1205,-446,-83,0,0,79,-109,0
1206,-446,-83,0,0,79,-109,0
1207,-446,-83,0,0,79,-109,0
1208,-446,-83,0,0,79,-109,0
1209,-446,-83,0,0,79,-109,0
1210,-446,-83,0,0,79,-109,0
1211,-446,-83,0,0,79,-109,0
1212,-446,-83,0,0,79,-109,0
1213,-446,-83,0,0,79,-109,0
1214,-446,-83,0,0,79,-109,0
1215,-446,-83,0,0,79,-109,0
1216,-446,-83,0,0,79,-109,0
1217,-446,-83,0,0,79,-109,0
1218,-446,-83,0,0,79,-109,0
1219,-446,-83,0,0,79,-109,0
1220,-446,-83,0,0,79,-109,0
1221,-446,-83,0,0,79,-109,0
1222,-446,-83,0,0,79,-109,0
1223,-446,-83,0,0,79,-109,0
1224,-446,-83,0,0,79,-109,0
1225,-446,-83,0,0,79,-109,0
1226,-446,-83,0,0,79,-109,0
1227,-446,-83,0,0,79,-109,0
1228,-446,-83,0,0,79,-109,0
1229,-446,-83,0,0,79,-109,0
1230,-446,-83,0,0,79,-109,0
1231,-446,-83,0,0,79,-109,0
1232,-446,-83,0,0,79,-109,0
1233,-446,-83,0,0,79,-109,0
1234,-446,-83,0,0,79,-109,0
1235,-446,-83,0,0,79,-109,0
1236,-446,-83,0,0,79,-109,0
1237,-446,-83,0,0,79,-109,0
1238,-446,-83,0,0,79,-109,0
1239,-446,-83,0,0,79,-109,0
1240,-446,-83,0,0,79,-109,0
1241,-446,-83,0,0,79,-109,0
1242,-446,-83,0,0,79,-109,0
1243,-446,-83,0,0,79,-109,0
1244,-446,-83,0,0,79,-109,0
1245,-446,-83,0,0,79,-109,0
1246,-446,-83,0,0,79,-109,0
1247,-446,-83,0,0,79,-109,0
1248,-446,-83,0,0,79,-109,0
1249,-446,-83,0,0,79,-109,0
1250,-446,-83,0,0,79,-109,0
1251,-446,-83,0,0,79,-109,0
1252,-446,-83,0,0,79,-109,0
1253,-446,-83,0,0,79,-109,0
1254,-446,-83,0,0,79,-109,0
1255,-446,-83,0,0,79,-109,0
1256,-446,-83,0,0,79,-109,0
1257,-446,-83,0,0,79,-109,0
1258,-446,-83,0,0,79,-109,0
1259,-446,-83,0,0,79,-109,0
1260,-446,-83,0,0,79,-109,0
1261,-446,-83,0,0,79,-109,0
1262,-446,-83,0,0,79,-109,0
1263,-446,-83,0,0,79,-109,0
1264,-446,-83,0,0,79,-109,0
1265,-446,-83,0,0,79,-109,0
1266,-446,-83,0,0,79,-109,0
1267,-446,-83,0,0,79,-109,0
1268,-446,-83,0,0,79,-109,0
1269,-446,-83,0,0,79,-109,0
1270,-446,-83,0,0,79,-109,0
1271,-446,-83,0,0,79,-109,0
1272,-446,-83,0,0,79,-109,0
