t,x,y,fh,fv,r,s,frame:
0,528,-92,0,0,0,-97,0
1,528,-92,0,0,0,-97,0
2,528,-92,0,0,0,-97,0
3,528,-92,0,0,0,-97,0
4,528,-92,0,0,0,-97,0
5,528,-92,0,0,0,-97,0
6,528,-92,0,0,0,-97,0
7,528,-92,0,0,0,-97,0
8,528,-92,0,0,0,-97,0
9,528,-92,0,0,0,-97,0
10,528,-92,0,0,0,-97,0
11,528,-92,0,0,0,-97,0
12,528,-92,0,0,0,-97,0
13,528,-92,0,0,0,-97,0
14,528,-92,0,0,0,-97,0
15,528,-92,0,0,0,-97,0
16,528,-92,0,0,0,-97,0
17,528,-92,0,0,0,-97,0
18,528,-92,0,0,0,-97,0
19,528,-92,0,0,0,-97,0
20,528,-92,0,0,0,-97,0
21,528,-92,0,0,0,-97,0
22,528,-92,0,0,0,-97,0
23,528,-92,0,0,0,-97,0
24,528,-92,0,0,0,-97,0
25,528,-92,0,0,0,-97,0
26,528,-92,0,0,0,-97,0
27,528,-92,0,0,0,-97,0
28,527,-91,0,0,0,-97,0
29,527,-91,0,0,0,-97,0
30,527,-91,0,0,0,-97,0
31,527,-91,0,0,0,-97,0
32,527,-91,0,0,0,-97,0
33,527,-91,0,0,0,-97,0
34,527,-91,0,0,0,-97,0
35,527,-91,0,0,0,-97,0
36,527,-91,0,0,0,-97,0
37,527,-91,0,0,0,-97,0
38,527,-90,0,0,0,-97,0
39,526,-90,0,0,0,-97,0
40,526,-90,0,0,0,-97,0
41,526,-90,0,0,0,-97,0
42,526,-90,0,0,0,-97,0
43,526,-90,0,0,0,-97,0
44,526,-90,0,0,0,-97,0
45,525,-90,0,0,0,-97,0
46,525,-90,0,0,0,-97,0
47,525,-90,0,0,0,-97,0
48,525,-90,0,0,0,-97,0
49,525,-90,0,0,0,-97,0
50,525,-90,0,0,0,-97,0
51,525,-90,0,0,0,-97,0
52,525,-90,0,0,0,-97,0
53,525,-90,0,0,0,-97,0
54,525,-90,0,0,0,-97,0
55,525,-90,0,0,0,-97,0
56,525,-90,0,0,0,-97,0
57,525,-90,0,0,0,-97,0
58,525,-90,0,0,0,-97,0
59,524,-90,0,0,0,-97,0
60,524,-90,0,0,0,-97,0
61,524,-90,0,0,0,-97,0
62,524,-90,0,0,0,-97,0
63,524,-90,0,0,0,-97,0
64,524,-90,0,0,0,-97,0
65,524,-90,0,0,0,-97,0
66,524,-90,0,0,0,-97,0
67,524,-90,0,0,0,-97,0
68,524,-90,0,0,0,-97,0
69,524,-90,0,0,0,-97,0
70,524,-90,0,0,0,-97,0
71,524,-90,0,0,0,-97,0
72,523,-90,0,0,0,-97,0
73,523,-90,0,0,0,-97,0
74,523,-90,0,0,0,-97,0
75,523,-90,0,0,0,-97,0
76,523,-90,0,0,0,-97,0
77,523,-90,0,0,0,-97,0
78,523,-90,0,0,0,-97,0
79,523,-90,0,0,0,-97,0
80,523,-90,0,0,0,-97,0
81,523,-90,0,0,0,-97,0
82,523,-90,0,0,0,-97,0
83,523,-90,0,0,0,-97,0
84,522,-90,0,0,0,-97,0
85,522,-90,0,0,0,-97,0
86,522,-90,0,0,0,-97,0
87,522,-90,0,0,0,-97,0
88,522,-90,0,0,0,-97,0
89,522,-90,0,0,0,-97,0
90,522,-90,0,0,0,-97,0
91,522,-90,0,0,0,-97,0
92,521,-90,0,0,0,-97,0
93,521,-90,0,0,0,-97,0
94,521,-91,0,0,0,-97,0
95,521,-91,0,0,0,-97,0
96,521,-91,0,0,0,-97,0
97,521,-91,0,0,0,-97,0
98,521,-91,0,0,0,-97,0
99,521,-91,0,0,0,-97,0
100,521,-91,0,0,0,-97,0
101,521,-91,0,0,0,-97,0
102,521,-91,0,0,0,-97,0
103,521,-91,0,0,0,-97,0
104,521,-91,0,0,0,-97,0
105,521,-91,0,0,0,-97,0
106,521,-91,0,0,0,-97,0
107,521,-91,0,0,0,-97,0
108,521,-91,0,0,0,-97,0
109,521,-91,0,0,0,-97,0
110,521,-91,0,0,0,-97,0
111,521,-91,0,0,0,-97,0
112,521,-91,0,0,0,-97,0
113,521,-91,0,0,0,-97,0
114,521,-91,0,0,0,-97,0
115,521,-91,0,0,0,-97,0
116,521,-91,0,0,0,-97,0
117,521,-91,0,0,0,-97,0
118,521,-91,0,0,0,-97,0
119,521,-91,0,0,0,-97,0
120,521,-91,0,0,0,-97,0
121,521,-91,0,0,0,-97,0
122,521,-91,0,0,0,-97,0
123,521,-91,0,0,0,-97,0
124,521,-91,0,0,0,-97,0
125,521,-91,0,0,0,-97,0
126,521,-91,0,0,0,-97,0
127,521,-91,0,0,0,-97,0
128,521,-91,0,0,0,-97,0
129,521,-91,0,0,0,-97,0
130,521,-91,0,0,0,-97,0
131,521,-91,0,0,0,-97,0
132,521,-92,0,0,0,-97,0
133,521,-92,0,0,0,-97,0
134,521,-92,0,0,0,-97,0
135,521,-92,0,0,0,-97,0
136,521,-92,0,0,0,-97,0
137,521,-92,0,0,0,-97,0
138,521,-92,0,0,0,-97,0
139,521,-92,0,0,0,-97,0
140,521,-92,0,0,0,-97,0
141,521,-92,0,0,0,-97,0
142,521,-92,0,0,0,-97,0
143,521,-92,0,0,0,-97,0
144,521,-92,0,0,0,-97,0
145,521,-92,0,0,0,-97,0
146,521,-92,0,0,0,-97,0
147,521,-92,0,0,0,-97,0
148,521,-92,0,0,0,-97,0
149,521,-92,0,0,0,-97,0
150,521,-92,0,0,0,-97,0
151,521,-92,0,0,0,-97,0
152,521,-92,0,0,0,-97,0
153,521,-92,0,0,0,-97,0
154,521,-92,0,0,0,-97,0
155,521,-92,0,0,0,-97,0
156,521,-92,0,0,0,-97,0
157,521,-92,0,0,0,-97,0
158,521,-92,0,0,0,-97,0
159,521,-92,0,0,0,-97,0
160,521,-92,0,0,0,-97,0
161,521,-92,0,0,0,-97,0
162,521,-92,0,0,0,-97,0
163,521,-92,0,0,0,-97,0
164,521,-92,0,0,0,-97,0
165,521,-92,0,0,0,-97,0
166,521,-92,0,0,0,-97,0
167,521,-92,0,0,0,-97,0
168,521,-92,0,0,0,-97,0
169,521,-92,0,0,0,-97,0
170,521,-92,0,0,0,-97,0
171,521,-92,0,0,0,-97,0
172,521,-92,0,0,0,-97,0
173,521,-92,0,0,0,-97,0
174,521,-92,0,0,0,-97,0
175,521,-92,0,0,0,-97,0
176,521,-92,0,0,0,-97,0
177,521,-92,0,0,0,-97,0
178,521,-92,0,0,0,-97,0
179,522,-92,0,0,0,-97,0
180,522,-92,0,0,0,-97,0
181,522,-92,0,0,0,-97,0
182,522,-92,0,0,0,-97,0
183,522,-92,0,0,0,-97,0
184,522,-92,0,0,0,-97,0
185,522,-92,0,0,0,-97,0
186,522,-92,0,0,0,-97,0
187,522,-92,0,0,0,-97,0
188,522,-92,0,0,0,-97,0
189,522,-92,0,0,0,-97,0
190,522,-92,0,0,0,-97,0
191,522,-92,0,0,0,-97,0
192,522,-92,0,0,0,-97,0
193,522,-92,0,0,0,-97,0
194,522,-92,0,0,0,-97,0
195,522,-92,0,0,0,-97,0
196,522,-92,0,0,0,-97,0
197,522,-92,0,0,0,-97,0
198,522,-92,0,0,0,-97,0
199,522,-92,0,0,0,-97,0
200,522,-92,0,0,0,-97,0
201,522,-92,0,0,0,-97,0
202,522,-92,0,0,0,-97,0
203,522,-92,0,0,0,-97,0
204,522,-92,0,0,0,-97,0
205,522,-92,0,0,0,-97,0
206,522,-92,0,0,0,-97,0
207,522,-92,0,0,0,-97,0
208,522,-92,0,0,0,-97,0
209,522,-92,0,0,0,-97,0
210,522,-92,0,0,0,-97,0
211,522,-92,0,0,0,-97,0
212,522,-92,0,0,0,-97,0
213,522,-92,0,0,0,-97,0
214,522,-92,0,0,0,-97,0
215,522,-92,0,0,0,-97,0
216,522,-92,0,0,0,-97,0
217,522,-92,0,0,0,-97,0
218,522,-92,0,0,0,-97,0
219,522,-92,0,0,0,-97,0
220,522,-92,0,0,0,-97,0
221,523,-92,0,0,0,-97,0
222,523,-92,0,0,0,-97,0
223,523,-92,0,0,0,-97,0
224,523,-92,0,0,0,-97,0
225,523,-92,0,0,0,-97,0
226,523,-92,0,0,0,-97,0
227,523,-92,0,0,0,-97,0
228,523,-92,0,0,0,-97,0
229,523,-92,0,0,0,-97,0
230,523,-92,0,0,0,-97,0
231,524,-92,0,0,0,-97,0
232,524,-92,0,0,0,-97,0
233,524,-92,0,0,0,-97,0
234,524,-92,0,0,0,-97,0
235,524,-92,0,0,0,-97,0
236,524,-92,0,0,0,-97,0
237,524,-92,0,0,0,-97,0
238,524,-92,0,0,0,-97,0
239,524,-92,0,0,0,-97,0
240,524,-92,0,0,0,-97,0
241,524,-92,0,0,0,-97,0
242,524,-92,0,0,0,-97,0
243,524,-92,0,0,0,-97,0
244,524,-92,0,0,0,-97,0
245,524,-92,0,0,0,-97,0
246,524,-92,0,0,0,-97,0
247,524,-92,0,0,0,-97,0
248,524,-92,0,0,0,-97,0
249,524,-92,0,0,0,-97,0
250,524,-92,0,0,0,-97,0
251,524,-92,0,0,0,-97,0
252,524,-92,0,0,0,-97,0
253,524,-92,0,0,0,-97,0
254,524,-92,0,0,0,-97,0
255,524,-92,0,0,0,-97,0
256,524,-92,0,0,0,-97,0
257,524,-92,0,0,0,-97,0
258,524,-92,0,0,0,-97,0
259,524,-92,0,0,0,-97,0
260,524,-91,0,0,0,-97,0
261,525,-91,0,0,0,-97,0
262,525,-91,0,0,0,-97,0
263,525,-91,0,0,0,-97,0
264,525,-91,0,0,0,-97,0
265,525,-91,0,0,0,-97,0
266,525,-91,0,0,0,-97,0
267,525,-90,0,0,0,-97,0
268,526,-90,0,0,0,-97,0
269,526,-90,0,0,0,-97,0
270,526,-90,0,0,0,-97,0
271,526,-89,0,0,0,-97,0
272,526,-89,0,0,0,-97,0
273,526,-89,0,0,0,-97,0
274,526,-89,0,0,0,-97,0
275,526,-89,0,0,0,-97,0
276,526,-89,0,0,0,-97,0
277,526,-89,0,0,0,-97,0
278,526,-89,0,0,0,-97,0
279,527,-89,0,0,0,-97,0
280,527,-89,0,0,0,-97,0
281,527,-89,0,0,0,-97,0
282,527,-89,0,0,0,-97,0
283,527,-89,0,0,0,-97,0
284,527,-89,0,0,0,-97,0
285,527,-89,0,0,0,-97,0
286,527,-89,0,0,0,-97,0
287,527,-89,0,0,0,-97,0
288,527,-89,0,0,0,-97,0
289,527,-89,0,0,0,-97,0
290,527,-89,0,0,0,-97,0
291,527,-89,0,0,0,-97,0
292,527,-89,0,0,0,-97,0
293,527,-89,0,0,0,-97,0
294,527,-89,0,0,0,-97,0
295,527,-89,0,0,0,-97,0
296,527,-89,0,0,0,-97,0
297,527,-89,0,0,0,-97,0
298,527,-89,0,0,0,-97,0
299,527,-89,0,0,0,-97,0
300,527,-89,0,0,0,-97,0
301,527,-89,0,0,0,-97,0
302,527,-89,0,0,0,-97,0
303,527,-89,0,0,0,-97,0
304,527,-89,0,0,0,-97,0
305,527,-89,0,0,0,-97,0
306,527,-89,0,0,0,-97,0
307,528,-89,0,0,0,-97,0
308,528,-89,0,0,0,-97,0
309,528,-89,0,0,0,-97,0
310,528,-89,0,0,0,-97,0
311,528,-89,0,0,0,-97,0
312,528,-89,0,0,0,-97,0
313,529,-89,0,0,0,-97,0
314,530,-89,0,0,0,-97,0
315,530,-89,0,0,0,-97,0
316,531,-89,0,0,0,-97,0
317,531,-89,0,0,0,-97,0
318,531,-89,0,0,0,-97,0
319,531,-89,0,0,0,-97,0
320,531,-89,0,0,0,-97,0
321,531,-89,0,0,0,-97,0
322,532,-89,0,0,0,-97,0
323,532,-89,0,0,0,-97,0
324,532,-89,0,0,0,-97,0
325,532,-89,0,0,0,-97,0
326,532,-89,0,0,0,-97,0
327,532,-89,0,0,0,-97,0
328,532,-89,0,0,0,-97,0
329,532,-89,0,0,0,-97,0
330,532,-89,0,0,0,-97,0
331,532,-89,0,0,0,-97,0
332,532,-89,0,0,0,-97,0
333,532,-89,0,0,0,-97,0
334,532,-89,0,0,0,-97,0
335,532,-89,0,0,0,-97,0
336,532,-89,0,0,0,-97,0
337,532,-89,0,0,0,-97,0
338,532,-89,0,0,0,-97,0
339,532,-89,0,0,0,-97,0
340,532,-89,0,0,0,-97,0
341,532,-89,0,0,0,-97,0
342,533,-89,0,0,0,-97,0
343,533,-90,0,0,0,-97,0
344,533,-90,0,0,0,-97,0
345,533,-90,0,0,0,-97,0
346,533,-90,0,0,0,-97,0
347,533,-90,0,0,0,-97,0
348,533,-90,0,0,0,-97,0
349,533,-90,0,0,0,-97,0
350,533,-90,0,0,0,-97,0
351,533,-90,0,0,0,-97,0
352,533,-90,0,0,0,-97,0
353,533,-90,0,0,0,-97,0
354,533,-90,0,0,0,-97,0
355,533,-90,0,0,0,-97,0
356,533,-90,0,0,0,-97,0
357,533,-90,0,0,0,-97,0
358,533,-90,0,0,0,-97,0
359,533,-90,0,0,0,-97,0
360,533,-90,0,0,0,-97,0
361,533,-90,0,0,0,-97,0
362,533,-90,0,0,0,-97,0
363,533,-90,0,0,0,-97,0
364,533,-90,0,0,0,-97,0
365,533,-90,0,0,0,-97,0
366,533,-90,0,0,0,-97,0
367,533,-90,0,0,0,-97,0
368,533,-90,0,0,0,-97,0
369,533,-90,0,0,0,-97,0
370,533,-91,0,0,0,-97,0
371,533,-91,0,0,0,-97,0
372,533,-91,0,0,0,-97,0
373,533,-92,0,0,0,-97,0
374,533,-92,0,0,0,-97,0
375,533,-92,0,0,0,-97,0
376,533,-92,0,0,0,-97,0
377,533,-92,0,0,0,-97,0
378,533,-92,0,0,0,-97,0
379,533,-92,0,0,0,-97,0
380,533,-92,0,0,0,-97,0
381,533,-92,0,0,0,-97,0
382,533,-92,0,0,0,-97,0
383,533,-92,0,0,0,-97,0
384,533,-92,0,0,0,-97,0
385,533,-92,0,0,0,-97,0
386,533,-92,0,0,0,-97,0
387,533,-92,0,0,0,-97,0
388,533,-92,0,0,0,-97,0
389,533,-92,0,0,0,-97,0
390,533,-92,0,0,0,-97,0
391,533,-92,0,0,0,-97,0
392,533,-92,0,0,0,-97,0
393,533,-92,0,0,0,-97,0
394,533,-92,0,0,0,-97,0
395,533,-92,0,0,0,-97,0
396,533,-92,0,0,0,-97,0
397,533,-92,0,0,0,-97,0
398,533,-92,0,0,0,-97,0
399,533,-92,0,0,0,-97,0
400,533,-92,0,0,0,-97,0
401,533,-92,0,0,0,-97,0
402,533,-92,0,0,0,-97,0
403,533,-92,0,0,0,-97,0
404,533,-92,0,0,0,-97,0
405,533,-92,0,0,0,-97,0
406,533,-92,0,0,0,-97,0
407,533,-92,0,0,0,-97,0
408,533,-92,0,0,0,-97,0
409,533,-92,0,0,0,-97,0
410,533,-92,0,0,0,-97,0
411,533,-92,0,0,0,-97,0
412,533,-92,0,0,0,-97,0
413,533,-92,0,0,0,-97,0
414,533,-92,0,0,0,-97,0
415,533,-92,0,0,0,-97,0
416,533,-92,0,0,0,-97,0
417,533,-92,0,0,0,-97,0
418,533,-92,0,0,0,-97,0
419,533,-92,0,0,0,-97,0
420,533,-92,0,0,0,-97,0
421,533,-92,0,0,0,-97,0
422,533,-92,0,0,0,-97,0
423,532,-92,0,0,0,-97,0
424,532,-92,0,0,0,-97,0
425,532,-93,0,0,0,-97,0
426,531,-93,0,0,0,-97,0
427,531,-93,0,0,0,-97,0
428,531,-93,0,0,0,-97,0
429,531,-93,0,0,0,-97,0
430,531,-93,0,0,0,-97,0
431,531,-93,0,0,0,-97,0
432,531,-93,0,0,0,-97,0
433,531,-93,0,0,0,-97,0
434,531,-93,0,0,0,-97,0
435,531,-93,0,0,0,-97,0
436,531,-93,0,0,0,-97,0
437,531,-93,0,0,0,-97,0
438,531,-93,0,0,0,-97,0
439,531,-93,0,0,0,-97,0
440,531,-93,0,0,0,-97,0
441,531,-93,0,0,0,-97,0
442,531,-93,0,0,0,-97,0
443,531,-93,0,0,0,-97,0
444,531,-93,0,0,0,-97,0
445,531,-93,0,0,0,-97,0
446,531,-93,0,0,0,-97,0
447,531,-93,0,0,0,-97,0
448,530,-93,0,0,0,-97,0
449,530,-93,0,0,0,-97,0
450,530,-93,0,0,0,-97,0
451,530,-93,0,0,0,-97,0
452,530,-93,0,0,0,-97,0
453,530,-92,0,0,0,-97,0
454,530,-92,0,0,0,-97,0
455,530,-92,0,0,0,-97,0
456,530,-92,0,0,0,-97,0
457,529,-92,0,0,0,-97,0
458,529,-92,0,0,0,-97,0
459,529,-92,0,0,0,-97,0
460,529,-92,0,0,0,-97,0
461,529,-92,0,0,0,-97,0
462,529,-92,0,0,0,-97,0
463,529,-92,0,0,0,-97,0
464,529,-92,0,0,0,-97,0
465,529,-92,0,0,0,-97,0
466,529,-92,0,0,0,-97,0
467,529,-92,0,0,0,-97,0
468,529,-92,0,0,0,-97,0
469,529,-92,0,0,0,-97,0
470,529,-92,0,0,0,-97,0
471,529,-92,0,0,0,-97,0
472,529,-91,0,0,0,-97,0
473,528,-91,0,0,0,-97,0
474,528,-91,0,0,0,-97,0
475,528,-91,0,0,0,-97,0
476,527,-91,0,0,0,-97,0
477,527,-91,0,0,0,-97,0
478,527,-91,0,0,0,-97,0
479,527,-91,0,0,0,-97,0
480,527,-91,0,0,0,-97,0
481,527,-91,0,0,0,-97,0
482,527,-91,0,0,0,-97,0
483,527,-91,0,0,0,-97,0
484,527,-91,0,0,0,-97,0
485,527,-91,0,0,0,-97,0
486,527,-91,0,0,0,-97,0
487,527,-91,0,0,0,-97,0
488,527,-91,0,0,0,-97,0
489,527,-91,0,0,0,-97,0
490,527,-91,0,0,0,-97,0
491,527,-91,0,0,0,-97,0
492,527,-91,0,0,0,-97,0
493,527,-91,0,0,0,-97,0
494,527,-91,0,0,0,-97,0
495,527,-91,0,0,0,-97,0
496,527,-91,0,0,0,-97,0
497,527,-91,0,0,0,-97,0
498,527,-91,0,0,0,-97,0
499,527,-91,0,0,0,-97,0
500,527,-91,0,0,0,-97,0
501,527,-91,0,0,0,-97,0
502,527,-91,0,0,0,-97,0
503,527,-91,0,0,0,-97,0
504,527,-91,0,0,0,-97,0
505,527,-91,0,0,0,-97,0
506,527,-91,0,0,0,-97,0
507,527,-91,0,0,0,-97,0
508,527,-91,0,0,0,-97,0
509,527,-91,0,0,0,-97,0
510,527,-91,0,0,0,-97,0
511,527,-91,0,0,0,-97,0
512,527,-91,0,0,0,-97,0
513,527,-91,0,0,0,-97,0
514,527,-91,0,0,0,-97,0
515,527,-91,0,0,0,-97,0
516,527,-91,0,0,0,-97,0
517,527,-91,0,0,0,-97,0
518,527,-91,0,0,0,-97,0
519,527,-91,0,0,0,-97,0
520,527,-91,0,0,0,-97,0
521,527,-91,0,0,0,-97,0
522,527,-91,0,0,0,-97,0
523,527,-91,0,0,0,-97,0
524,527,-91,0,0,0,-97,0
525,527,-91,0,0,0,-97,0
526,527,-91,0,0,0,-97,0
527,527,-91,0,0,0,-97,0
528,527,-91,0,0,0,-97,0
529,527,-91,0,0,0,-97,0
530,527,-91,0,0,0,-97,0
531,527,-91,0,0,0,-97,0
532,527,-91,0,0,0,-97,0
533,527,-91,0,0,0,-97,0
534,527,-91,0,0,0,-97,0
535,527,-91,0,0,0,-97,0
536,527,-91,0,0,0,-97,0
537,527,-91,0,0,0,-97,0
538,527,-91,0,0,0,-97,0
539,527,-91,0,0,0,-97,0
540,527,-91,0,0,0,-97,0
541,527,-91,0,0,0,-97,0
542,527,-91,0,0,0,-97,0
543,527,-91,0,0,0,-97,0
544,527,-91,0,0,0,-97,0
545,527,-91,0,0,0,-97,0
546,527,-91,0,0,0,-97,1
547,527,-91,0,0,0,-97,1
548,527,-91,0,0,0,-97,1
549,527,-91,0,0,0,-97,1
550,527,-91,0,0,0,-97,1
551,527,-91,0,0,0,-97,1
552,527,-91,0,0,0,-97,1
553,527,-91,0,0,0,-97,1
554,527,-91,0,0,0,-97,1
555,527,-91,0,0,0,-97,1
556,527,-91,0,0,0,-97,1
557,527,-91,0,0,0,-97,1
558,527,-91,0,0,0,-97,1
559,527,-91,0,0,0,-97,1
560,527,-91,0,0,0,-97,1
561,527,-91,0,0,0,-97,1
562,527,-91,0,0,0,-97,1
563,527,-91,0,0,0,-97,1
564,527,-91,0,0,0,-97,1
565,527,-91,0,0,0,-97,1
566,527,-91,0,0,0,-97,1
567,527,-91,0,0,0,-97,1
568,527,-91,0,0,0,-97,1
569,527,-91,0,0,0,-97,1
570,527,-91,0,0,0,-97,1
571,527,-91,0,0,0,-97,1
572,527,-91,0,0,0,-97,1
573,527,-91,0,0,0,-97,1
574,527,-91,0,0,0,-97,1
575,527,-91,0,0,0,-97,1
576,527,-91,0,0,0,-97,1
577,527,-91,0,0,0,-97,1
578,527,-91,0,0,0,-97,1
579,527,-91,0,0,0,-97,1
580,527,-91,0,0,0,-97,1
581,527,-91,0,0,0,-97,1
582,527,-91,0,0,0,-97,1
583,527,-91,0,0,0,-97,1
584,527,-91,0,0,0,-97,1
585,527,-91,0,0,0,-97,1
586,527,-91,0,0,0,-97,1
587,527,-91,0,0,0,-97,1
588,527,-91,0,0,0,-97,1
589,527,-91,0,0,0,-97,1
590,527,-91,0,0,0,-97,1
591,527,-91,0,0,0,-97,1
592,527,-91,0,0,0,-97,1
593,527,-91,0,0,0,-97,1
594,527,-91,0,0,0,-97,1
595,527,-91,0,0,0,-97,1
596,527,-91,0,0,0,-97,1
597,527,-91,0,0,0,-97,1
598,527,-91,0,0,0,-97,1
599,527,-91,0,0,0,-97,1
600,527,-91,0,0,0,-97,1
601,527,-91,0,0,0,-97,1
602,527,-91,0,0,0,-97,1
603,527,-91,0,0,0,-97,1
604,527,-91,0,0,0,-97,1
605,527,-91,0,0,0,-97,1
606,527,-91,0,0,0,-97,1
607,527,-91,0,0,0,-97,1
608,527,-91,0,0,0,-97,1
609,526,-91,0,0,0,-97,1
610,526,-91,0,0,0,-97,1
611,526,-91,0,0,0,-97,1
612,526,-91,0,0,0,-97,1
613,526,-91,0,0,0,-97,1
614,526,-91,0,0,0,-97,1
615,526,-91,0,0,0,-97,1
616,526,-91,0,0,0,-97,1
617,526,-91,0,0,0,-97,1
618,526,-91,0,0,0,-97,1
619,526,-91,0,0,0,-97,1
620,526,-91,0,0,0,-97,1
621,526,-91,0,0,0,-97,1
622,526,-91,0,0,0,-97,1
623,526,-91,0,0,0,-97,1
624,526,-91,0,0,0,-97,1
625,526,-91,0,0,0,-97,1
626,526,-91,0,0,0,-97,1
627,526,-91,0,0,0,-97,1
628,526,-91,0,0,0,-97,1
629,526,-91,0,0,0,-97,1
630,526,-90,0,0,0,-97,1
631,525,-90,0,0,0,-97,1
632,525,-90,0,0,0,-97,1
633,525,-90,0,0,0,-97,1
634,525,-90,0,0,0,-97,1
635,525,-90,0,0,0,-97,1
636,525,-90,0,0,0,-97,1
637,525,-90,0,0,0,-97,1
638,525,-90,0,0,0,-97,1
639,524,-90,0,0,0,-97,1
640,523,-90,0,0,0,-97,1
641,523,-90,0,0,0,-97,1
642,522,-90,0,0,0,-97,1
643,521,-89,0,0,0,-97,1
644,521,-89,0,0,0,-97,1
645,521,-89,0,0,0,-97,1
646,521,-89,0,0,0,-97,1
647,521,-89,0,0,0,-97,1
648,521,-89,0,0,0,-97,1
649,521,-89,0,0,0,-97,1
650,521,-89,0,0,0,-97,1
651,521,-89,0,0,0,-97,1
652,521,-89,0,0,0,-97,1
653,521,-89,0,0,0,-97,1
654,521,-89,0,0,0,-97,1
655,521,-89,0,0,0,-97,1
656,521,-89,0,0,0,-97,1
657,521,-89,0,0,0,-97,1
658,521,-89,0,0,0,-97,1
659,521,-89,0,0,0,-97,1
660,521,-89,0,0,0,-97,1
661,521,-89,0,0,0,-97,1
662,521,-89,0,0,0,-97,1
663,521,-89,0,0,0,-97,1
664,521,-89,0,0,0,-97,1
665,521,-89,0,0,0,-97,1
666,521,-89,0,0,0,-97,1
667,521,-89,0,0,0,-97,1
668,521,-89,0,0,0,-97,1
669,521,-89,0,0,0,-97,1
670,521,-89,0,0,0,-97,1
671,521,-89,0,0,0,-97,1
672,521,-89,0,0,0,-97,1
673,521,-89,0,0,0,-97,1
674,521,-89,0,0,0,-97,1
675,521,-89,0,0,0,-97,1
676,521,-89,0,0,0,-97,1
677,521,-89,0,0,0,-97,1
678,521,-89,0,0,0,-97,1
679,521,-89,0,0,0,-97,1
680,521,-89,0,0,0,-97,1
681,521,-89,0,0,0,-97,1
682,521,-89,0,0,0,-97,1
683,521,-89,0,0,0,-97,1
684,521,-89,0,0,0,-97,1
685,521,-89,0,0,0,-97,1
686,521,-89,0,0,0,-97,1
687,521,-89,0,0,0,-97,1
688,521,-89,0,0,0,-97,1
689,521,-89,0,0,0,-97,1
690,521,-89,0,0,0,-97,1
691,521,-89,0,0,0,-97,1
692,521,-89,0,0,0,-97,1
693,521,-89,0,0,0,-97,1
694,520,-89,0,0,0,-97,1
695,520,-89,0,0,0,-97,1
696,520,-89,0,0,0,-97,1
697,520,-89,0,0,0,-97,1
698,520,-89,0,0,0,-97,1
699,520,-89,0,0,0,-97,1
700,520,-89,0,0,0,-97,1
701,520,-89,0,0,0,-97,1
702,520,-89,0,0,0,-97,1
703,520,-89,0,0,0,-97,1
704,520,-89,0,0,0,-97,1
705,520,-89,0,0,0,-97,1
706,520,-89,0,0,0,-97,1
707,520,-89,0,0,0,-97,1
708,520,-89,0,0,0,-97,1
709,520,-89,0,0,0,-97,1
710,520,-90,0,0,0,-97,1
711,520,-90,0,0,0,-97,1
712,520,-90,0,0,0,-97,1
713,520,-90,0,0,0,-97,1
714,520,-90,0,0,0,-97,1
715,520,-90,0,0,0,-97,1
716,520,-90,0,0,0,-97,1
717,520,-90,0,0,0,-97,1
718,520,-90,0,0,0,-97,1
719,520,-90,0,0,0,-97,1
720,520,-90,0,0,0,-97,1
721,520,-90,0,0,0,-97,1
722,520,-90,0,0,0,-97,1
723,520,-90,0,0,0,-97,1
724,520,-90,0,0,0,-97,1
725,520,-90,0,0,0,-97,1
726,520,-90,0,0,0,-97,1
727,520,-90,0,0,0,-97,1
728,520,-90,0,0,0,-97,1
729,520,-90,0,0,0,-97,1
730,520,-90,0,0,0,-97,1
731,521,-90,0,0,0,-97,1
732,521,-90,0,0,0,-97,1
733,521,-90,0,0,0,-97,1
734,521,-90,0,0,0,-97,1
735,521,-90,0,0,0,-97,1
736,521,-90,0,0,0,-97,1
737,521,-90,0,0,0,-97,1
738,521,-90,0,0,0,-97,1
739,521,-90,0,0,0,-97,1
740,521,-90,0,0,0,-97,1
741,522,-90,0,0,0,-97,1
742,522,-90,0,0,0,-97,1
743,522,-90,0,0,0,-97,1
744,522,-90,0,0,0,-97,1
745,522,-90,0,0,0,-97,1
746,522,-90,0,0,0,-97,1
747,522,-90,0,0,0,-97,1
748,522,-90,0,0,0,-97,1
749,522,-90,0,0,0,-97,1
750,522,-90,0,0,0,-97,1
751,522,-90,0,0,0,-97,1
752,522,-90,0,0,0,-97,1
753,522,-90,0,0,0,-97,1
754,522,-90,0,0,0,-97,1
755,522,-90,0,0,0,-97,1
756,523,-90,0,0,0,-97,1
757,523,-90,0,0,0,-97,1
758,523,-90,0,0,0,-97,1
759,523,-90,0,0,0,-97,1
760,523,-90,0,0,0,-97,1
761,523,-90,0,0,0,-97,1
762,523,-90,0,0,0,-97,1
763,523,-90,0,0,0,-97,1
764,523,-90,0,0,0,-97,1
765,523,-90,0,0,0,-97,1
766,523,-90,0,0,0,-97,1
767,523,-90,0,0,0,-97,1
768,523,-90,0,0,0,-97,1
769,523,-90,0,0,0,-97,1
770,523,-90,0,0,0,-97,1
771,523,-90,0,0,0,-97,1
772,523,-90,0,0,0,-97,1
773,523,-90,0,0,0,-97,1
774,523,-90,0,0,0,-97,1
775,524,-90,0,0,0,-97,1
776,524,-90,0,0,0,-97,1
777,524,-90,0,0,0,-97,1
778,524,-90,0,0,0,-97,1
779,524,-90,0,0,0,-97,1
780,524,-90,0,0,0,-97,1
781,524,-90,0,0,0,-97,1
782,524,-90,0,0,0,-97,1
783,524,-90,0,0,0,-97,1
784,524,-90,0,0,0,-97,1
785,524,-90,0,0,0,-97,1
786,524,-90,0,0,0,-97,1
787,524,-90,0,0,0,-97,1
788,524,-90,0,0,0,-97,1
789,524,-90,0,0,0,-97,1
790,524,-90,0,0,0,-97,1
791,524,-90,0,0,0,-97,1
792,524,-90,0,0,0,-97,1
793,524,-89,0,0,0,-97,1
794,525,-89,0,0,0,-97,1
795,525,-89,0,0,0,-97,1
796,525,-89,0,0,0,-97,1
797,525,-89,0,0,0,-97,1
798,525,-89,0,0,0,-97,1
799,525,-89,0,0,0,-97,1
800,525,-89,0,0,0,-97,1
801,525,-89,0,0,0,-97,1
802,525,-89,0,0,0,-97,1
803,525,-89,0,0,0,-97,1
804,525,-89,0,0,0,-97,1
805,525,-89,0,0,0,-97,1
806,525,-89,0,0,0,-97,1
807,525,-89,0,0,0,-97,1
808,525,-89,0,0,0,-97,1
809,525,-89,0,0,0,-97,1
810,525,-89,0,0,0,-97,1
811,525,-89,0,0,0,-97,1
812,526,-89,0,0,0,-97,1
813,526,-89,0,0,0,-97,1
814,526,-89,0,0,0,-97,1
815,526,-89,0,0,0,-97,1
816,526,-89,0,0,0,-97,1
817,526,-89,0,0,0,-97,1
818,526,-89,0,0,0,-97,1
819,526,-89,0,0,0,-97,1
820,526,-89,0,0,0,-97,1
821,526,-89,0,0,0,-97,1
822,526,-89,0,0,0,-97,1
823,526,-89,0,0,0,-97,1
824,526,-89,0,0,0,-97,1
825,526,-89,0,0,0,-97,1
826,527,-89,0,0,0,-97,1
827,527,-89,0,0,0,-97,1
828,527,-89,0,0,0,-97,1
829,527,-89,0,0,0,-97,1
830,527,-89,0,0,0,-97,1
831,527,-89,0,0,0,-97,1
832,527,-89,0,0,0,-97,1
833,527,-89,0,0,0,-97,1
834,527,-89,0,0,0,-97,1
835,527,-89,0,0,0,-97,1
836,527,-89,0,0,0,-97,1
837,527,-89,0,0,0,-97,1
838,527,-89,0,0,0,-97,1
839,527,-89,0,0,0,-97,1
840,527,-89,0,0,0,-97,1
841,527,-88,0,0,0,-97,1
842,527,-88,0,0,0,-97,1
843,527,-88,0,0,0,-97,1
844,527,-88,0,0,0,-97,1
845,527,-88,0,0,0,-97,1
846,527,-88,0,0,0,-97,1
847,527,-88,0,0,0,-97,1
848,527,-88,0,0,0,-97,1
849,527,-88,0,0,0,-97,1
850,527,-88,0,0,0,-97,1
851,527,-88,0,0,0,-97,1
852,527,-88,0,0,0,-97,1
853,527,-88,0,0,0,-97,1
854,527,-88,0,0,0,-97,1
855,527,-88,0,0,0,-97,1
856,527,-88,0,0,0,-97,1
857,527,-88,0,0,0,-97,1
858,527,-88,0,0,0,-97,1
859,527,-88,0,0,0,-97,1
860,527,-88,0,0,0,-97,1
861,527,-88,0,0,0,-97,1
862,527,-88,0,0,0,-97,1
863,527,-88,0,0,0,-97,1
864,527,-88,0,0,0,-97,1
865,527,-88,0,0,0,-97,1
866,527,-88,0,0,0,-97,1
867,527,-88,0,0,0,-97,1
868,528,-88,0,0,0,-97,1
869,528,-88,0,0,0,-97,1
870,528,-88,0,0,0,-97,1
871,528,-88,0,0,0,-97,1
872,528,-88,0,0,0,-97,1
873,528,-88,0,0,0,-97,1
874,528,-88,0,0,0,-97,1
875,528,-88,0,0,0,-97,1
876,529,-88,0,0,0,-97,1
877,529,-88,0,0,0,-97,1
878,529,-88,0,0,0,-97,1
879,529,-88,0,0,0,-97,1
880,529,-88,0,0,0,-97,1
881,529,-88,0,0,0,-97,1
882,529,-88,0,0,0,-97,1
883,529,-88,0,0,0,-97,1
884,529,-88,0,0,0,-97,1
885,529,-88,0,0,0,-97,1
886,529,-88,0,0,0,-97,1
887,529,-88,0,0,0,-97,1
888,529,-88,0,0,0,-97,1
889,529,-88,0,0,0,-97,1
890,529,-88,0,0,0,-97,1
891,530,-88,0,0,0,-97,1
892,530,-88,0,0,0,-97,1
893,530,-88,0,0,0,-97,1
894,530,-88,0,0,0,-97,1
895,530,-88,0,0,0,-97,1
896,530,-88,0,0,0,-97,1
897,530,-88,0,0,0,-97,1
898,530,-88,0,0,0,-97,1
899,530,-88,0,0,0,-97,1
900,530,-88,0,0,0,-97,1
901,530,-88,0,0,0,-97,1
902,530,-88,0,0,0,-97,1
903,530,-88,0,0,0,-97,1
904,530,-88,0,0,0,-97,1
905,530,-88,0,0,0,-97,1
906,530,-88,0,0,0,-97,1
907,531,-88,0,0,0,-97,1
908,531,-88,0,0,0,-97,1
909,531,-88,0,0,0,-97,1
910,531,-88,0,0,0,-97,1
911,531,-88,0,0,0,-97,1
912,531,-88,0,0,0,-97,1
913,532,-88,0,0,0,-97,1
914,532,-88,0,0,0,-97,1
915,532,-88,0,0,0,-97,1
916,532,-88,0,0,0,-97,1
917,533,-88,0,0,0,-97,1
918,533,-88,0,0,0,-97,1
919,533,-88,0,0,0,-97,1
920,533,-88,0,0,0,-97,1
921,533,-88,0,0,0,-97,1
922,533,-88,0,0,0,-97,1
923,533,-88,0,0,0,-97,1
924,533,-88,0,0,0,-97,1
925,533,-88,0,0,0,-97,1
926,533,-88,0,0,0,-97,1
927,533,-88,0,0,0,-97,1
928,533,-88,0,0,0,-97,1
929,533,-89,0,0,0,-97,1
930,533,-89,0,0,0,-97,1
931,533,-89,0,0,0,-97,1
932,533,-89,0,0,0,-97,1
933,533,-89,0,0,0,-97,1
934,534,-89,0,0,0,-97,1
935,534,-89,0,0,0,-97,1
936,534,-89,0,0,0,-97,1
937,534,-89,0,0,0,-97,1
938,534,-89,0,0,0,-97,1
939,534,-89,0,0,0,-97,1
940,534,-89,0,0,0,-97,1
941,534,-89,0,0,0,-97,1
942,534,-89,0,0,0,-97,1
943,534,-89,0,0,0,-97,1
944,534,-89,0,0,0,-97,1
945,534,-89,0,0,0,-97,1
946,535,-90,0,0,0,-97,1
947,535,-90,0,0,0,-97,1
948,535,-90,0,0,0,-97,1
949,535,-91,0,0,0,-97,1
950,536,-91,0,0,0,-97,1
951,536,-91,0,0,0,-97,1
952,536,-91,0,0,0,-97,1
953,536,-91,0,0,0,-97,1
954,536,-91,0,0,0,-97,1
955,536,-91,0,0,0,-97,1
956,536,-91,0,0,0,-97,1
957,536,-91,0,0,0,-97,1
958,536,-91,0,0,0,-97,1
959,536,-91,0,0,0,-97,1
960,536,-91,0,0,0,-97,1
961,536,-91,0,0,0,-97,1
962,536,-91,0,0,0,-97,1
963,536,-91,0,0,0,-97,1
964,536,-91,0,0,0,-97,1
965,536,-91,0,0,0,-97,1
966,536,-91,0,0,0,-97,1
967,536,-91,0,0,0,-97,1
968,536,-91,0,0,0,-97,1
969,536,-91,0,0,0,-97,1
970,536,-91,0,0,0,-97,1
971,536,-91,0,0,0,-97,1
972,536,-91,0,0,0,-97,1
973,536,-91,0,0,0,-97,1
974,536,-91,0,0,0,-97,1
975,536,-91,0,0,0,-97,1
976,536,-91,0,0,0,-97,1
977,536,-91,0,0,0,-97,1
978,536,-91,0,0,0,-97,1
979,536,-91,0,0,0,-97,1
980,536,-92,0,0,0,-97,1
981,536,-92,0,0,0,-97,1
982,536,-92,0,0,0,-97,1
983,536,-92,0,0,0,-97,1
984,536,-92,0,0,0,-97,1
985,536,-92,0,0,0,-97,1
986,536,-92,0,0,0,-97,1
987,536,-92,0,0,0,-97,1
988,536,-92,0,0,0,-97,1
989,536,-92,0,0,0,-97,1
990,535,-92,0,0,0,-97,1
991,535,-92,0,0,0,-97,1
992,535,-92,0,0,0,-97,1
993,535,-92,0,0,0,-97,1
994,535,-92,0,0,0,-97,1
995,535,-92,0,0,0,-97,1
996,535,-92,0,0,0,-97,1
997,535,-92,0,0,0,-97,1
998,535,-92,0,0,0,-97,1
999,535,-92,0,0,0,-97,1
1000,535,-92,0,0,0,-97,1
1001,535,-92,0,0,0,-97,1
1002,535,-92,0,0,0,-97,1
1003,535,-92,0,0,0,-97,1
1004,535,-92,0,0,0,-97,1
1005,535,-92,0,0,0,-97,1
1006,535,-92,0,0,0,-97,1
1007,535,-92,0,0,0,-97,1
1008,535,-92,0,0,0,-97,1
1009,534,-92,0,0,0,-97,1
1010,534,-92,0,0,0,-97,1
1011,534,-92,0,0,0,-97,1
1012,534,-92,0,0,0,-97,1
1013,534,-92,0,0,0,-97,1
1014,534,-92,0,0,0,-97,1
1015,534,-92,0,0,0,-97,1
1016,534,-92,0,0,0,-97,1
1017,534,-92,0,0,0,-97,1
1018,534,-92,0,0,0,-97,1
1019,534,-92,0,0,0,-97,1
1020,533,-92,0,0,0,-97,1
1021,533,-92,0,0,0,-97,1
1022,533,-92,0,0,0,-97,1
1023,533,-92,0,0,0,-97,1
1024,533,-92,0,0,0,-97,1
1025,533,-92,0,0,0,-97,1
1026,533,-92,0,0,0,-97,1
1027,533,-92,0,0,0,-97,1
1028,533,-92,0,0,0,-97,1
1029,533,-92,0,0,0,-97,1
1030,533,-92,0,0,0,-97,1
1031,533,-92,0,0,0,-97,1
1032,533,-92,0,0,0,-97,1
1033,533,-92,0,0,0,-97,1
1034,533,-92,0,0,0,-97,1
1035,533,-92,0,0,0,-97,1
1036,532,-92,0,0,0,-97,1
1037,532,-92,0,0,0,-97,1
1038,532,-92,0,0,0,-97,1
1039,532,-92,0,0,0,-97,1
1040,532,-92,0,0,0,-97,1
1041,532,-91,0,0,0,-97,1
1042,532,-91,0,0,0,-97,1
1043,532,-91,0,0,0,-97,1
1044,532,-91,0,0,0,-97,1
1045,531,-91,0,0,0,-97,1
1046,531,-90,0,0,0,-97,1
1047,531,-90,0,0,0,-97,1
1048,530,-90,0,0,0,-97,1
1049,530,-90,0,0,0,-97,1
1050,530,-90,0,0,0,-97,1
1051,530,-90,0,0,0,-97,1
1052,530,-90,0,0,0,-97,1
1053,530,-90,0,0,0,-97,1
1054,530,-90,0,0,0,-97,1
1055,530,-90,0,0,0,-97,1
1056,530,-90,0,0,0,-97,1
1057,530,-90,0,0,0,-97,1
1058,530,-90,0,0,0,-97,1
1059,530,-90,0,0,0,-97,1
1060,530,-90,0,0,0,-97,1
1061,530,-90,0,0,0,-97,1
1062,530,-90,0,0,0,-97,1
1063,530,-90,0,0,0,-97,1
1064,530,-90,0,0,0,-97,1
1065,529,-90,0,0,0,-97,1
1066,529,-90,0,0,0,-97,1
1067,529,-90,0,0,0,-97,1
1068,529,-90,0,0,0,-97,1
1069,529,-90,0,0,0,-97,1
1070,529,-90,0,0,0,-97,1
1071,529,-90,0,0,0,-97,1
1072,529,-90,0,0,0,-97,1
1073,529,-90,0,0,0,-97,1
1074,529,-90,0,0,0,-97,1
1075,529,-90,0,0,0,-97,1
1076,529,-90,0,0,0,-97,1
1077,529,-90,0,0,0,-97,1
1078,529,-90,0,0,0,-97,1
1079,528,-90,0,0,0,-97,1
1080,528,-90,0,0,0,-97,1
1081,528,-90,0,0,0,-97,1
1082,528,-90,0,0,0,-97,1
1083,528,-90,0,0,0,-97,1
1084,528,-90,0,0,0,-97,1
1085,528,-90,0,0,0,-97,1
1086,528,-90,0,0,0,-97,1
1087,528,-90,0,0,0,-97,1
1088,528,-90,0,0,0,-97,1
1089,528,-90,0,0,0,-97,1
1090,528,-90,0,0,0,-97,1
1091,527,-90,0,0,0,-97,1
1092,527,-90,0,0,0,-97,1
1093,527,-90,0,0,0,-97,1
1094,527,-90,0,0,0,-97,1
1095,527,-90,0,0,0,-97,1
1096,527,-90,0,0,0,-97,1
1097,527,-90,0,0,0,-97,1
1098,527,-90,0,0,0,-97,1
1099,527,-90,0,0,0,-97,1
1100,527,-90,0,0,0,-97,1
1101,527,-90,0,0,0,-97,1
1102,527,-90,0,0,0,-97,1
1103,527,-90,0,0,0,-97,1
1104,527,-90,0,0,0,-97,1
1105,527,-90,0,0,0,-97,1
1106,527,-90,0,0,0,-97,1
1107,527,-90,0,0,0,-97,1
1108,527,-90,0,0,0,-97,1
1109,527,-90,0,0,0,-97,1
1110,527,-90,0,0,0,-97,1
1111,527,-90,0,0,0,-97,1
1112,527,-90,0,0,0,-97,1
1113,527,-90,0,0,0,-97,1
1114,527,-90,0,0,0,-97,1
1115,527,-90,0,0,0,-97,1
1116,527,-90,0,0,0,-97,1
1117,527,-90,0,0,0,-97,1
1118,527,-90,0,0,0,-97,1
1119,527,-90,0,0,0,-97,1
1120,527,-90,0,0,0,-97,1
1121,527,-90,0,0,0,-97,1
1122,527,-90,0,0,0,-97,1
1123,527,-90,0,0,0,-97,1
1124,527,-90,0,0,0,-97,1
1125,527,-90,0,0,0,-97,1
1126,527,-90,0,0,0,-97,1
1127,527,-90,0,0,0,-97,1
1128,527,-90,0,0,0,-97,1
1129,527,-90,0,0,0,-97,1
1130,527,-90,0,0,0,-97,1
1131,527,-90,0,0,0,-97,1
1132,527,-90,0,0,0,-97,1
1133,527,-90,0,0,0,-97,1
1134,527,-90,0,0,0,-97,1
1135,527,-90,0,0,0,-97,0
1136,527,-90,0,0,0,-97,0
1137,527,-90,0,0,0,-97,0
1138,527,-90,0,0,0,-97,0
1139,527,-90,0,0,0,-97,0
1140,527,-90,0,0,0,-97,0
1141,527,-90,0,0,0,-97,0
1142,527,-90,0,0,0,-97,0
1143,527,-90,0,0,0,-97,0
1144,527,-90,0,0,0,-97,0
1145,527,-90,0,0,0,-97,0
1146,527,-90,0,0,0,-97,0
1147,527,-90,0,0,0,-97,0
1148,527,-90,0,0,0,-97,0
1149,527,-90,0,0,0,-97,0
1150,527,-90,0,0,0,-97,0
1151,527,-90,0,0,0,-97,0
1152,527,-90,0,0,0,-97,0
1153,527,-90,0,0,0,-97,0
1154,527,-90,0,0,0,-97,0
1155,527,-90,0,0,0,-97,0
1156,527,-90,0,0,0,-97,0
1157,527,-90,0,0,0,-97,0
1158,527,-90,0,0,0,-97,0
1159,527,-90,0,0,0,-97,0
1160,527,-90,0,0,0,-97,0
1161,527,-90,0,0,0,-97,0
1162,527,-90,0,0,0,-97,0
1163,527,-90,0,0,0,-97,0
1164,527,-90,0,0,0,-97,0
1165,527,-90,0,0,0,-97,0
1166,527,-90,0,0,0,-97,0
1167,527,-90,0,0,0,-97,0
1168,527,-90,0,0,0,-97,0
1169,527,-90,0,0,0,-97,0
1170,527,-90,0,0,0,-97,0
1171,527,-90,0,0,0,-97,0
1172,527,-90,0,0,0,-97,0
1173,527,-90,0,0,0,-97,0
1174,527,-90,0,0,0,-97,0
1175,527,-90,0,0,0,-97,0
1176,527,-90,0,0,0,-97,0
1177,527,-90,0,0,0,-97,0
1178,527,-90,0,0,0,-97,0
1179,527,-90,0,0,0,-97,0
1180,527,-90,0,0,0,-97,0
1181,527,-90,0,0,0,-97,0
1182,527,-90,0,0,0,-97,0
1183,527,-90,0,0,0,-97,0
1184,527,-90,0,0,0,-97,0
1185,527,-90,0,0,0,-97,0
1186,527,-90,0,0,0,-97,0
1187,527,-90,0,0,0,-97,0
1188,527,-90,0,0,0,-97,0
1189,527,-90,0,0,0,-97,0
1190,527,-90,0,0,0,-97,0
1191,527,-90,0,0,0,-97,0
1192,527,-90,0,0,0,-97,0
1193,527,-90,0,0,0,-97,0
1194,527,-90,0,0,0,-97,0
1195,527,-90,0,0,0,-97,0
1196,527,-90,0,0,0,-97,0
1197,527,-90,0,0,0,-97,0
1198,527,-90,0,0,0,-97,0
1199,527,-90,0,0,0,-97,0
1200,527,-90,0,0,0,-97,0
1201,527,-90,0,0,0,-97,0
1202,527,-90,0,0,0,-97,0
1203,527,-90,0,0,0,-97,0
1204,527,-90,0,0,0,-97,0
1205,527,-90,0,0,0,-97,0
1206,527,-90,0,0,0,-97,0
1207,527,-90,0,0,0,-97,0
1208,527,-90,0,0,0,-97,0
1209,527,-90,0,0,0,-97,0
1210,527,-90,0,0,0,-97,0
1211,527,-90,0,0,0,-97,0
1212,527,-90,0,0,0,-97,0
1213,527,-90,0,0,0,-97,0
1214,527,-90,0,0,0,-97,0
1215,527,-90,0,0,0,-97,0
1216,527,-90,0,0,0,-97,0
1217,527,-90,0,0,0,-97,0
1218,527,-90,0,0,0,-97,0
1219,527,-90,0,0,0,-97,0
1220,527,-90,0,0,0,-97,0
1221,527,-90,0,0,0,-97,0
