t,x,y,fh,fv,r,s,frame:
0,1,1,0,0,7,-140,0
1,1,1,0,0,7,-140,0
2,1,1,0,0,7,-140,0
3,1,1,0,0,7,-140,0
4,1,1,0,0,7,-140,0
5,1,1,0,0,7,-140,0
6,1,1,0,0,7,-140,0
7,1,1,0,0,7,-140,0
8,1,1,0,0,7,-140,0
9,1,1,0,0,7,-140,0
10,1,1,0,0,7,-140,0
11,1,1,0,0,7,-140,0
12,1,1,0,0,7,-140,0
13,1,1,0,0,7,-140,0
14,1,1,0,0,7,-140,0
15,1,1,0,0,7,-140,0
16,1,1,0,0,7,-140,0
17,1,1,0,0,7,-140,0
18,1,1,0,0,7,-140,0
19,1,1,0,0,7,-140,0
20,1,1,0,0,7,-140,0
21,1,1,0,0,7,-140,0
22,1,1,0,0,7,-140,0
23,1,1,0,0,7,-140,0
24,1,1,0,0,7,-140,0
25,1,1,0,0,7,-140,0
26,1,1,0,0,7,-140,0
27,1,1,0,0,7,-140,0
28,1,1,0,0,7,-140,0
29,1,1,0,0,7,-140,0
30,1,1,0,0,7,-140,0
31,1,1,0,0,7,-140,0
32,1,1,0,0,7,-140,0
33,1,1,0,0,7,-140,0
34,1,1,0,0,7,-140,0
35,1,1,0,0,7,-140,0
36,1,1,0,0,7,-140,0
37,1,1,0,0,7,-140,0
38,1,1,0,0,7,-140,0
39,1,1,0,0,7,-140,0
40,1,1,0,0,7,-140,0
41,1,1,0,0,7,-140,0
42,1,1,0,0,7,-140,0
43,1,1,0,0,7,-140,0
44,1,1,0,0,7,-140,0
45,1,1,0,0,7,-140,0
46,1,1,0,0,7,-140,0
47,1,1,0,0,7,-140,0
48,1,1,0,0,7,-140,0
49,1,1,0,0,7,-140,0
50,1,1,0,0,7,-140,0
51,1,1,0,0,7,-140,0
52,1,1,0,0,7,-140,0
53,1,1,0,0,7,-140,0
54,1,1,0,0,7,-140,0
55,1,1,0,0,7,-140,0
56,1,1,0,0,7,-140,0
57,1,1,0,0,7,-140,0
58,1,1,0,0,7,-140,0
59,1,1,0,0,7,-140,0
60,1,1,0,0,7,-140,0
61,1,1,0,0,7,-140,0
62,1,1,0,0,7,-140,0
63,1,1,0,0,7,-140,0
64,1,1,0,0,7,-140,0
65,1,1,0,0,7,-140,0
66,1,1,0,0,7,-140,0
67,1,1,0,0,7,-140,0
68,1,1,0,0,7,-140,0
69,1,1,0,0,7,-140,0
70,1,1,0,0,7,-140,0
71,1,1,0,0,7,-140,0
72,1,1,0,0,7,-140,0
73,1,1,0,0,7,-140,0
74,1,1,0,0,7,-140,0
75,1,1,0,0,7,-140,0
76,1,1,0,0,7,-140,0
77,1,1,0,0,7,-140,0
78,1,1,0,0,7,-140,0
79,1,1,0,0,7,-140,0
80,1,1,0,0,7,-140,0
81,1,1,0,0,-8,-140,0
82,1,1,0,0,-8,-140,0
83,1,1,0,0,-8,-140,0
84,1,1,0,0,-8,-140,0
85,1,1,0,0,-8,-140,0
86,1,1,0,0,-8,-140,0
87,1,1,0,0,-8,-140,0
88,1,1,0,0,-8,-140,0
89,1,1,0,0,-8,-140,0
90,1,1,0,0,-8,-140,0
91,1,1,0,0,-8,-140,0
92,1,1,0,0,-8,-140,0
93,1,1,0,0,-8,-140,0
94,1,1,0,0,-8,-140,0
95,1,1,0,0,-8,-140,0
96,1,1,0,0,-8,-140,0
97,1,1,0,0,-8,-140,0
98,1,1,0,0,-8,-140,0
99,1,1,0,0,-8,-140,0
100,1,1,0,0,-8,-140,0
101,1,1,0,0,-8,-140,0
102,1,1,0,0,-8,-140,0
103,1,1,0,0,-8,-140,0
104,1,1,0,0,-8,-140,0
105,1,1,0,0,-8,-140,0
106,1,1,0,0,-8,-140,0
107,1,1,0,0,-8,-140,0
108,1,1,0,0,-8,-140,0
109,1,1,0,0,-8,-140,0
110,1,1,0,0,-8,-140,0
111,1,1,0,0,-8,-140,0
112,1,1,0,0,-8,-140,0
113,1,1,0,0,-8,-140,0
114,1,1,0,0,-8,-140,0
115,1,1,0,0,-8,-140,0
116,1,1,0,0,-8,-140,0
117,1,1,0,0,-8,-140,0
118,1,1,0,0,-8,-140,0
119,1,1,0,0,-8,-140,0
120,1,1,0,0,-8,-140,0
121,1,1,0,0,-8,-140,0
122,1,1,0,0,-8,-140,0
123,1,1,0,0,-8,-140,0
124,1,1,0,0,-8,-140,0
125,1,1,0,0,-8,-140,0
126,1,1,0,0,-8,-140,0
127,1,1,0,0,-8,-140,0
128,1,1,0,0,-8,-140,0
129,1,1,0,0,-8,-140,0
130,1,1,0,0,-8,-140,0
131,1,1,0,0,-8,-140,0
132,1,1,0,0,-8,-140,0
133,1,1,0,0,-8,-140,0
134,1,1,0,0,-8,-140,0
135,1,1,0,0,-8,-140,0
136,1,1,0,0,-8,-140,0
137,1,1,0,0,-8,-140,0
138,1,1,0,0,-8,-140,0
139,1,1,0,0,-8,-140,0
140,1,1,0,0,-8,-140,0
141,1,1,0,0,-8,-140,0
142,1,1,0,0,-8,-140,0
143,1,1,0,0,-8,-140,0
144,1,1,0,0,-8,-140,0
145,1,1,0,0,-8,-140,0
146,1,1,0,0,-8,-140,0
147,1,1,0,0,-8,-140,0
148,1,1,0,0,-8,-140,0
149,1,1,0,0,-8,-140,0
150,1,1,0,0,-8,-140,0
151,1,1,0,0,-8,-140,0
152,1,1,0,0,-8,-140,0
153,1,1,0,0,-8,-140,0
154,1,1,0,0,-8,-140,0
155,1,1,0,0,-8,-140,0
156,1,1,0,0,-8,-140,0
157,1,1,0,0,-8,-140,0
158,1,1,0,0,-8,-140,0
159,1,1,0,0,-8,-140,0
160,1,1,0,0,-8,-140,0
161,1,1,0,0,-8,-140,0
162,1,1,0,0,-8,-140,0
163,1,1,0,0,-8,-140,0
164,1,1,0,0,-8,-140,0
165,1,1,0,0,-8,-140,0
166,1,1,0,0,-8,-140,0
167,1,1,0,0,-8,-140,0
168,1,1,0,0,-8,-140,0
169,1,1,0,0,-8,-140,0
170,1,1,0,0,-8,-140,0
171,1,1,0,0,-8,-140,0
172,1,1,0,0,-8,-140,0
173,1,1,0,0,-8,-140,0
174,1,1,0,0,-8,-140,0
175,1,1,0,0,-8,-140,0
176,1,1,0,0,-8,-140,0
177,1,1,0,0,-8,-140,0
178,1,1,0,0,-8,-140,0
179,1,1,0,0,-8,-140,0
180,1,1,0,0,9,-140,0
181,1,1,0,0,9,-140,0
182,1,1,0,0,9,-140,0
183,1,1,0,0,9,-140,0
184,1,1,0,0,9,-140,0
185,1,1,0,0,9,-140,0
186,1,1,0,0,9,-140,0
187,1,1,0,0,9,-140,0
188,1,1,0,0,9,-140,0
189,1,1,0,0,9,-140,0
190,1,1,0,0,9,-140,0
191,1,1,0,0,9,-140,0
192,1,1,0,0,9,-140,0
193,1,1,0,0,9,-140,0
194,1,1,0,0,9,-140,0
195,1,1,0,0,9,-140,0
196,1,1,0,0,9,-140,0
197,1,1,0,0,9,-140,0
198,1,1,0,0,9,-140,0
199,1,1,0,0,9,-140,0
200,1,1,0,0,9,-140,0
201,1,1,0,0,9,-140,0
202,1,1,0,0,9,-140,0
203,1,1,0,0,9,-140,0
204,1,1,0,0,9,-140,0
205,1,1,0,0,9,-140,0
206,1,1,0,0,9,-140,0
207,1,1,0,0,9,-140,0
208,1,1,0,0,9,-140,0
209,1,1,0,0,9,-140,0
210,1,1,0,0,9,-140,0
211,1,1,0,0,9,-140,0
212,1,1,0,0,9,-140,0
213,1,1,0,0,9,-140,0
214,1,1,0,0,9,-140,0
215,1,1,0,0,9,-140,0
216,1,1,0,0,9,-140,0
217,1,1,0,0,9,-140,0
218,1,1,0,0,9,-140,0
219,1,1,0,0,9,-140,0
220,1,1,0,0,9,-140,0
221,1,1,0,0,9,-140,0
222,1,1,0,0,9,-140,0
223,1,1,0,0,9,-140,0
224,1,1,0,0,9,-140,0
225,1,1,0,0,9,-140,0
226,1,1,0,0,9,-140,0
227,1,1,0,0,9,-140,0
228,1,1,0,0,9,-140,0
229,1,1,0,0,9,-140,0
230,1,1,0,0,9,-140,0
231,1,1,0,0,9,-140,0
232,1,1,0,0,9,-140,0
233,1,1,0,0,9,-140,0
234,1,1,0,0,9,-140,0
235,1,1,0,0,9,-140,0
236,1,1,0,0,9,-140,0
237,1,1,0,0,9,-140,0
238,1,1,0,0,9,-140,0
239,1,1,0,0,9,-140,0
240,1,1,0,0,9,-140,0
241,1,1,0,0,9,-140,0
242,1,1,0,0,9,-140,0
243,1,1,0,0,9,-140,0
244,1,1,0,0,9,-140,0
245,1,1,0,0,9,-140,0
246,1,1,0,0,9,-140,0
247,1,1,0,0,9,-140,0
248,1,1,0,0,9,-140,0
249,1,1,0,0,9,-140,0
250,1,1,0,0,9,-140,0
251,1,1,0,0,9,-140,0
252,1,1,0,0,9,-140,0
253,1,1,0,0,9,-140,0
254,1,1,0,0,9,-140,0
255,1,1,0,0,9,-140,0
256,1,1,0,0,9,-140,0
257,1,1,0,0,-9,-140,0
258,1,1,0,0,-9,-140,0
259,1,1,0,0,-9,-140,0
260,1,1,0,0,-9,-140,0
261,1,1,0,0,-9,-140,0
262,1,1,0,0,-9,-140,0
263,1,1,0,0,-9,-140,0
264,1,1,0,0,-9,-140,0
265,1,1,0,0,-9,-140,0
266,1,1,0,0,-9,-140,0
267,1,1,0,0,-9,-140,0
268,1,1,0,0,-9,-140,0
269,1,1,0,0,-9,-140,0
270,1,1,0,0,-9,-140,0
271,1,1,0,0,-9,-140,0
272,1,1,0,0,-9,-140,0
273,1,1,0,0,-9,-140,0
274,1,1,0,0,-9,-140,0
275,1,1,0,0,-9,-140,0
276,1,1,0,0,-9,-140,0
277,1,1,0,0,-9,-140,0
278,1,1,0,0,-9,-140,0
279,1,1,0,0,-9,-140,0
280,1,1,0,0,-9,-140,0
281,1,1,0,0,-9,-140,0
282,1,1,0,0,-9,-140,0
283,1,1,0,0,-9,-140,0
284,1,1,0,0,-9,-140,0
285,1,1,0,0,-9,-140,0
286,1,1,0,0,-9,-140,0
287,1,1,0,0,-9,-140,0
288,1,1,0,0,-9,-140,0
289,1,1,0,0,-9,-140,0
290,1,1,0,0,-9,-140,0
291,1,1,0,0,-9,-140,0
292,1,1,0,0,-9,-140,0
293,1,1,0,0,-9,-140,0
294,1,1,0,0,-9,-140,0
295,1,1,0,0,-9,-140,0
296,1,1,0,0,-9,-140,0
297,1,1,0,0,-9,-140,0
298,1,1,0,0,-9,-140,0
299,1,1,0,0,-9,-140,0
300,1,1,0,0,-9,-140,0
301,1,1,0,0,-9,-140,0
302,1,1,0,0,-9,-140,0
303,1,1,0,0,-9,-140,0
304,1,1,0,0,-9,-140,0
305,1,1,0,0,-9,-140,0
306,1,1,0,0,-9,-140,0
307,1,1,0,0,-9,-140,0
308,1,1,0,0,-9,-140,0
309,1,1,0,0,-9,-140,0
310,1,1,0,0,-9,-140,0
311,1,1,0,0,-9,-140,0
312,1,1,0,0,-9,-140,0
313,1,1,0,0,-9,-140,0
314,1,1,0,0,-9,-140,0
315,1,1,0,0,-9,-140,0
316,1,1,0,0,-9,-140,0
317,1,1,0,0,-9,-140,0
318,1,1,0,0,-9,-140,0
319,1,1,0,0,-9,-140,0
320,1,1,0,0,-9,-140,0
321,1,1,0,0,-9,-140,0
322,1,1,0,0,-9,-140,0
323,1,1,0,0,-9,-140,0
324,1,1,0,0,-9,-140,0
325,1,1,0,0,-9,-140,0
326,1,1,0,0,-9,-140,0
327,1,1,0,0,-9,-140,0
328,1,1,0,0,-9,-140,0
329,1,1,0,0,-9,-140,0
330,1,1,0,0,-9,-140,0
331,1,1,0,0,-9,-140,0
332,1,1,0,0,-9,-140,0
333,1,1,0,0,-9,-140,0
334,1,1,0,0,-9,-140,0
335,1,1,0,0,-9,-140,0
336,1,1,0,0,-9,-140,0
337,1,1,0,0,-9,-140,0
338,1,1,0,0,-9,-140,0
339,1,1,0,0,-9,-140,0
340,1,1,0,0,-9,-140,0
341,1,1,0,0,-9,-140,0
342,1,1,0,0,-9,-140,0
343,1,1,0,0,-9,-140,0
344,1,1,0,0,-9,-140,0
345,1,1,0,0,-9,-140,0
