t,x,y,fh,fv,r,s,frame:
0,672,-3,0,0,-16,-22,1
1,672,-3,0,0,-16,-22,1
2,672,-3,0,0,-16,-22,1
3,672,-3,0,0,-16,-22,1
4,672,-3,0,0,-16,-22,1
5,672,-3,0,0,-16,-22,1
6,672,-3,0,0,-16,-22,1
7,672,-3,0,0,-16,-22,1
8,672,-3,0,0,-16,-22,1
9,672,-3,0,0,-16,-22,1
10,672,-3,0,0,-16,-22,1
11,672,-3,0,0,-16,-22,1
12,672,-3,0,0,-16,-22,1
13,672,-3,0,0,-16,-22,1
14,672,-3,0,0,-16,-22,1
15,672,-3,0,0,-16,-22,1
16,672,-3,0,0,-16,-22,1
17,672,-3,0,0,-16,-22,1
18,672,-3,0,0,-16,-22,1
19,672,-3,0,0,-16,-22,1
20,673,-4,0,0,-16,-22,1
21,673,-4,0,0,-16,-22,1
22,673,-4,0,0,-16,-22,1
23,674,-5,0,0,-16,-22,1
24,675,-6,0,0,-16,-22,1
25,676,-7,0,0,-16,-22,1
26,677,-8,0,0,-16,-22,1
27,678,-8,0,0,-16,-22,1
28,678,-8,0,0,-16,-22,1
29,678,-8,0,0,-16,-22,1
30,678,-8,0,0,-16,-22,1
31,678,-8,0,0,-16,-22,1
32,678,-8,0,0,-16,-22,1
33,678,-8,0,0,-16,-22,1
34,678,-8,0,0,-16,-22,1
35,678,-8,0,0,-16,-22,1
36,680,-9,0,0,-16,-22,1
37,682,-10,0,0,-16,-22,1
38,684,-11,0,0,-16,-22,1
39,685,-12,0,0,-16,-22,1
40,685,-12,0,0,-16,-22,1
41,685,-12,0,0,-16,-22,1
42,685,-12,0,0,-16,-22,1
43,685,-12,0,0,-16,-22,1
44,685,-12,0,0,-16,-22,1
45,685,-12,0,0,-16,-22,1
46,685,-13,0,0,-16,-22,1
47,686,-13,0,0,-16,-22,1
48,687,-14,0,0,-16,-22,1
49,687,-14,0,0,-16,-22,1
50,687,-14,0,0,-16,-22,1
51,687,-14,0,0,-16,-22,1
52,687,-14,0,0,-16,-22,1
53,687,-14,0,0,-16,-22,1
54,687,-14,0,0,-16,-22,1
55,687,-14,0,0,-16,-22,1
56,687,-14,0,0,-16,-22,1
57,688,-15,0,0,-16,-22,1
58,688,-16,0,0,-16,-22,1
59,689,-17,0,0,-16,-22,1
60,690,-18,0,0,-16,-22,1
61,690,-18,0,0,-16,-22,1
62,690,-20,0,0,-16,-22,1
63,690,-21,0,0,-16,-22,1
64,690,-21,0,0,-16,-22,1
65,690,-21,0,0,-16,-22,1
66,690,-21,0,0,-16,-22,1
67,690,-22,0,0,-16,-22,1
68,690,-23,0,0,-16,-22,1
69,690,-23,0,0,-16,-22,1
70,690,-23,0,0,-16,-22,1
71,690,-24,0,0,-16,-22,1
72,690,-24,0,0,-16,-22,1
73,690,-25,0,0,-16,-22,1
74,690,-25,0,0,-16,-22,1
75,690,-26,0,0,-16,-22,1
76,690,-26,0,0,-16,-22,1
77,690,-26,0,0,-16,-22,1
78,690,-26,0,0,-16,-22,1
79,690,-26,0,0,-16,-22,1
80,690,-26,0,0,-16,-22,1
81,690,-27,0,0,-16,-22,1
82,690,-28,0,0,-16,-22,1
83,690,-29,0,0,-16,-22,1
84,691,-29,0,0,-16,-22,1
85,691,-29,0,0,-16,-22,1
86,691,-29,0,0,-16,-22,1
87,692,-29,0,0,-16,-22,1
88,692,-30,0,0,-16,-22,1
89,693,-31,0,0,-16,-22,1
90,693,-31,0,0,-16,-22,1
91,693,-31,0,0,-16,-22,1
92,693,-31,0,0,-16,-22,1
93,693,-31,0,0,-16,-22,1
94,693,-31,0,0,-16,-22,1
95,693,-31,0,0,-16,-22,1
96,693,-31,0,0,-16,-22,1
97,693,-32,0,0,-16,-22,1
98,694,-32,0,0,-16,-22,1
99,694,-32,0,0,-16,-22,1
100,694,-32,0,0,-16,-22,1
101,694,-32,0,0,-16,-22,1
102,694,-32,0,0,-16,-22,1
103,694,-32,0,0,-16,-22,1
104,694,-32,0,0,-16,-22,1
105,694,-32,0,0,-16,-22,1
106,694,-32,0,0,-16,-22,1
107,694,-32,0,0,-16,-22,1
108,694,-32,0,0,-16,-22,1
109,694,-32,0,0,-16,-22,1
110,695,-32,0,0,-16,-22,1
111,695,-32,0,0,-16,-22,1
112,695,-32,0,0,-16,-22,1
113,695,-32,0,0,-16,-22,1
114,695,-32,0,0,-16,-22,1
115,695,-32,0,0,-16,-22,1
116,695,-32,0,0,-16,-22,1
117,695,-32,0,0,-16,-22,1
118,695,-32,0,0,-16,-22,1
119,695,-32,0,0,-16,-22,1
120,695,-32,0,0,-16,-22,1
121,695,-32,0,0,-16,-22,1
122,695,-32,0,0,-16,-22,1
123,695,-32,0,0,-16,-22,1
124,695,-32,0,0,-16,-22,0
125,695,-32,0,0,-16,-22,0
126,695,-32,0,0,-16,-22,0
127,695,-32,0,0,-16,-22,0
128,695,-32,0,0,-16,-22,0
129,695,-32,0,0,-16,-22,0
130,695,-32,0,0,-16,-22,0
131,695,-32,0,0,-16,-22,0
132,695,-32,0,0,-16,-21,0
133,695,-32,0,0,-16,-20,0
134,695,-32,0,0,-16,-19,0
135,695,-32,0,0,-16,-18,0
136,695,-32,0,0,-16,-17,0
137,695,-32,0,0,-16,-16,0
138,695,-32,0,0,-16,-15,0
139,695,-32,0,0,-16,-14,0
140,695,-32,0,0,-16,-13,0
141,695,-32,0,0,-16,-12,0
142,695,-32,0,0,-16,-11,0
143,695,-32,0,0,-16,-10,0
144,695,-32,0,0,-16,-9,0
145,695,-32,0,0,-16,-8,0
146,695,-32,0,0,-16,-7,0
147,695,-32,0,0,-16,-6,0
148,695,-32,0,0,-16,-5,0
149,695,-32,0,0,-16,-4,0
150,695,-32,0,0,-16,-3,0
151,695,-32,0,0,-16,-2,0
152,695,-32,0,0,-16,-1,0
153,695,-32,0,0,-16,0,0
154,695,-32,0,0,-16,1,0
155,695,-32,0,0,-16,2,0
156,695,-32,0,0,-16,3,0
157,695,-32,0,0,-16,4,0
158,695,-32,0,0,-16,5,0
159,695,-32,0,0,-16,6,0
160,695,-32,0,0,-16,7,0
161,695,-32,0,0,-16,8,0
162,695,-32,0,0,-16,9,0
163,695,-32,0,0,-16,10,0
164,695,-32,0,0,-16,11,0
165,695,-32,0,0,-16,11,0
166,695,-32,0,0,-16,11,0
167,695,-32,0,0,-16,11,0
168,695,-32,0,0,-16,11,0
169,695,-32,0,0,-16,11,0
170,695,-32,0,0,-16,11,0
171,695,-32,0,0,-16,11,0
172,695,-32,0,0,-16,11,0
173,695,-32,0,0,-16,11,0
174,695,-32,0,0,-16,11,0
175,695,-32,0,0,-16,11,0
176,695,-32,0,0,-16,11,0
177,695,-32,0,0,-16,11,0
178,695,-32,0,0,-16,11,0
179,695,-32,0,0,-16,11,0
180,695,-32,0,0,-16,11,0
181,695,-32,0,0,-16,11,0
182,695,-32,0,0,-16,11,0
183,695,-32,0,0,-16,11,0
184,695,-32,0,0,-16,11,0
185,695,-32,0,0,-16,11,0
186,695,-32,0,0,-16,11,0
187,695,-32,0,0,-16,11,0
188,695,-32,0,0,-16,11,0
189,695,-32,0,0,-16,11,0
190,695,-32,0,0,-16,11,0
191,695,-32,0,0,-16,11,0
192,695,-32,0,0,-16,11,0
193,695,-32,0,0,-16,11,0
194,695,-32,0,0,-16,11,0
195,695,-32,0,0,-16,11,0
196,695,-32,0,0,-16,11,0
197,695,-32,0,0,-16,11,0
198,695,-32,0,0,-16,11,0
199,695,-32,0,0,-16,11,0
200,695,-32,0,0,-16,11,0
201,695,-32,0,0,-16,10,0
202,695,-32,0,0,-16,9,0
203,695,-32,0,0,-16,8,0
204,695,-32,0,0,-16,7,0
205,695,-32,0,0,-16,6,0
206,695,-32,0,0,-16,5,0
207,695,-32,0,0,-16,4,0
208,695,-32,0,0,-16,3,0
209,695,-32,0,0,-16,2,0
210,695,-32,0,0,-16,1,0
211,695,-32,0,0,-16,0,0
212,695,-32,0,0,-16,-1,0
213,695,-32,0,0,-16,-2,0
214,695,-32,0,0,-16,-3,0
215,695,-32,0,0,-16,-4,0
216,695,-32,0,0,-16,-5,0
217,695,-32,0,0,-16,-6,0
218,695,-32,0,0,-16,-7,0
219,695,-32,0,0,-16,-8,0
220,695,-32,0,0,-16,-9,0
221,695,-32,0,0,-16,-10,0
222,695,-32,0,0,-16,-11,0
223,695,-32,0,0,-16,-12,0
224,695,-32,0,0,-16,-13,0
225,695,-32,0,0,-16,-14,0
226,695,-32,0,0,-16,-15,0
227,695,-32,0,0,-16,-15,0
228,695,-32,0,0,-16,-15,0
229,695,-32,0,0,-16,-15,0
230,695,-32,0,0,-16,-15,0
231,695,-32,0,0,-16,-15,0
232,695,-32,0,0,-16,-15,0
233,695,-32,0,0,-16,-15,0
234,695,-32,0,0,-16,-15,0
235,695,-32,0,0,-16,-15,0
236,695,-32,0,0,-16,-15,0
237,695,-31,0,0,-16,-15,1
238,695,-31,0,0,-16,-15,1
239,695,-31,0,0,-16,-15,1
240,695,-31,0,0,-16,-15,1
241,695,-31,0,0,-16,-15,1
242,695,-31,0,0,-16,-15,1
243,695,-31,0,0,-16,-15,1
244,695,-31,0,0,-16,-15,1
245,695,-31,0,0,-16,-15,1
246,695,-31,0,0,-16,-15,1
247,695,-31,0,0,-16,-15,1
248,695,-31,0,0,-16,-15,1
249,695,-31,0,0,-16,-15,1
250,695,-31,0,0,-16,-15,1
251,695,-31,0,0,-16,-15,1
252,695,-31,0,0,-16,-15,1
253,695,-31,0,0,-16,-15,1
254,695,-31,0,0,-16,-15,1
255,695,-31,0,0,-16,-15,1
256,695,-31,0,0,-16,-15,1
257,695,-31,0,0,-16,-15,1
258,695,-31,0,0,-16,-15,1
259,695,-31,0,0,-16,-15,1
260,695,-31,0,0,-16,-15,1
261,695,-31,0,0,-16,-15,1
262,695,-31,0,0,-16,-15,1
263,695,-31,0,0,-16,-15,1
264,695,-31,0,0,-16,-15,1
265,695,-31,0,0,-16,-15,1
266,695,-31,0,0,-16,-15,1
267,695,-31,0,0,-16,-15,1
268,695,-31,0,0,-16,-15,1
269,695,-31,0,0,-16,-15,1
270,695,-31,0,0,-16,-15,1
271,695,-31,0,0,-16,-15,1
272,695,-31,0,0,-16,-15,1
273,695,-31,0,0,-16,-15,1
274,695,-31,0,0,-16,-15,1
275,695,-31,0,0,-16,-15,1
276,695,-31,0,0,-16,-15,1
277,695,-31,0,0,-16,-15,1
278,695,-31,0,0,-16,-15,1
279,695,-31,0,0,-16,-15,1
280,695,-31,0,0,-16,-15,1
281,695,-31,0,0,-16,-15,1
282,695,-31,0,0,-16,-15,1
283,695,-31,0,0,-16,-15,1
284,695,-31,0,0,-16,-15,1
285,695,-31,0,0,-16,-15,1
286,695,-31,0,0,-16,-15,1
287,695,-31,0,0,-16,-15,1
288,695,-31,0,0,-16,-15,1
289,695,-31,0,0,-16,-15,1
290,695,-31,0,0,-16,-15,1
291,695,-31,0,0,-16,-15,1
292,695,-31,0,0,-16,-15,1
293,695,-31,0,0,-16,-15,1
294,695,-31,0,0,-16,-15,1
295,695,-31,0,0,-16,-15,1
296,695,-31,0,0,-16,-15,1
297,695,-31,0,0,-16,-15,1
298,695,-31,0,0,-16,-15,1
299,695,-31,0,0,-16,-15,1
300,695,-31,0,0,-16,-15,1
301,695,-31,0,0,-16,-15,1
302,695,-31,0,0,-16,-15,1
303,695,-31,0,0,-16,-15,1
304,695,-31,0,0,-16,-15,1
305,695,-31,0,0,-16,-15,1
306,695,-31,0,0,-16,-15,1
307,695,-31,0,0,-16,-15,1
308,695,-31,0,0,-16,-15,1
309,695,-31,0,0,-16,-15,1
310,695,-31,0,0,-16,-15,1
311,695,-31,0,0,-16,-15,1
312,695,-31,0,0,-16,-15,1
313,695,-31,0,0,-16,-15,1
314,695,-31,0,0,-16,-15,1
315,695,-31,0,0,-16,-15,1
316,695,-31,0,0,-16,-15,1
317,695,-31,0,0,-16,-15,1
318,695,-31,0,0,-16,-15,1
319,695,-31,0,0,-16,-15,1
320,695,-31,0,0,-16,-15,1
321,695,-31,0,0,-16,-15,1
322,695,-31,0,0,-16,-15,1
323,695,-31,0,0,-16,-15,1
324,695,-31,0,0,-16,-15,1
325,695,-31,0,0,-16,-15,1
326,695,-31,0,0,-16,-15,1
327,695,-31,0,0,-16,-15,1
328,695,-31,0,0,-16,-15,1
329,695,-31,0,0,-16,-15,1
330,695,-31,0,0,-16,-15,1
331,695,-31,0,0,-16,-15,1
332,695,-31,0,0,-16,-15,1
333,695,-31,0,0,-16,-15,1
334,695,-31,0,0,-16,-15,1
335,695,-31,0,0,-16,-15,1
336,695,-31,0,0,-16,-15,1
337,695,-31,0,0,-16,-15,1
338,695,-31,0,0,-16,-15,1
339,695,-31,0,0,-16,-15,1
340,695,-31,0,0,-16,-15,1
341,695,-31,0,0,-16,-15,1
342,695,-31,0,0,-16,-15,1
343,695,-31,0,0,-16,-15,1
344,695,-31,0,0,-16,-15,1
345,695,-31,0,0,-16,-15,1
346,695,-31,0,0,-16,-15,1
347,695,-31,0,0,-16,-15,1
348,695,-31,0,0,-16,-15,1
349,695,-31,0,0,-16,-15,1
350,695,-31,0,0,-16,-15,1
351,695,-31,0,0,-16,-15,1
352,695,-31,0,0,-16,-15,1
353,695,-31,0,0,-16,-15,1
354,695,-31,0,0,-16,-15,1
