t,x,y,fh,fv,r,s,frame:
0,-417,244,0,0,-19,-86,0
1,-417,244,0,0,-19,-86,0
2,-417,244,0,0,-19,-86,0
3,-417,244,0,0,-19,-86,0
4,-417,244,0,0,-19,-86,0
5,-417,244,0,0,-19,-86,0
6,-417,244,0,0,-19,-86,0
7,-416,244,0,0,-19,-86,0
8,-414,244,0,0,-19,-86,0
9,-404,242,0,0,-19,-86,0
10,-397,239,0,0,-19,-86,0
11,-392,238,0,0,-19,-86,0
12,-386,236,0,0,-19,-86,0
13,-383,235,0,0,-19,-86,0
14,-380,234,0,0,-19,-86,0
15,-379,234,0,0,-19,-86,0
16,-378,234,0,0,-19,-86,0
17,-378,234,0,0,-19,-86,0
18,-378,234,0,0,-19,-86,0
19,-378,234,0,0,-19,-86,0
20,-377,234,0,0,-19,-86,0
21,-375,236,0,0,-19,-86,0
22,-374,238,0,0,-19,-86,0
23,-372,242,0,0,-19,-86,0
24,-370,246,0,0,-19,-86,0
25,-368,248,0,0,-19,-86,0
26,-365,251,0,0,-19,-86,0
27,-365,251,0,0,-19,-86,0
28,-364,252,0,0,-19,-86,0
29,-364,252,0,0,-19,-86,0
30,-364,252,0,0,-19,-86,0
31,-364,252,0,0,-19,-86,0
32,-363,252,0,0,-19,-86,0
33,-359,251,0,0,-19,-86,0
34,-354,250,0,0,-19,-86,0
35,-347,247,0,0,-19,-86,0
36,-341,245,0,0,-19,-86,0
37,-334,242,0,0,-19,-86,0
38,-329,241,0,0,-19,-86,0
39,-326,240,0,0,-19,-86,0
40,-324,239,0,0,-19,-86,0
41,-322,239,0,0,-19,-86,0
42,-322,239,0,0,-19,-86,0
43,-322,239,0,0,-19,-86,0
44,-321,239,0,0,-19,-86,0
45,-318,242,0,0,-19,-86,0
46,-315,245,0,0,-19,-86,0
47,-312,249,0,0,-19,-86,0
48,-309,251,0,0,-19,-86,0
49,-307,254,0,0,-19,-86,0
50,-305,255,0,0,-19,-86,0
51,-304,256,0,0,-19,-86,0
52,-303,257,0,0,-19,-86,0
53,-303,257,0,0,-19,-86,0
54,-303,257,0,0,-19,-86,0
55,-303,257,0,0,-19,-86,0
56,-302,257,0,0,-19,-86,0
57,-298,256,0,0,-19,-86,0
58,-292,254,0,0,-19,-86,0
59,-286,251,0,0,-19,-86,0
60,-279,249,0,0,-19,-86,0
61,-274,248,0,0,-19,-86,0
62,-270,246,0,0,-19,-86,0
63,-267,245,0,0,-19,-86,0
64,-264,244,0,0,-19,-86,0
65,-262,244,0,0,-19,-86,0
66,-262,244,0,0,-19,-86,0
67,-262,244,0,0,-19,-86,0
68,-262,244,0,0,-19,-86,0
69,-261,244,0,0,-19,-86,0
70,-258,246,0,0,-19,-86,0
71,-255,248,0,0,-19,-86,0
72,-252,251,0,0,-19,-86,0
73,-249,253,0,0,-19,-86,0
74,-247,255,0,0,-19,-86,0
75,-245,257,0,0,-19,-86,0
76,-243,259,0,0,-19,-86,0
77,-240,261,0,0,-19,-86,0
78,-239,262,0,0,-19,-86,0
79,-238,262,0,0,-19,-86,0
80,-238,263,0,0,-19,-86,0
81,-237,263,0,0,-19,-86,0
82,-236,263,0,0,-19,-86,0
83,-233,263,0,0,-19,-86,0
84,-230,262,0,0,-19,-86,0
85,-226,260,0,0,-19,-86,0
86,-221,258,0,0,-19,-86,0
87,-216,257,0,0,-19,-86,0
88,-211,255,0,0,-19,-86,0
89,-207,254,0,0,-19,-86,0
90,-201,253,0,0,-19,-86,0
91,-196,252,0,0,-19,-86,0
92,-193,252,0,0,-19,-86,0
93,-190,252,0,0,-19,-86,0
94,-186,252,0,0,-19,-86,0
95,-183,252,0,0,-19,-86,0
96,-181,253,0,0,-19,-86,0
97,-179,254,0,0,-19,-86,0
98,-176,258,0,0,-19,-86,0
99,-174,261,0,0,-19,-86,0
100,-172,263,0,0,-19,-86,0
101,-169,265,0,0,-19,-86,0
102,-167,266,0,0,-19,-86,0
103,-166,267,0,0,-19,-86,0
104,-165,267,0,0,-19,-86,0
105,-165,267,0,0,-19,-86,0
106,-165,267,0,0,-19,-86,0
107,-165,267,0,0,-19,-86,0
108,-165,267,0,0,-19,-86,0
109,-161,267,0,0,-19,-86,0
110,-157,266,0,0,-19,-86,0
111,-152,264,0,0,-19,-86,0
112,-148,263,0,0,-19,-86,0
113,-144,262,0,0,-19,-86,0
114,-143,261,0,0,-19,-86,0
115,-143,260,0,0,-19,-86,0
116,-142,260,0,0,-19,-86,0
117,-140,259,0,0,-19,-86,0
118,-140,259,0,0,-19,-86,0
119,-139,258,0,0,-19,-86,0
120,-136,258,0,0,-19,-86,0
121,-134,258,0,0,-19,-86,0
122,-132,258,0,0,-19,-86,0
123,-130,260,0,0,-19,-86,0
124,-128,262,0,0,-19,-86,0
125,-125,264,0,0,-19,-86,0
126,-122,266,0,0,-19,-86,0
127,-119,268,0,0,-19,-86,0
128,-115,271,0,0,-19,-86,0
129,-113,272,0,0,-19,-86,0
130,-112,273,0,0,-19,-86,0
131,-112,273,0,0,-19,-86,0
132,-112,273,0,0,-19,-86,0
133,-112,273,0,0,-19,-86,0
134,-110,272,0,0,-19,-86,0
135,-106,270,0,0,-19,-86,0
136,-99,267,0,0,-19,-86,0
137,-94,265,0,0,-19,-86,0
138,-89,264,0,0,-19,-86,0
139,-87,262,0,0,-19,-86,0
140,-84,262,0,0,-19,-86,0
141,-83,261,0,0,-19,-86,0
142,-81,260,0,0,-19,-86,0
143,-80,260,0,0,-19,-86,0
144,-80,260,0,0,-19,-86,0
145,-79,260,0,0,-19,-86,0
146,-78,260,0,0,-19,-86,0
147,-75,263,0,0,-19,-86,0
148,-71,266,0,0,-19,-86,0
149,-67,270,0,0,-19,-86,0
150,-65,271,0,0,-19,-86,0
151,-64,271,0,0,-19,-86,0
152,-64,271,0,0,-19,-86,0
153,-64,271,0,0,-19,-86,0
154,-64,271,0,0,-19,-86,0
155,-64,271,0,0,-19,-86,0
156,-64,271,0,0,-19,-86,0
157,-64,271,0,0,-19,-86,0
158,-64,271,0,0,-19,-86,0
159,-64,271,0,0,-19,-86,0
160,-64,271,0,0,-19,-86,0
161,-64,271,0,0,-19,-86,0
162,-64,271,0,0,-19,-86,0
163,-64,271,0,0,-19,-86,0
164,-64,271,0,0,-19,-86,0
165,-64,271,0,0,-19,-86,0
166,-64,271,0,0,-19,-86,0
167,-64,271,0,0,-19,-86,0
168,-64,271,0,0,-19,-86,0
169,-64,271,0,0,-19,-86,0
170,-64,271,0,0,-19,-86,0
171,-64,271,0,0,-19,-86,0
172,-64,271,0,0,-19,-86,0
173,-64,271,0,0,-19,-86,0
174,-64,271,0,0,-19,-86,0
175,-64,271,0,0,-19,-86,0
176,-64,271,0,0,-19,-86,0
177,-64,271,0,0,-19,-86,0
178,-64,271,0,0,-19,-86,0
179,-64,271,0,0,-19,-86,0
180,-64,271,0,0,-19,-86,0
181,-64,271,0,0,-19,-86,0
182,-64,271,0,0,-19,-86,0
183,-64,271,0,0,-19,-86,0
184,-64,271,0,0,-19,-86,0
185,-64,271,0,0,-19,-86,0
186,-64,271,0,0,-19,-86,0
187,-64,271,0,0,-19,-86,0
188,-64,271,0,0,-19,-86,0
189,-64,271,0,0,-19,-86,0
190,-64,271,0,0,-19,-86,0
191,-64,271,0,0,-19,-86,0
192,-64,271,0,0,-19,-86,0
193,-64,271,0,0,-19,-86,0
194,-64,271,0,0,-19,-86,0
195,-64,271,0,0,-19,-86,0
196,-64,271,0,0,-19,-86,0
197,-64,271,0,0,-19,-86,0
198,-64,271,0,0,-19,-86,0
199,-64,271,0,0,-19,-86,0
200,-64,271,0,0,-19,-86,0
201,-64,271,0,0,-19,-86,0
202,-64,271,0,0,-19,-86,0
203,-64,271,0,0,-19,-86,0
204,-64,271,0,0,-19,-86,0
205,-64,271,0,0,-19,-86,0
206,-64,271,0,0,-19,-86,0
207,476,81,0,0,47,-86,0
208,476,81,0,0,47,-86,0
209,476,81,0,0,47,-86,0
210,476,81,0,0,47,-86,0
211,476,81,0,0,47,-86,0
212,476,81,0,0,47,-86,0
213,476,81,0,0,47,-86,0
214,476,81,0,0,47,-86,0
215,476,81,0,0,47,-86,0
216,476,81,0,0,47,-86,0
217,476,81,0,0,47,-86,0
218,475,82,0,0,47,-86,0
219,474,83,0,0,47,-86,0
220,473,85,0,0,47,-86,0
221,472,86,0,0,47,-86,0
222,472,88,0,0,47,-86,0
223,472,89,0,0,47,-86,0
224,472,90,0,0,47,-86,0
225,472,91,0,0,47,-86,0
226,472,91,0,0,47,-86,0
227,472,91,0,0,47,-86,0
228,472,92,0,0,47,-86,0
229,473,92,0,0,47,-86,0
230,473,92,0,0,47,-86,0
231,473,92,0,0,47,-86,0
232,473,92,0,0,47,-86,0
233,473,92,0,0,47,-86,0
234,474,92,0,0,47,-86,0
235,475,92,0,0,47,-86,0
236,475,92,0,0,47,-86,0
237,475,91,0,0,47,-86,0
238,475,91,0,0,47,-86,0
239,476,90,0,0,47,-86,0
240,478,90,0,0,47,-86,0
241,479,90,0,0,47,-86,0
242,479,89,0,0,47,-86,0
243,479,89,0,0,47,-86,0
244,480,89,0,0,47,-86,0
245,480,89,0,0,47,-86,0
246,480,89,0,0,47,-86,0
247,480,88,0,0,47,-86,0
248,480,88,0,0,47,-86,0
249,480,88,0,0,47,-86,0
250,480,88,0,0,47,-86,0
251,480,88,0,0,47,-86,0
252,480,87,0,0,47,-86,0
253,480,87,0,0,47,-86,0
254,480,86,0,0,47,-86,0
255,480,86,0,0,47,-86,0
256,480,85,0,0,47,-86,0
257,480,85,0,0,47,-86,0
258,479,85,0,0,47,-86,0
259,479,84,0,0,47,-86,0
260,478,83,0,0,47,-86,0
261,478,83,0,0,47,-86,0
262,478,83,0,0,47,-86,0
263,478,83,0,0,47,-86,0
264,478,83,0,0,47,-86,0
265,478,83,0,0,47,-86,0
266,478,83,0,0,47,-86,0
267,477,83,0,0,47,-86,0
268,477,83,0,0,47,-86,0
269,477,82,0,0,47,-86,0
270,476,82,0,0,47,-86,0
271,476,82,0,0,47,-86,0
272,476,82,0,0,47,-86,0
273,476,82,0,0,47,-86,0
274,476,82,0,0,47,-86,0
275,476,83,0,0,47,-86,0
276,475,83,0,0,47,-86,0
277,475,84,0,0,47,-86,0
278,475,84,0,0,47,-86,0
279,475,85,0,0,47,-86,0
280,475,85,0,0,47,-86,0
281,475,85,0,0,47,-86,0
282,475,86,0,0,47,-86,0
283,475,86,0,0,47,-86,0
284,475,87,0,0,47,-86,0
285,475,87,0,0,47,-86,0
286,475,88,0,0,47,-86,0
287,476,88,0,0,47,-86,0
288,476,89,0,0,47,-86,0
289,477,89,0,0,47,-86,0
290,478,90,0,0,47,-86,0
291,478,91,0,0,47,-86,0
292,479,92,0,0,47,-86,0
293,479,92,0,0,47,-86,0
294,479,92,0,0,47,-86,0
295,479,93,0,0,47,-86,0
296,479,94,0,0,47,-86,0
297,479,94,0,0,47,-86,0
298,479,94,0,0,47,-86,0
299,479,95,0,0,47,-86,0
300,479,95,0,0,47,-86,0
301,479,96,0,0,47,-86,0
302,478,97,0,0,47,-86,0
303,477,97,0,0,47,-86,0
304,476,97,0,0,47,-86,0
305,475,97,0,0,47,-86,0
306,473,98,0,0,47,-86,0
307,471,99,0,0,47,-86,0
308,471,99,0,0,47,-86,0
309,471,99,0,0,47,-86,0
310,471,99,0,0,47,-86,0
311,471,99,0,0,47,-86,0
312,471,99,0,0,47,-86,0
313,470,99,0,0,47,-86,0
314,469,99,0,0,47,-86,0
315,469,99,0,0,47,-86,0
316,469,99,0,0,47,-86,0
317,469,99,0,0,47,-86,0
318,469,99,0,0,47,-86,0
319,468,99,0,0,47,-86,0
320,468,99,0,0,47,-86,0
321,468,99,0,0,47,-86,0
322,468,99,0,0,47,-86,0
323,468,99,0,0,47,-86,0
324,468,99,0,0,47,-86,0
325,467,98,0,0,47,-86,0
326,467,98,0,0,47,-86,0
327,467,97,0,0,47,-86,0
328,467,97,0,0,47,-86,0
329,467,97,0,0,47,-86,0
330,467,96,0,0,47,-86,0
331,468,96,0,0,47,-86,0
332,468,95,0,0,47,-86,0
333,468,95,0,0,47,-86,0
334,469,95,0,0,47,-86,0
335,470,94,0,0,47,-86,0
336,471,94,0,0,47,-86,0
337,471,93,0,0,47,-86,0
338,472,93,0,0,47,-86,0
339,473,92,0,0,47,-86,0
