t,x,y,fh,fv,r,s,frame:
0,122,-67,0,0,0,-111,0
1,122,-67,0,0,0,-111,0
2,122,-67,0,0,0,-111,0
3,122,-67,0,0,0,-111,0
4,122,-67,0,0,0,-111,0
5,122,-67,0,0,0,-111,0
6,122,-67,0,0,0,-111,0
7,122,-67,0,0,0,-111,0
8,122,-67,0,0,0,-111,0
9,122,-67,0,0,0,-111,0
10,122,-67,0,0,0,-111,0
11,122,-67,0,0,0,-111,0
12,122,-67,0,0,0,-111,0
13,122,-67,0,0,0,-111,0
14,122,-67,0,0,0,-111,0
15,122,-67,0,0,0,-111,0
16,122,-67,0,0,0,-111,0
17,122,-67,0,0,0,-111,0
18,122,-67,0,0,0,-111,0
19,122,-67,0,0,0,-111,0
20,122,-67,0,0,0,-111,0
21,122,-67,0,0,0,-111,0
22,122,-67,0,0,0,-111,0
23,122,-67,0,0,0,-111,0
24,122,-67,0,0,0,-111,0
25,122,-67,0,0,0,-111,0
26,122,-67,0,0,0,-111,0
27,122,-67,0,0,0,-111,0
28,122,-67,0,0,0,-111,0
29,122,-67,0,0,0,-111,0
30,122,-67,0,0,0,-111,0
31,122,-67,0,0,0,-111,0
32,122,-67,0,0,0,-111,0
33,122,-67,0,0,0,-111,0
34,122,-67,0,0,0,-111,0
35,122,-67,0,0,0,-111,0
36,122,-67,0,0,0,-111,0
37,122,-67,0,0,0,-111,0
38,122,-67,0,0,0,-111,0
39,122,-67,0,0,0,-111,0
40,122,-67,0,0,0,-111,0
41,122,-67,0,0,0,-111,0
42,122,-67,0,0,0,-111,0
43,122,-67,0,0,0,-111,0
44,122,-67,0,0,0,-111,0
45,122,-67,0,0,0,-111,0
46,122,-67,0,0,0,-111,0
47,122,-67,0,0,0,-111,0
48,122,-67,0,0,0,-111,0
49,122,-67,0,0,0,-111,0
50,122,-67,0,0,0,-111,0
51,122,-67,0,0,0,-111,0
52,122,-67,0,0,0,-111,0
53,122,-67,0,0,0,-111,0
54,122,-67,0,0,0,-111,0
55,122,-67,0,0,0,-111,0
56,122,-67,0,0,0,-111,0
57,122,-67,0,0,0,-111,0
58,122,-67,0,0,0,-111,0
59,122,-67,0,0,0,-111,0
60,122,-67,0,0,0,-111,0
61,122,-67,0,0,0,-111,0
62,122,-67,0,0,0,-111,0
63,122,-67,0,0,0,-111,0
64,122,-67,0,0,0,-111,0
65,122,-67,0,0,0,-111,0
66,122,-67,0,0,0,-111,0
67,122,-67,0,0,0,-111,0
68,122,-67,0,0,0,-111,0
69,122,-67,0,0,0,-111,0
70,122,-67,0,0,0,-111,0
71,122,-67,0,0,0,-111,0
72,122,-67,0,0,0,-111,0
73,122,-67,0,0,0,-111,0
74,122,-67,0,0,0,-111,0
75,122,-67,0,0,0,-111,0
76,122,-67,0,0,0,-111,0
77,122,-67,0,0,0,-111,0
78,122,-67,0,0,0,-111,0
79,122,-67,0,0,0,-111,0
80,122,-67,0,0,0,-111,0
81,122,-67,0,0,0,-111,0
82,122,-67,0,0,0,-111,0
83,122,-67,0,0,0,-111,0
84,122,-67,0,0,0,-111,0
85,122,-67,0,0,0,-111,0
86,122,-67,0,0,0,-111,0
87,122,-67,0,0,0,-111,0
88,122,-67,0,0,0,-111,0
89,122,-67,0,0,0,-111,0
90,122,-67,0,0,0,-111,0
91,122,-67,0,0,0,-111,0
92,122,-67,0,0,0,-111,0
93,122,-67,0,0,0,-111,0
94,122,-67,0,0,0,-111,0
95,122,-67,0,0,0,-111,0
96,122,-67,0,0,0,-111,0
97,122,-67,0,0,0,-111,0
98,122,-67,0,0,0,-111,0
99,122,-67,0,0,0,-111,0
100,122,-67,0,0,0,-111,0
101,122,-67,0,0,0,-111,0
102,122,-67,0,0,0,-111,0
103,122,-67,0,0,0,-111,0
104,122,-67,0,0,0,-111,0
105,122,-67,0,0,0,-111,0
106,122,-67,0,0,0,-111,0
107,122,-67,0,0,0,-111,0
108,122,-67,0,0,0,-111,0
109,122,-67,0,0,0,-111,0
110,122,-67,0,0,0,-111,0
111,122,-67,0,0,0,-111,0
112,122,-67,0,0,0,-111,0
113,122,-67,0,0,0,-111,0
114,122,-67,0,0,0,-111,0
115,122,-67,0,0,0,-111,0
116,122,-67,0,0,0,-111,0
117,122,-67,0,0,0,-111,0
118,122,-67,0,0,0,-111,0
119,122,-67,0,0,0,-111,0
120,122,-67,0,0,0,-111,0
121,122,-67,0,0,0,-111,0
122,122,-67,0,0,0,-111,0
123,122,-67,0,0,0,-111,0
124,122,-67,0,0,0,-111,0
125,122,-67,0,0,0,-111,0
126,122,-67,0,0,0,-111,0
127,122,-67,0,0,0,-111,0
128,122,-67,0,0,0,-111,0
129,122,-67,0,0,0,-111,0
130,122,-67,0,0,0,-111,0
131,122,-67,0,0,0,-111,0
132,122,-67,0,0,0,-111,0
133,122,-67,0,0,0,-111,0
134,122,-67,0,0,0,-111,0
135,122,-67,0,0,0,-111,0
136,122,-67,0,0,0,-111,0
137,122,-67,0,0,0,-111,0
138,122,-67,0,0,0,-111,0
139,122,-67,0,0,0,-111,0
140,122,-67,0,0,0,-111,0
141,122,-67,0,0,0,-111,0
142,122,-67,0,0,0,-111,0
143,122,-67,0,0,0,-111,0
144,122,-67,0,0,0,-111,0
145,122,-67,0,0,0,-111,0
146,122,-67,0,0,0,-111,0
147,122,-67,0,0,0,-111,0
148,122,-67,0,0,0,-111,0
149,122,-67,0,0,0,-111,0
150,122,-67,0,0,0,-111,0
151,122,-67,0,0,0,-111,0
152,122,-67,0,0,0,-111,0
153,122,-67,0,0,0,-111,0
154,122,-67,0,0,0,-111,0
155,122,-67,0,0,0,-111,0
156,122,-67,0,0,0,-111,0
157,122,-67,0,0,0,-111,0
158,122,-67,0,0,0,-111,0
159,122,-67,0,0,0,-111,0
160,122,-67,0,0,0,-111,0
161,122,-67,0,0,0,-111,0
162,122,-67,0,0,0,-111,0
163,122,-67,0,0,0,-111,0
164,122,-67,0,0,0,-111,0
165,122,-67,0,0,0,-111,0
166,122,-67,0,0,0,-111,0
167,122,-67,0,0,0,-111,0
168,122,-67,0,0,0,-111,0
169,122,-67,0,0,0,-111,0
170,122,-67,0,0,0,-111,0
171,122,-67,0,0,0,-111,0
172,122,-67,0,0,0,-111,0
173,122,-67,0,0,0,-111,0
174,122,-67,0,0,0,-111,0
175,122,-67,0,0,0,-111,0
176,122,-67,0,0,0,-111,0
177,122,-67,0,0,0,-111,0
178,122,-67,0,0,0,-111,0
179,122,-67,0,0,0,-111,0
180,122,-67,0,0,0,-111,0
181,122,-67,0,0,0,-111,0
182,122,-67,0,0,0,-111,0
183,122,-67,0,0,0,-111,0
184,122,-67,0,0,0,-111,0
185,122,-67,0,0,0,-111,0
186,122,-67,0,0,0,-111,0
187,122,-67,0,0,0,-111,0
188,122,-67,0,0,0,-111,0
189,122,-67,0,0,0,-111,0
190,122,-67,0,0,0,-111,0
191,122,-67,0,0,0,-111,0
192,122,-67,0,0,0,-111,0
193,122,-67,0,0,0,-111,0
194,122,-67,0,0,0,-111,0
195,122,-67,0,0,0,-111,0
196,122,-67,0,0,0,-111,0
197,122,-67,0,0,0,-111,0
198,122,-67,0,0,0,-111,0
199,122,-67,0,0,0,-111,0
200,122,-67,0,0,0,-111,0
201,122,-67,0,0,0,-111,0
202,122,-67,0,0,0,-111,0
203,122,-67,0,0,0,-111,0
204,122,-67,0,0,0,-111,0
205,122,-67,0,0,0,-111,0
206,122,-67,0,0,0,-111,0
207,122,-67,0,0,0,-111,0
208,122,-67,0,0,0,-111,0
209,122,-67,0,0,0,-111,0
210,122,-67,0,0,0,-111,0
211,122,-67,0,0,0,-111,0
212,122,-67,0,0,0,-111,0
213,122,-67,0,0,0,-111,0
214,122,-67,0,0,0,-111,0
215,122,-67,0,0,0,-111,0
216,122,-67,0,0,0,-111,0
217,122,-67,0,0,0,-111,0
218,122,-67,0,0,0,-111,0
219,122,-67,0,0,0,-111,0
220,122,-67,0,0,0,-111,0
221,122,-67,0,0,0,-111,0
222,122,-67,0,0,0,-111,0
223,122,-67,0,0,0,-111,0
224,122,-67,0,0,0,-111,0
225,122,-67,0,0,0,-111,0
226,122,-67,0,0,0,-111,0
227,122,-67,0,0,0,-111,0
228,122,-67,0,0,0,-111,0
229,122,-67,0,0,0,-111,0
230,122,-67,0,0,0,-111,0
231,122,-67,0,0,0,-82,2
232,122,-67,0,0,0,-82,2
233,122,-67,0,0,0,-82,2
234,122,-67,0,0,0,-82,2
235,122,-67,0,0,0,-82,2
236,122,-67,0,0,0,-82,2
237,122,-67,0,0,0,-82,2
238,122,-67,0,0,0,-82,2
239,122,-67,0,0,0,-82,2
240,122,-67,0,0,0,-82,2
241,122,-67,0,0,0,-82,2
242,122,-67,0,0,0,-82,2
243,122,-67,0,0,0,-82,2
244,122,-67,0,0,0,-82,2
245,122,-67,0,0,0,-82,2
246,122,-67,0,0,0,-82,2
247,122,-67,0,0,0,-82,2
248,122,-67,0,0,0,-82,2
249,122,-67,0,0,0,-82,2
250,122,-67,0,0,0,-82,2
251,122,-67,0,0,0,-82,2
252,122,-67,0,0,0,-82,2
253,122,-67,0,0,0,-82,2
254,122,-67,0,0,0,-82,2
255,122,-67,0,0,0,-82,2
256,122,-67,0,0,0,-82,2
257,122,-67,0,0,0,-82,2
258,122,-67,0,0,0,-82,2
259,122,-67,0,0,0,-82,2
260,122,-67,0,0,0,-82,2
261,122,-67,0,0,0,-82,2
262,122,-67,0,0,0,-82,2
263,122,-67,0,0,0,-82,2
264,122,-67,0,0,0,-82,2
265,122,-67,0,0,0,-82,2
266,122,-67,0,0,0,-82,2
267,122,-67,0,0,0,-82,1
268,122,-67,0,0,0,-82,1
269,122,-67,0,0,0,-82,1
270,122,-67,0,0,0,-82,1
271,122,-67,0,0,0,-82,1
272,122,-67,0,0,0,-82,1
273,122,-67,0,0,0,-82,1
274,122,-67,0,0,0,-82,1
275,122,-67,0,0,0,-82,1
276,122,-67,0,0,0,-82,1
277,122,-67,0,0,0,-82,1
278,122,-67,0,0,0,-82,1
279,122,-67,0,0,0,-82,1
280,122,-67,0,0,0,-82,1
281,122,-67,0,0,0,-82,1
282,122,-67,0,0,0,-82,1
283,122,-67,0,0,0,-82,1
284,122,-67,0,0,0,-82,1
285,122,-67,0,0,0,-82,1
286,122,-67,0,0,0,-82,1
287,122,-67,0,0,0,-82,1
288,122,-67,0,0,0,-82,1
289,122,-67,0,0,0,-82,1
290,122,-67,0,0,0,-82,1
291,122,-67,0,0,0,-82,1
292,122,-67,0,0,0,-82,1
293,122,-67,0,0,0,-82,1
294,122,-67,0,0,0,-82,1
295,122,-67,0,0,0,-82,1
296,122,-67,0,0,0,-82,1
297,122,-67,0,0,0,-82,1
298,122,-67,0,0,0,-82,1
299,122,-67,0,0,0,-82,1
300,122,-67,0,0,0,-82,1
301,122,-67,0,0,0,-82,1
302,122,-67,0,0,0,-82,1
303,122,-67,0,0,0,-82,1
304,122,-67,0,0,0,-82,1
305,122,-67,0,0,0,-82,1
306,122,-67,0,0,0,-82,1
307,122,-67,0,0,0,-82,1
308,122,-67,0,0,0,-82,1
309,122,-67,0,0,0,-82,1
310,122,-67,0,0,0,-82,1
311,122,-67,0,0,0,-82,1
312,122,-67,0,0,0,-82,1
313,122,-67,0,0,0,-82,1
314,122,-67,0,0,0,-82,1
315,122,-67,0,0,0,-82,1
316,122,-67,0,0,0,-82,1
317,122,-67,0,0,0,-82,1
318,122,-67,0,0,0,-82,1
319,122,-67,0,0,0,-82,1
320,122,-67,0,0,0,-82,1
321,122,-67,0,0,0,-82,1
322,122,-67,0,0,0,-82,1
323,122,-67,0,0,0,-82,1
324,122,-67,0,0,0,-82,1
325,122,-67,0,0,0,-82,1
326,122,-67,0,0,0,-82,1
327,122,-67,0,0,0,-82,1
328,122,-67,0,0,0,-82,1
329,122,-67,0,0,0,-82,1
330,122,-67,0,0,0,-82,1
331,122,-67,0,0,0,-82,1
332,122,-67,0,0,0,-82,1
333,122,-67,0,0,0,-82,1
334,122,-67,0,0,0,-82,1
335,122,-67,0,0,0,-82,1
336,122,-67,0,0,0,-82,1
337,122,-67,0,0,0,-82,1
338,122,-67,0,0,0,-82,1
339,122,-67,0,0,0,-82,1
340,122,-67,0,0,0,-82,1
341,122,-67,0,0,0,-82,1
342,122,-67,0,0,0,-82,1
343,122,-67,0,0,0,-82,1
344,122,-67,0,0,0,-82,1
345,122,-67,0,0,0,-82,1
346,122,-67,0,0,0,-82,1
347,122,-67,0,0,0,-82,1
348,122,-67,0,0,0,-82,1
349,122,-67,0,0,0,-82,1
350,122,-67,0,0,0,-82,1
351,122,-67,0,0,0,-82,1
352,122,-67,0,0,0,-82,1
353,122,-67,0,0,0,-82,1
354,122,-67,0,0,0,-82,1
355,122,-67,0,0,0,-82,1
356,122,-67,0,0,0,-82,1
357,122,-67,0,0,0,-82,1
358,122,-67,0,0,0,-82,1
359,122,-67,0,0,0,-82,1
360,122,-67,0,0,0,-82,1
361,122,-67,0,0,0,-82,1
362,122,-67,0,0,0,-82,1
363,122,-67,0,0,0,-82,1
364,122,-67,0,0,0,-82,1
365,122,-67,0,0,0,-82,1
366,122,-67,0,0,0,-82,1
367,122,-67,0,0,0,-82,1
368,122,-67,0,0,0,-82,1
369,122,-67,0,0,0,-82,1
370,122,-67,0,0,0,-82,1
371,122,-67,0,0,0,-82,1
372,122,-67,0,0,0,-82,1
373,122,-67,0,0,0,-82,1
374,122,-67,0,0,0,-82,1
375,122,-67,0,0,0,-82,1
376,122,-67,0,0,0,-82,1
377,122,-67,0,0,0,-82,1
378,122,-67,0,0,0,-82,1
379,122,-67,0,0,0,-82,1
380,122,-67,0,0,0,-82,1
381,122,-67,0,0,0,-82,1
382,122,-67,0,0,0,-82,1
383,122,-67,0,0,0,-82,1
384,122,-67,0,0,0,-82,1
385,122,-67,0,0,0,-82,1
386,122,-67,0,0,0,-82,1
387,122,-67,0,0,0,-82,1
388,122,-67,0,0,0,-82,1
389,122,-67,0,0,0,-82,1
390,122,-67,0,0,0,-82,1
391,122,-67,0,0,0,-82,1
392,122,-67,0,0,0,-82,1
393,122,-67,0,0,0,-82,1
394,122,-67,0,0,0,-82,1
395,122,-67,0,0,0,-82,1
396,122,-67,0,0,0,-82,1
397,122,-67,0,0,0,-82,1
398,122,-67,0,0,0,-82,1
399,122,-67,0,0,0,-82,1
400,122,-67,0,0,0,-82,1
401,122,-67,0,0,0,-82,1
402,122,-67,0,0,0,-82,1
403,122,-67,0,0,0,-82,1
404,122,-67,0,0,0,-82,1
405,122,-67,0,0,0,-82,1
406,122,-67,0,0,0,-82,1
407,122,-67,0,0,0,-82,1
408,122,-67,0,0,0,-82,1
409,122,-67,0,0,0,-82,1
410,122,-67,0,0,0,-82,1
411,122,-67,0,0,0,-82,1
412,122,-67,0,0,0,-82,1
413,122,-67,0,0,0,-82,1
414,122,-67,0,0,0,-82,1
415,122,-67,0,0,0,-82,1
416,122,-67,0,0,0,-82,1
417,122,-67,0,0,0,-82,1
418,122,-67,0,0,0,-82,1
419,122,-67,0,0,0,-82,1
420,122,-67,0,0,0,-82,1
421,122,-67,0,0,0,-82,1
422,122,-67,0,0,0,-82,1
