t,x,y,fh,fv,r,s,frame:
0,-320,126,0,0,83,-38,1
1,-320,126,0,0,83,-38,1
2,-320,126,0,0,83,-38,1
3,-320,126,0,0,83,-38,1
4,-320,126,0,0,83,-38,1
5,-320,126,0,0,83,-38,1
6,-320,126,0,0,83,-38,1
7,-320,126,0,0,83,-38,1
8,-320,126,0,0,83,-38,1
9,-320,126,0,0,83,-38,1
10,-320,126,0,0,83,-38,1
11,-320,126,0,0,83,-38,1
12,-320,126,0,0,83,-38,1
13,-320,126,0,0,83,-38,1
14,-320,126,0,0,83,-38,1
15,-320,126,0,0,83,-38,1
16,-320,126,0,0,83,-38,1
17,-320,126,0,0,83,-38,1
18,-320,126,0,0,83,-38,1
19,-320,126,0,0,83,-38,1
20,-320,126,0,0,83,-38,1
21,-320,126,0,0,83,-38,1
22,-320,126,0,0,83,-38,1
23,-320,126,0,0,83,-38,1
24,-320,126,0,0,83,-38,1
25,-320,126,0,0,83,-38,1
26,-320,126,0,0,83,-38,1
27,-320,126,0,0,83,-38,1
28,-320,126,0,0,83,-38,1
29,-320,126,0,0,83,-38,1
30,-320,126,0,0,83,-38,1
31,-320,126,0,0,83,-38,1
32,-320,126,0,0,83,-38,1
33,-320,126,0,0,83,-38,1
34,-320,126,0,0,83,-38,1
35,-320,126,0,0,83,-38,1
36,-320,126,0,0,83,-38,1
37,-320,126,0,0,83,-38,1
38,-320,126,0,0,83,-38,1
39,-320,126,0,0,83,-38,1
40,-320,126,0,0,83,-38,1
41,-320,126,0,0,83,-38,1
42,-320,126,0,0,83,-38,1
43,-320,126,0,0,83,-38,1
44,-320,126,0,0,83,-38,1
45,-320,126,0,0,83,-38,1
46,-320,126,0,0,83,-38,1
47,-320,126,0,0,83,-38,0
48,-320,126,0,0,83,-38,0
49,-320,126,0,0,83,-38,0
50,-320,126,0,0,83,-38,0
51,-320,126,0,0,83,-38,0
52,-320,126,0,0,83,-38,0
53,-320,126,0,0,83,-38,0
54,-320,126,0,0,83,-38,0
55,-320,126,0,0,83,-38,0
56,-320,126,0,0,83,-38,0
57,-320,126,0,0,83,-38,0
58,-320,126,0,0,83,-38,0
59,-320,126,0,0,83,-38,0
60,-320,126,0,0,83,-38,0
61,-320,126,0,0,83,-38,0
62,-320,126,0,0,83,-38,0
63,-320,126,0,0,83,-38,0
64,-320,126,0,0,83,-38,0
65,-320,126,0,0,83,-38,0
66,-320,126,0,0,83,-38,0
67,-320,126,0,0,83,-38,0
68,-320,126,0,0,83,-38,0
69,-320,126,0,0,83,-38,0
70,-320,126,0,0,83,-38,0
71,-320,126,0,0,83,-38,0
72,-320,126,0,0,83,-38,0
73,-320,126,0,0,83,-38,0
74,-320,126,0,0,83,-38,0
75,-320,126,0,0,83,-38,0
76,-320,126,0,0,83,-38,0
77,-320,126,0,0,83,-38,0
78,-320,126,0,0,83,-38,0
79,-320,126,0,0,83,-38,0
80,-320,126,0,0,83,-38,0
81,-320,126,0,0,83,-38,0
82,-320,126,0,0,83,-38,0
83,-320,126,0,0,83,-38,0
84,-320,126,0,0,83,-38,0
85,-320,126,0,0,83,-38,0
86,-320,126,0,0,83,-38,0
87,-320,126,0,0,83,-38,0
88,-320,126,0,0,83,-38,0
89,-320,126,0,0,83,-38,0
90,-320,126,0,0,83,-38,0
91,-320,126,0,0,83,-38,0
92,-320,126,0,0,82,-38,0
93,-320,126,0,0,81,-38,0
94,-320,126,0,0,80,-38,0
95,-317,124,0,0,79,-38,0
96,-314,121,0,0,78,-38,0
97,-312,118,0,0,77,-38,0
98,-310,113,0,0,76,-38,0
99,-301,101,0,0,75,-38,0
100,-292,88,0,0,74,-38,0
101,-285,79,0,0,73,-38,0
102,-280,71,0,0,72,-38,0
103,-279,68,0,0,71,-38,0
104,-275,63,0,0,70,-38,0
105,-272,58,0,0,69,-38,0
106,-270,55,0,0,68,-38,0
107,-265,51,0,0,67,-38,0
108,-260,45,0,0,66,-38,0
109,-254,41,0,0,65,-38,0
110,-250,37,0,0,64,-38,0
111,-245,34,0,0,63,-38,0
112,-240,31,0,0,62,-38,0
113,-234,27,0,0,61,-38,0
114,-226,23,0,0,60,-38,0
115,-220,19,0,0,59,-38,0
116,-212,16,0,0,58,-38,0
117,-204,12,0,0,57,-38,0
118,-193,10,0,0,56,-38,0
119,-183,7,0,0,55,-38,0
120,-168,5,0,0,54,-38,0
121,-161,3,0,0,53,-38,0
122,-151,2,0,0,52,-38,0
123,-146,2,0,0,51,-38,0
124,-139,1,0,0,50,-38,0
125,-130,1,0,0,49,-38,0
126,-128,1,0,0,48,-38,0
127,-127,1,0,0,47,-38,0
128,-123,1,0,0,46,-38,0
129,-115,2,0,0,45,-38,0
130,-106,4,0,0,44,-38,0
131,-91,5,0,0,43,-38,0
132,-80,6,0,0,42,-38,0
133,-66,6,0,0,41,-38,0
134,-55,6,0,0,40,-38,0
135,-48,6,0,0,39,-38,0
136,-46,6,0,0,38,-38,0
137,-44,6,0,0,37,-38,0
138,-44,6,0,0,36,-38,0
139,-44,6,0,0,35,-38,0
140,-44,6,0,0,34,-38,0
141,-44,6,0,0,33,-38,0
142,-41,10,0,0,32,-38,0
143,-36,14,0,0,31,-38,0
144,-27,19,0,0,30,-38,0
145,-20,22,0,0,29,-38,0
146,-13,24,0,0,28,-38,0
147,-7,26,0,0,27,-38,0
148,-5,27,0,0,26,-38,0
149,-3,28,0,0,25,-38,0
150,-2,29,0,0,24,-38,0
151,1,33,0,0,23,-38,0
152,3,37,0,0,22,-38,0
153,6,41,0,0,21,-38,0
154,8,46,0,0,20,-38,0
155,12,52,0,0,19,-38,0
156,14,58,0,0,18,-38,0
157,17,65,0,0,17,-38,0
158,20,73,0,0,16,-38,0
159,25,88,0,0,15,-38,0
160,27,97,0,0,14,-38,0
161,27,98,0,0,13,-38,0
162,27,98,0,0,12,-38,0
163,27,98,0,0,11,-38,0
164,27,98,0,0,10,-38,0
165,27,98,0,0,9,-38,0
166,27,100,0,0,8,-38,0
167,27,103,0,0,7,-38,0
168,27,105,0,0,6,-38,0
169,27,107,0,0,5,-38,0
170,27,107,0,0,4,-38,0
171,31,99,0,0,4,-38,0
172,37,90,0,0,4,-38,0
173,50,68,0,0,4,-38,0
174,61,49,0,0,4,-38,0
175,68,39,0,0,4,-38,0
176,71,36,0,0,4,-38,0
177,71,36,0,0,4,-38,0
178,72,38,0,0,4,-38,0
179,75,47,0,0,4,-38,0
180,77,55,0,0,4,-38,0
181,77,57,0,0,4,-38,0
182,78,57,0,0,4,-38,0
183,78,57,0,0,4,-38,0
184,78,57,0,0,4,-38,0
185,78,57,0,0,4,-38,0
186,78,57,0,0,4,-38,0
187,78,57,0,0,4,-38,0
188,78,53,0,0,4,-38,0
189,77,45,0,0,4,-38,0
190,76,38,0,0,4,-38,0
191,76,36,0,0,4,-38,0
192,76,36,0,0,4,-38,0
193,74,43,0,0,4,-38,0
194,73,55,0,0,4,-38,0
195,72,67,0,0,4,-38,0
196,69,76,0,0,4,-38,0
197,68,80,0,0,4,-38,0
198,68,80,0,0,4,-38,0
199,68,80,0,0,4,-38,0
200,68,80,0,0,4,-38,0
201,67,79,0,0,4,-38,0
202,62,73,0,0,4,-38,0
203,56,64,0,0,4,-38,0
204,56,57,0,0,4,-38,0
205,57,45,0,0,4,-38,0
206,57,45,0,0,4,-38,0
207,57,45,0,0,4,-38,0
208,57,49,0,0,4,-38,0
209,59,64,0,0,4,-38,0
210,60,77,0,0,4,-38,0
211,61,90,0,0,4,-38,0
212,61,93,0,0,4,-38,0
213,61,93,0,0,4,-38,0
214,61,93,0,0,4,-38,0
215,61,93,0,0,4,-38,0
216,60,90,0,0,4,-38,0
217,55,83,0,0,4,-38,0
218,50,72,0,0,4,-38,0
219,47,63,0,0,4,-38,0
220,47,57,0,0,4,-38,0
221,47,57,0,0,4,-38,0
222,47,57,0,0,4,-38,0
223,47,58,0,0,4,-38,0
224,47,66,0,0,4,-38,0
225,48,77,0,0,4,-38,0
226,48,81,0,0,4,-38,0
227,48,82,0,0,4,-38,0
228,48,82,0,0,4,-38,0
229,48,82,0,0,4,-38,0
230,48,82,0,0,4,-38,0
231,48,80,0,0,4,-38,0
232,48,74,0,0,4,-38,0
233,46,66,0,0,4,-38,0
234,44,59,0,0,4,-38,0
235,43,57,0,0,4,-38,0
236,43,57,0,0,4,-38,0
237,43,58,0,0,4,-38,0
238,41,65,0,0,4,-38,0
239,40,76,0,0,4,-38,0
240,39,84,0,0,4,-38,0
241,39,85,0,0,4,-38,0
242,39,85,0,0,4,-38,0
243,39,85,0,0,4,-38,0
244,39,85,0,0,4,-38,0
245,39,85,0,0,4,-38,0
246,37,77,0,0,4,-38,0
247,37,70,0,0,4,-38,0
248,37,66,0,0,4,-38,0
249,37,62,0,0,4,-38,0
250,37,60,0,0,4,-38,0
251,37,60,0,0,4,-38,0
252,38,66,0,0,4,-38,0
253,40,71,0,0,4,-38,0
254,46,82,0,0,4,-38,0
255,55,93,0,0,4,-38,0
256,57,94,0,0,4,-38,0
257,57,94,0,0,4,-38,0
258,58,94,0,0,4,-38,0
259,59,88,0,0,4,-38,0
260,62,83,0,0,4,-38,0
261,66,77,0,0,4,-38,0
262,70,73,0,0,4,-38,0
263,71,72,0,0,4,-38,0
264,71,72,0,0,4,-38,0
265,71,72,0,0,4,-38,0
266,72,72,0,0,4,-38,0
267,75,79,0,0,4,-38,0
268,78,85,0,0,4,-38,0
269,83,91,0,0,4,-38,0
270,86,93,0,0,4,-38,0
271,86,93,0,0,4,-38,0
272,86,93,0,0,4,-38,0
273,86,93,0,0,4,-38,0
274,88,86,0,0,4,-38,0
275,88,84,0,0,4,-38,0
276,89,78,0,0,4,-38,0
277,89,75,0,0,4,-38,0
278,89,72,0,0,4,-38,0
279,88,70,0,0,4,-38,0
280,87,69,0,0,4,-38,0
281,86,69,0,0,4,-38,0
282,84,69,0,0,4,-38,0
283,83,69,0,0,4,-38,0
284,81,69,0,0,4,-38,0
285,78,69,0,0,4,-38,0
286,73,69,0,0,4,-38,0
287,66,71,0,0,4,-38,0
288,58,75,0,0,4,-38,0
289,52,77,0,0,4,-38,0
290,45,82,0,0,4,-38,0
291,37,85,0,0,4,-38,0
292,36,86,0,0,4,-38,0
293,36,86,0,0,4,-38,0
294,36,86,0,0,4,-38,0
295,36,86,0,0,4,-38,0
296,36,86,0,0,4,-38,0
297,36,86,0,0,4,-38,0
298,36,86,0,0,4,-38,0
299,36,86,0,0,4,-38,0
300,36,86,0,0,4,-38,0
301,36,86,0,0,4,-38,0
302,36,86,0,0,4,-38,0
303,36,85,0,0,4,-38,0
304,37,85,0,0,4,-38,0
305,40,85,0,0,4,-38,0
306,42,85,0,0,4,-38,0
307,46,85,0,0,4,-38,0
308,50,86,0,0,4,-38,0
309,56,86,0,0,4,-38,0
310,60,87,0,0,4,-38,0
311,64,87,0,0,4,-38,0
312,66,86,0,0,4,-38,0
313,71,84,0,0,4,-38,0
314,76,81,0,0,4,-38,0
315,82,78,0,0,4,-38,0
316,86,75,0,0,4,-38,0
317,88,73,0,0,4,-38,0
318,88,73,0,0,4,-38,0
319,88,73,0,0,4,-38,0
320,88,73,0,0,4,-38,0
321,88,73,0,0,4,-38,0
322,88,73,0,0,4,-38,0
323,88,73,0,0,4,-38,0
324,89,73,0,0,4,-38,0
325,89,73,0,0,4,-38,0
326,89,73,0,0,4,-38,0
327,89,73,0,0,4,-38,0
328,84,74,0,0,4,-38,0
329,73,77,0,0,4,-38,0
330,54,82,0,0,4,-38,0
331,32,85,0,0,4,-38,0
332,13,87,0,0,4,-38,0
333,8,87,0,0,4,-38,0
334,8,87,0,0,4,-38,0
335,8,87,0,0,4,-38,0
336,8,87,0,0,4,-38,0
337,8,87,0,0,4,-38,0
338,8,87,0,0,4,-38,0
339,8,87,0,0,4,-38,0
340,8,87,0,0,4,-38,0
341,8,87,0,0,4,-38,0
342,8,87,0,0,4,-38,0
343,8,87,0,0,4,-38,0
344,8,87,0,0,4,-38,0
345,8,87,0,0,4,-38,0
346,8,87,0,0,4,-38,0
347,9,87,0,0,4,-38,0
348,19,85,0,0,4,-38,0
349,31,82,0,0,4,-38,0
350,47,78,0,0,4,-38,0
351,63,75,0,0,4,-38,0
352,79,71,0,0,4,-38,0
353,92,69,0,0,4,-38,0
354,95,69,0,0,4,-38,0
355,95,67,0,0,4,-38,0
356,95,67,0,0,4,-38,0
357,95,67,0,0,4,-38,0
358,95,67,0,0,4,-38,0
359,95,67,0,0,4,-38,0
360,95,67,0,0,4,-38,0
361,95,67,0,0,4,-38,0
362,95,67,0,0,4,-38,0
363,95,67,0,0,4,-38,0
364,95,67,0,0,4,-38,0
365,95,67,0,0,4,-38,0
366,95,67,0,0,4,-38,0
367,95,67,0,0,4,-38,0
368,95,67,0,0,4,-38,0
369,95,67,0,0,4,-38,0
370,95,67,0,0,4,-38,0
371,96,70,0,0,4,-38,0
372,96,75,0,0,4,-38,0
373,96,83,0,0,4,-38,0
374,97,90,0,0,4,-38,0
375,98,98,0,0,4,-38,0
376,99,99,0,0,4,-38,0
377,99,100,0,0,4,-38,0
378,99,100,0,0,4,-38,0
379,99,100,0,0,4,-38,0
380,100,102,0,0,4,-38,0
381,101,104,0,0,4,-38,0
382,101,105,0,0,4,-38,0
383,101,105,0,0,4,-38,0
384,101,105,0,0,4,-38,0
385,101,105,0,0,4,-38,0
386,101,105,0,0,4,-38,0
387,101,105,0,0,4,-38,0
388,101,106,0,0,4,-38,0
