t,x,y,fh,fv,r,s,frame:
0,-260,-104,0,0,0,-97,1
1,-258,-104,0,0,0,-97,1
2,-257,-103,0,0,0,-97,1
3,-257,-102,0,0,0,-97,1
4,-257,-101,0,0,0,-97,1
5,-257,-100,0,0,0,-97,1
6,-261,-98,0,0,0,-97,1
7,-266,-96,0,0,0,-97,1
8,-271,-95,0,0,0,-97,1
9,-274,-94,0,0,0,-97,1
10,-277,-94,0,0,0,-97,1
11,-277,-94,0,0,0,-97,1
12,-278,-94,0,0,0,-97,1
13,-281,-96,0,0,0,-97,1
14,-283,-99,0,0,0,-97,1
15,-286,-101,0,0,0,-97,1
16,-287,-103,0,0,0,-97,1
17,-287,-103,0,0,0,-97,1
18,-287,-104,0,0,0,-97,1
19,-287,-105,0,0,0,-97,1
20,-287,-105,0,0,0,-97,1
21,-283,-104,0,0,0,-97,1
22,-279,-101,0,0,0,-97,1
23,-275,-100,0,0,0,-97,1
24,-272,-99,0,0,0,-97,1
25,-270,-99,0,0,0,-97,1
26,-267,-99,0,0,0,-97,1
27,-264,-99,0,0,0,-97,1
28,-262,-100,0,0,0,-97,1
29,-259,-102,0,0,0,-97,1
30,-257,-105,0,0,0,-97,1
31,-256,-107,0,0,0,-97,1
32,-256,-109,0,0,0,-97,1
33,-256,-110,0,0,0,-97,1
34,-257,-113,0,0,0,-97,1
35,-258,-115,0,0,0,-97,1
36,-259,-116,0,0,0,-97,1
37,-261,-117,0,0,0,-97,1
38,-264,-118,0,0,0,-97,1
39,-266,-118,0,0,0,-97,1
40,-269,-119,0,0,0,-97,1
41,-269,-119,0,0,0,-97,1
42,-271,-119,0,0,0,-97,1
43,-272,-119,0,0,0,-97,1
44,-274,-119,0,0,0,-97,1
45,-276,-119,0,0,0,-97,1
46,-279,-117,0,0,0,-97,1
47,-282,-115,0,0,0,-97,1
48,-282,-115,0,0,0,-97,1
49,-282,-115,0,0,0,-97,1
50,-282,-115,0,0,0,-97,1
51,-283,-115,0,0,0,-97,1
52,-287,-115,0,0,0,-97,1
53,-291,-116,0,0,0,-97,1
54,-292,-116,0,0,0,-97,1
55,-292,-117,0,0,0,-97,1
56,-292,-119,0,0,0,-97,1
57,-292,-119,0,0,0,-97,1
58,-292,-121,0,0,0,-97,1
59,-292,-122,0,0,0,-97,1
60,-292,-122,0,0,0,-97,1
61,-291,-123,0,0,0,-97,1
62,-288,-124,0,0,0,-97,1
63,-284,-124,0,0,0,-97,1
64,-280,-124,0,0,0,-97,1
65,-278,-124,0,0,0,-97,1
66,-277,-123,0,0,0,-97,1
67,-274,-121,0,0,0,-97,1
68,-271,-118,0,0,0,-97,1
69,-266,-115,0,0,0,-97,1
70,-265,-114,0,0,0,-97,1
71,-261,-113,0,0,0,-97,1
72,-258,-113,0,0,0,-97,1
73,-253,-113,0,0,0,-97,1
74,-249,-113,0,0,0,-97,1
75,-245,-115,0,0,0,-97,1
76,-242,-117,0,0,0,-97,1
77,-238,-122,0,0,0,-97,1
78,-238,-123,0,0,0,-97,1
79,-237,-124,0,0,0,-97,1
80,-237,-125,0,0,0,-97,1
81,-237,-125,0,0,0,-97,1
82,-237,-125,0,0,0,-97,1
83,-237,-126,0,0,0,-97,1
84,-237,-127,0,0,0,-97,1
85,-236,-128,0,0,0,-97,1
86,-235,-128,0,0,0,-97,1
87,-235,-129,0,0,0,-97,1
88,-235,-129,0,0,0,-97,1
89,-235,-129,0,0,0,-97,0
90,-235,-129,0,0,0,-97,0
91,-235,-129,0,0,0,-97,0
92,-235,-129,0,0,0,-97,0
93,-235,-129,0,0,0,-97,0
94,-235,-129,0,0,0,-97,0
95,-235,-129,0,0,0,-97,0
96,-235,-129,0,0,0,-97,0
97,-235,-129,0,0,0,-97,0
98,-235,-129,0,0,0,-97,0
99,-235,-129,0,0,0,-97,0
100,-235,-129,0,0,0,-97,0
101,-235,-129,0,0,0,-97,0
102,-235,-129,0,0,0,-97,0
103,-235,-129,0,0,0,-97,0
104,-235,-129,0,0,0,-97,0
105,-234,-129,0,0,0,-97,0
106,-233,-129,0,0,0,-97,0
107,-232,-129,0,0,0,-97,0
108,-232,-129,0,0,0,-97,0
109,-231,-129,0,0,0,-97,0
110,-229,-129,0,0,0,-97,0
111,-229,-130,0,0,0,-97,0
112,-229,-130,0,0,0,-97,0
113,-229,-130,0,0,0,-97,0
114,-229,-130,0,0,0,-97,0
115,-228,-130,0,0,0,-97,0
116,-228,-130,0,0,0,-97,0
117,-228,-130,0,0,0,-97,0
118,-227,-130,0,0,0,-97,0
119,-226,-130,0,0,0,-97,0
120,-226,-130,0,0,0,-97,0
121,-224,-130,0,0,0,-97,0
122,-224,-130,0,0,0,-97,0
123,-223,-130,0,0,0,-97,0
124,-223,-130,0,0,0,-97,0
125,-223,-130,0,0,0,-97,0
126,-222,-129,0,0,0,-97,0
127,-222,-129,0,0,0,-97,0
128,-222,-129,0,0,0,-97,0
129,-222,-129,0,0,0,-97,0
130,-222,-129,0,0,0,-97,0
131,-221,-129,0,0,0,-97,0
132,-221,-129,0,0,0,-97,0
133,-221,-129,0,0,0,-97,0
134,-221,-129,0,0,0,-97,0
135,-221,-129,0,0,0,-97,0
136,-221,-129,0,0,0,-97,0
137,-221,-129,0,0,0,-97,0
138,-221,-129,0,0,0,-97,0
139,-221,-129,0,0,0,-97,0
140,-221,-129,0,0,0,-97,0
141,-221,-129,0,0,0,-97,0
142,-221,-130,0,0,0,-97,0
143,-221,-130,0,0,0,-97,0
144,-221,-130,0,0,0,-97,0
145,-220,-130,0,0,0,-97,0
146,-220,-130,0,0,0,-97,0
147,-220,-130,0,0,0,-97,0
148,-220,-130,0,0,0,-97,0
149,-220,-130,0,0,0,-97,0
150,-220,-130,0,0,0,-97,0
151,-220,-130,0,0,0,-97,0
152,-220,-130,0,0,0,-97,0
153,-219,-131,0,0,0,-97,0
154,-218,-131,0,0,0,-97,0
155,-216,-131,0,0,0,-97,0
156,-214,-133,0,0,0,-97,0
157,-212,-134,0,0,0,-97,0
158,-212,-134,0,0,0,-97,0
159,-212,-134,0,0,0,-97,0
160,-212,-134,0,0,0,-97,0
161,-212,-134,0,0,0,-97,0
162,-209,-135,0,0,0,-97,0
163,-206,-135,0,0,0,-97,0
164,-203,-137,0,0,0,-97,0
165,-202,-138,0,0,0,-97,0
166,-201,-138,0,0,0,-97,0
167,-201,-138,0,0,0,-97,0
168,-201,-138,0,0,0,-97,0
169,-201,-138,0,0,0,-97,0
170,-199,-138,0,0,0,-97,0
171,-197,-137,0,0,0,-97,0
172,-195,-136,0,0,0,-97,0
173,-194,-135,0,0,0,-97,0
174,-193,-135,0,0,0,-97,0
175,-192,-134,0,0,0,-97,0
176,-189,-133,0,0,0,-97,0
177,-188,-132,0,0,0,-97,0
178,-187,-131,0,0,0,-97,0
179,-186,-131,0,0,0,-97,0
180,-186,-131,0,0,0,-97,0
181,-186,-131,0,0,0,-97,0
182,-186,-131,0,0,0,-97,0
183,-186,-131,0,0,0,-97,0
184,-186,-131,0,0,0,-97,0
185,-186,-131,0,0,0,-97,0
186,-186,-131,0,0,0,-97,0
187,-186,-131,0,0,0,-97,0
188,-186,-131,0,0,0,-97,0
189,-186,-131,0,0,0,-97,0
190,-186,-131,0,0,0,-97,0
191,-186,-131,0,0,0,-97,0
192,-186,-131,0,0,0,-97,0
193,-186,-131,0,0,0,-97,0
194,-186,-131,0,0,0,-97,0
195,-186,-131,0,0,0,-97,0
196,-186,-131,0,0,0,-97,0
197,-186,-131,0,0,0,-97,0
198,-187,-132,0,0,0,-97,0
199,-187,-133,0,0,0,-97,0
200,-188,-134,0,0,0,-97,0
201,-189,-135,0,0,0,-97,0
202,-190,-136,0,0,0,-97,0
203,-190,-136,0,0,0,-97,0
204,-192,-137,0,0,0,-97,0
205,-193,-138,0,0,0,-97,0
206,-195,-139,0,0,0,-97,0
207,-197,-140,0,0,0,-97,0
208,-197,-140,0,0,0,-97,0
209,-199,-141,0,0,0,-97,0
210,-202,-141,0,0,0,-97,0
211,-204,-141,0,0,0,-97,0
212,-204,-141,0,0,0,-97,0
213,-204,-141,0,0,0,-97,0
214,-204,-141,0,0,0,-97,0
215,-205,-141,0,0,0,-97,0
216,-208,-141,0,0,0,-97,0
217,-210,-139,0,0,0,-97,0
218,-213,-138,0,0,0,-97,0
219,-215,-137,0,0,0,-97,0
220,-216,-136,0,0,0,-97,0
221,-218,-135,0,0,0,-97,0
222,-219,-134,0,0,0,-97,0
223,-220,-133,0,0,0,-97,0
224,-222,-132,0,0,0,-97,0
225,-223,-132,0,0,0,-97,0
226,-224,-131,0,0,0,-97,0
227,-225,-130,0,0,0,-97,0
228,-225,-130,0,0,0,-97,0
229,-226,-130,0,0,0,-97,0
230,-227,-129,0,0,0,-97,0
231,-228,-129,0,0,0,-97,0
232,-229,-128,0,0,0,-97,0
233,-230,-127,0,0,0,-97,0
234,-232,-126,0,0,0,-97,0
235,-234,-125,0,0,0,-97,0
236,-237,-123,0,0,0,-97,0
237,-240,-121,0,0,0,-97,0
238,-243,-120,0,0,0,-97,0
239,-248,-117,0,0,0,-97,0
240,-250,-116,0,0,0,-97,0
241,-250,-116,0,0,0,-97,0
242,-250,-116,0,0,0,-97,0
243,-250,-116,0,0,0,-97,0
244,-250,-116,0,0,0,-97,0
245,-250,-116,0,0,0,-97,0
246,-250,-116,0,0,0,-97,0
247,-250,-116,0,0,0,-97,0
248,-252,-116,0,0,0,-97,0
249,-253,-115,0,0,0,-97,0
250,-255,-115,0,0,0,-97,0
251,-255,-114,0,0,0,-97,0
252,-255,-114,0,0,0,-97,0
253,-256,-114,0,0,0,-97,0
254,-258,-114,0,0,0,-97,0
255,-261,-113,0,0,0,-97,0
256,-265,-112,0,0,0,-97,0
257,-271,-112,0,0,0,-97,0
258,-273,-111,0,0,0,-97,0
259,-273,-111,0,0,0,-97,0
260,-273,-111,0,0,0,-97,0
261,-273,-111,0,0,0,-97,0
262,-274,-111,0,0,0,-97,0
263,-276,-112,0,0,0,-97,0
264,-281,-114,0,0,0,-97,0
265,-285,-115,0,0,0,-97,0
266,-287,-116,0,0,0,-97,0
267,-288,-117,0,0,0,-97,0
268,-288,-117,0,0,0,-97,0
269,-288,-117,0,0,0,-97,0
270,-288,-117,0,0,0,-97,0
271,-288,-117,0,0,0,-97,0
272,-288,-117,0,0,0,-97,0
273,-289,-119,0,0,0,-97,0
274,-289,-120,0,0,0,-97,0
275,-289,-120,0,0,0,-97,0
276,-289,-122,0,0,0,-97,0
277,-289,-123,0,0,0,-97,0
278,-289,-124,0,0,0,-97,0
279,-289,-125,0,0,0,-97,0
280,-289,-125,0,0,0,-97,0
281,-289,-125,0,0,0,-97,0
282,-288,-126,0,0,0,-97,0
283,-287,-127,0,0,0,-97,0
284,-286,-128,0,0,0,-97,0
285,-284,-129,0,0,0,-97,0
286,-283,-130,0,0,0,-97,0
287,-282,-131,0,0,0,-97,0
288,-280,-131,0,0,0,-97,0
289,-279,-132,0,0,0,-97,0
290,-277,-132,0,0,0,-97,0
291,-274,-133,0,0,0,-97,0
292,-272,-133,0,0,0,-97,0
293,-270,-133,0,0,0,-97,0
294,-267,-133,0,0,0,-97,0
295,-266,-132,0,0,0,-97,0
296,-265,-131,0,0,0,-97,0
297,-265,-131,0,0,0,-97,0
298,-264,-131,0,0,0,-97,0
299,-264,-130,0,0,0,-97,0
300,-263,-129,0,0,0,-97,0
301,-262,-128,0,0,0,-97,0
302,-260,-126,0,0,0,-97,0
303,-259,-125,0,0,0,-97,0
304,-258,-124,0,0,0,-97,0
305,-257,-123,0,0,0,-97,0
306,-257,-121,0,0,0,-97,0
307,-256,-120,0,0,0,-97,0
308,-255,-119,0,0,0,-97,0
309,-254,-118,0,0,0,-97,0
310,-254,-117,0,0,0,-97,0
311,-253,-116,0,0,0,-97,0
312,-252,-116,0,0,0,-97,0
313,-251,-115,0,0,0,-97,0
314,-250,-115,0,0,0,-97,0
315,-250,-115,0,0,0,-97,0
316,-250,-115,0,0,0,-97,0
317,-248,-114,0,0,0,-97,0
318,-247,-113,0,0,0,-97,0
319,-246,-113,0,0,0,-97,0
320,-244,-113,0,0,0,-97,0
321,-244,-113,0,0,0,-97,0
322,-243,-113,0,0,0,-97,0
323,-243,-113,0,0,0,-97,0
324,-243,-113,0,0,0,-97,0
325,-242,-113,0,0,0,-97,0
326,-239,-114,0,0,0,-97,0
327,-238,-114,0,0,0,-97,0
328,-235,-115,0,0,0,-97,0
329,-235,-116,0,0,0,-97,0
330,-234,-117,0,0,0,-97,0
331,-234,-118,0,0,0,-97,0
332,-233,-118,0,0,0,-97,0
333,-233,-119,0,0,0,-97,0
334,-233,-120,0,0,0,-97,0
335,-233,-121,0,0,0,-97,0
336,-233,-123,0,0,0,-97,0
337,-233,-124,0,0,0,-97,0
338,-233,-125,0,0,0,-97,0
339,-233,-126,0,0,0,-97,0
340,-234,-126,0,0,0,-97,0
341,-234,-127,0,0,0,-97,0
342,-235,-128,0,0,0,-97,0
343,-235,-129,0,0,0,-97,0
344,-236,-129,0,0,0,-97,0
345,-237,-130,0,0,0,-97,0
346,-238,-130,0,0,0,-97,0
347,-239,-130,0,0,0,-97,0
348,-241,-130,0,0,0,-97,0
349,-244,-130,0,0,0,-97,0
350,-246,-128,0,0,0,-97,0
351,-247,-127,0,0,0,-97,0
352,-248,-125,0,0,0,-97,0
353,-249,-123,0,0,0,-97,0
354,-249,-121,0,0,0,-97,0
355,-250,-120,0,0,0,-97,0
356,-250,-119,0,0,0,-97,0
357,-250,-119,0,0,0,-97,0
358,-250,-117,0,0,0,-97,0
359,-250,-116,0,0,0,-97,0
360,-250,-112,0,0,0,-97,0
361,-250,-111,0,0,0,-97,0
362,-250,-110,0,0,0,-97,0
363,-250,-109,0,0,0,-97,0
364,-250,-108,0,0,0,-97,0
365,-250,-108,0,0,0,-97,0
366,-250,-108,0,0,0,-97,0
367,-250,-108,0,0,0,-97,0
368,-250,-108,0,0,0,-97,0
369,-252,-107,0,0,0,-97,0
370,-253,-106,0,0,0,-97,0
371,-254,-104,0,0,0,-97,0
372,-257,-103,0,0,0,-97,0
373,-259,-102,0,0,0,-97,0
374,-261,-102,0,0,0,-97,0
375,-261,-102,0,0,0,-97,0
376,-261,-102,0,0,0,-97,0
377,-261,-102,0,0,0,-97,0
378,-261,-102,0,0,0,-97,0
379,-262,-102,0,0,0,-97,0
380,-263,-102,0,0,0,-97,0
381,-264,-104,0,0,0,-97,0
382,-264,-104,0,0,0,-97,0
383,-264,-104,0,0,0,-97,0
384,-264,-105,0,0,0,-97,0
385,-264,-106,0,0,0,-97,0
386,-264,-107,0,0,0,-97,0
387,-264,-108,0,0,0,-97,0
388,-264,-109,0,0,0,-97,0
