t,x,y,fh,fv,r,s,frame:
0,-393,86,0,0,0,-34,0
1,-393,86,0,0,0,-34,0
2,-393,86,0,0,0,-34,0
3,-393,86,0,0,0,-34,0
4,-393,86,0,0,0,-34,0
5,-393,86,0,0,0,-34,0
6,-393,86,0,0,0,-34,0
7,-392,84,0,0,0,-34,0
8,-390,82,0,0,0,-34,0
9,-387,78,0,0,0,-34,0
10,-385,75,0,0,0,-34,0
11,-383,72,0,0,0,-34,0
12,-380,70,0,0,0,-34,0
13,-379,69,0,0,0,-34,0
14,-378,69,0,0,0,-34,0
15,-378,69,0,0,0,-34,0
16,-376,69,0,0,0,-34,0
17,-373,70,0,0,0,-34,0
18,-371,72,0,0,0,-34,0
19,-370,73,0,0,0,-34,0
20,-368,75,0,0,0,-34,0
21,-367,76,0,0,0,-34,0
22,-367,78,0,0,0,-34,0
23,-366,79,0,0,0,-34,0
24,-366,79,0,0,0,-34,0
25,-365,80,0,0,0,-34,0
26,-365,80,0,0,0,-34,0
27,-365,80,0,0,0,-34,0
28,-365,80,0,0,0,-34,0
29,-364,80,0,0,0,-34,0
30,-363,78,0,0,0,-34,0
31,-359,75,0,0,0,-34,0
32,-357,73,0,0,0,-34,0
33,-354,70,0,0,0,-34,0
34,-354,70,0,0,0,-34,0
35,-354,70,0,0,0,-34,0
36,-354,70,0,0,0,-34,0
37,-354,70,0,0,0,-34,0
38,-351,71,0,0,0,-34,0
39,-349,73,0,0,0,-34,0
40,-348,75,0,0,0,-34,0
41,-346,78,0,0,0,-34,0
42,-345,80,0,0,0,-34,0
43,-344,81,0,0,0,-34,0
44,-343,81,0,0,0,-34,0
45,-343,81,0,0,0,-34,0
46,-343,81,0,0,0,-34,0
47,-342,81,0,0,0,-34,0
48,-340,80,0,0,0,-34,0
49,-339,78,0,0,0,-34,0
50,-338,76,0,0,0,-34,0
51,-337,75,0,0,0,-34,0
52,-336,74,0,0,0,-34,0
53,-336,74,0,0,0,-34,0
54,-336,74,0,0,0,-34,0
55,-336,74,0,0,0,-34,0
56,-336,74,0,0,0,-34,0
57,-335,76,0,0,0,-34,0
58,-335,77,0,0,0,-34,0
59,-334,78,0,0,0,-34,0
60,-334,78,0,0,0,-34,0
61,-334,79,0,0,0,-34,0
62,-334,80,0,0,0,-34,0
63,-333,80,0,0,0,-34,0
64,-333,80,0,0,0,-34,0
65,-333,80,0,0,0,-34,0
66,-333,80,0,0,0,-34,0
67,-333,80,0,0,0,-34,0
68,-333,80,0,0,0,-34,0
69,-333,80,0,0,0,-34,0
70,-333,80,0,0,0,-34,0
71,-333,80,0,0,0,-34,0
72,-333,80,0,0,0,-34,0
73,-333,80,0,0,0,-34,0
74,-333,80,0,0,0,-34,0
75,-333,80,0,0,0,-34,0
76,-333,80,0,0,0,-34,0
77,-333,80,0,0,0,-34,0
78,-333,80,0,0,0,-34,0
79,-333,80,0,0,0,-34,0
80,-333,80,0,0,0,-34,0
81,-333,80,0,0,0,-34,0
82,-333,80,0,0,0,-34,0
83,-333,80,0,0,0,-34,0
84,-333,80,0,0,0,-34,0
85,-333,80,0,0,0,-34,0
86,-333,80,0,0,0,-34,0
87,-333,80,0,0,0,-34,0
88,-333,80,0,0,0,-34,0
89,-334,80,0,0,0,-34,0
90,-334,79,0,0,0,-34,0
91,-335,78,0,0,0,-34,0
92,-336,77,0,0,0,-34,0
93,-338,75,0,0,0,-34,0
94,-339,74,0,0,0,-34,0
95,-340,74,0,0,0,-34,0
96,-341,73,0,0,0,-34,0
97,-343,73,0,0,0,-34,0
98,-345,73,0,0,0,-34,0
99,-346,73,0,0,0,-34,0
100,-350,76,0,0,0,-34,0
101,-352,78,0,0,0,-34,0
102,-353,78,0,0,0,-34,0
103,-353,79,0,0,0,-34,0
104,-353,79,0,0,0,-34,0
105,-353,79,0,0,0,-34,0
106,-353,79,0,0,0,-34,0
107,-353,79,0,0,0,-34,0
108,-353,79,0,0,0,-34,0
109,-353,79,0,0,0,-34,0
110,-354,79,0,0,0,-34,0
111,-355,78,0,0,0,-34,0
112,-357,76,0,0,0,-34,0
113,-359,74,0,0,0,-34,0
114,-361,73,0,0,0,-34,0
115,-363,72,0,0,0,-34,0
116,-363,71,0,0,0,-34,0
117,-364,71,0,0,0,-34,0
118,-364,71,0,0,0,-34,0
119,-365,71,0,0,0,-34,0
120,-368,72,0,0,0,-34,0
121,-369,74,0,0,0,-34,0
122,-371,76,0,0,0,-34,0
123,-373,77,0,0,0,-34,0
124,-374,78,0,0,0,-34,0
125,-375,79,0,0,0,-34,0
126,-376,80,0,0,0,-34,0
127,-376,80,0,0,0,-34,0
128,-376,81,0,0,0,-34,0
129,-376,81,0,0,0,-34,0
130,-376,81,0,0,0,-34,0
131,-378,80,0,0,0,-34,0
132,-379,79,0,0,0,-34,0
133,-382,76,0,0,0,-34,0
134,-385,72,0,0,0,-34,0
135,-387,70,0,0,0,-34,0
136,-389,70,0,0,0,-34,0
137,-390,70,0,0,0,-34,0
138,-392,70,0,0,0,-34,0
139,-393,70,0,0,0,-34,0
140,-395,72,0,0,0,-34,0
141,-397,74,0,0,0,-34,0
142,-399,76,0,0,0,-34,0
143,-401,79,0,0,0,-34,0
144,-403,82,0,0,0,-34,0
145,-405,85,0,0,0,-34,0
146,-405,85,0,0,0,-34,0
147,-405,85,0,0,0,-34,0
148,-405,85,0,0,0,-34,0
149,-405,85,0,0,0,-34,0
150,-405,85,0,0,0,-34,0
151,-405,85,0,0,0,-34,0
152,-405,85,0,0,0,-34,0
153,-405,85,0,0,0,-34,0
154,-405,85,0,0,0,-34,0
155,-405,85,0,0,0,-34,0
156,-405,85,0,0,0,-34,0
157,-405,85,0,0,0,-34,0
158,-405,85,0,0,0,-34,0
159,-405,85,0,0,0,-34,0
160,-405,85,0,0,0,-34,0
161,-404,85,0,0,0,-34,0
162,-404,85,0,0,0,-34,0
163,-404,85,0,0,0,-34,0
164,-404,85,0,0,0,-34,0
165,-404,85,0,0,0,-34,0
166,-404,85,0,0,0,-34,0
167,-403,85,0,0,0,-34,0
168,-402,84,0,0,0,-34,0
169,-402,84,0,0,0,-34,0
170,-401,84,0,0,0,-34,0
171,-400,84,0,0,0,-34,0
172,-399,83,0,0,0,-34,0
173,-399,83,0,0,0,-34,0
174,-398,83,0,0,0,-34,0
175,-397,83,0,0,0,-34,0
176,-395,84,0,0,0,-34,0
177,-393,86,0,0,0,-34,0
178,-391,88,0,0,0,-34,0
179,-388,90,0,0,0,-34,0
180,-387,90,0,0,0,-34,0
181,-386,90,0,0,0,-34,0
182,-382,90,0,0,0,-34,0
183,-378,89,0,0,0,-34,0
184,-374,87,0,0,0,-34,0
185,-370,84,0,0,0,-34,0
186,-366,81,0,0,0,-34,0
187,-365,80,0,0,0,-34,0
188,-364,79,0,0,0,-34,0
189,-364,79,0,0,0,-34,0
190,-364,79,0,0,0,-34,0
191,-362,79,0,0,0,-34,0
192,-360,81,0,0,0,-34,0
193,-357,84,0,0,0,-34,0
194,-354,86,0,0,0,-34,0
195,-353,87,0,0,0,-34,0
196,-351,88,0,0,0,-34,0
197,-351,88,0,0,0,-34,0
198,-350,88,0,0,0,-34,0
199,-350,88,0,0,0,-34,0
200,-348,88,0,0,0,-34,0
201,-344,87,0,0,0,-34,0
202,-341,84,0,0,0,-34,0
203,-338,83,0,0,0,-34,0
204,-337,82,0,0,0,-34,0
205,-337,82,0,0,0,-34,0
206,-337,82,0,0,0,-34,0
207,-335,82,0,0,0,-34,0
208,-335,82,0,0,0,-34,0
209,-333,82,0,0,0,-34,0
210,-332,82,0,0,0,-34,0
211,-330,83,0,0,0,-34,0
212,-330,83,0,0,0,-34,0
213,-329,83,0,0,0,-34,0
214,-329,83,0,0,0,-34,0
215,-328,83,0,0,0,-34,0
216,-328,83,0,0,0,-34,0
217,-327,83,0,0,0,-34,0
218,-327,83,0,0,0,-34,0
219,-327,83,0,0,0,-34,0
220,-327,83,0,0,0,-34,0
221,-327,83,0,0,0,-34,0
222,-327,83,0,0,0,-34,0
223,-327,83,0,0,0,-34,0
224,-327,83,0,0,0,-34,0
225,-327,83,0,0,0,-34,0
226,-327,83,0,0,0,-34,0
227,-327,83,0,0,0,-34,0
228,-327,83,0,0,0,-34,0
229,-328,83,0,0,0,-34,0
230,-328,83,0,0,0,-34,0
231,-329,83,0,0,0,-34,0
232,-329,83,0,0,0,-34,0
233,-330,82,0,0,0,-34,0
234,-331,82,0,0,0,-34,0
235,-331,81,0,0,0,-34,0
236,-332,81,0,0,0,-34,0
237,-333,80,0,0,0,-34,0
238,-335,79,0,0,0,-34,0
239,-336,78,0,0,0,-34,0
240,-336,78,0,0,0,-34,0
241,-336,78,0,0,0,-34,0
242,-336,78,0,0,0,-34,0
243,-336,78,0,0,0,-34,0
244,-336,78,0,0,0,-34,0
245,-336,78,0,0,0,-34,0
246,-337,78,0,0,0,-34,0
247,-338,78,0,0,0,-34,0
248,-340,78,0,0,0,-34,0
249,-341,79,0,0,0,-34,0
250,-341,80,0,0,0,-34,0
251,-341,80,0,0,0,-34,0
252,-341,80,0,0,0,-34,0
253,-341,80,0,0,0,-34,0
254,-341,80,0,0,0,-34,0
255,-341,80,0,0,0,-34,0
256,-341,80,0,0,0,-34,0
257,-341,80,0,0,0,-34,0
258,-341,80,0,0,0,-34,0
259,-341,80,0,0,0,-34,0
260,-341,80,0,0,0,-34,0
261,-341,80,0,0,0,-34,0
262,-341,80,0,0,0,-34,0
263,-341,80,0,0,0,-34,0
264,-341,80,0,0,0,-34,0
265,-341,80,0,0,0,-34,0
266,-341,80,0,0,0,-34,0
267,-341,80,0,0,0,-34,0
268,-341,80,0,0,0,-34,0
269,-341,80,0,0,0,-34,0
270,-341,80,0,0,0,-34,0
271,-341,80,0,0,0,-34,0
272,-341,80,0,0,0,-34,0
273,-341,80,0,0,0,-34,0
274,-341,80,0,0,0,-34,0
275,-341,80,0,0,0,-34,0
