t,x,y,fh,fv,r,s,frame:
0,137,24,0,0,78,-72,0
1,137,24,0,0,78,-72,0
2,137,24,0,0,78,-72,0
3,137,24,0,0,78,-72,0
4,137,24,0,0,78,-72,0
5,137,24,0,0,78,-72,0
6,137,24,0,0,78,-72,0
7,137,24,0,0,78,-72,0
8,137,24,0,0,78,-72,0
9,137,24,0,0,78,-72,0
10,137,24,0,0,78,-72,0
11,137,24,0,0,78,-72,0
12,137,24,0,0,78,-72,0
13,137,24,0,0,78,-72,0
14,137,24,0,0,78,-72,0
15,137,24,0,0,78,-72,0
16,137,24,0,0,78,-72,0
17,137,24,0,0,78,-72,0
18,137,24,0,0,78,-72,0
19,137,24,0,0,78,-72,0
20,137,24,0,0,78,-72,0
21,137,24,0,0,78,-72,0
22,137,24,0,0,78,-72,0
23,137,24,0,0,78,-72,0
24,137,24,0,0,78,-72,0
25,137,24,0,0,78,-72,0
26,137,24,0,0,78,-72,0
27,137,24,0,0,78,-72,0
28,137,24,0,0,78,-72,0
29,137,24,0,0,78,-72,0
30,137,24,0,0,78,-72,0
31,137,24,0,0,78,-72,0
32,137,24,0,0,78,-72,0
33,137,24,0,0,78,-72,0
34,137,24,0,0,78,-72,0
35,137,24,0,0,78,-72,0
36,137,24,0,0,78,-72,0
37,137,24,0,0,78,-72,0
38,137,24,0,0,78,-72,0
39,137,24,0,0,78,-72,0
40,137,24,0,0,78,-72,0
41,137,24,0,0,78,-72,0
42,137,24,0,0,78,-72,0
43,137,24,0,0,78,-72,0
44,137,24,0,0,78,-72,0
45,137,24,0,0,78,-72,0
46,137,24,0,0,78,-72,0
47,137,24,0,0,78,-72,0
48,137,24,0,0,78,-72,0
49,137,24,0,0,78,-72,0
50,137,24,0,0,78,-72,0
51,137,24,0,0,78,-72,0
52,137,24,0,0,78,-72,0
53,137,24,0,0,78,-72,0
54,137,24,0,0,78,-72,0
55,137,24,0,0,78,-72,0
56,-108,194,0,0,-84,-63,0
57,-108,194,0,0,-84,-63,0
58,-108,194,0,0,-84,-63,0
59,-108,194,0,0,-84,-63,0
60,-108,194,0,0,-84,-63,0
61,-108,194,0,0,-84,-63,0
62,-108,194,0,0,-84,-63,0
63,-108,194,0,0,-84,-63,0
64,-108,194,0,0,-84,-63,0
65,-108,194,0,0,-84,-63,0
66,-108,194,0,0,-84,-63,0
67,-108,194,0,0,-84,-63,0
68,-108,194,0,0,-84,-63,0
69,-108,194,0,0,-84,-63,0
70,-108,194,0,0,-84,-63,0
71,-108,194,0,0,-84,-63,0
72,-108,194,0,0,-84,-63,0
73,-108,194,0,0,-84,-63,0
74,-108,194,0,0,-84,-63,0
75,-108,194,0,0,-84,-63,0
76,-108,194,0,0,-84,-63,0
77,-108,194,0,0,-84,-63,0
78,-108,194,0,0,-84,-63,0
79,-108,194,0,0,-84,-63,0
80,-108,194,0,0,-84,-63,0
81,-107,194,0,0,-84,-63,0
82,-107,194,0,0,-84,-63,0
83,-107,194,0,0,-84,-63,0
84,-107,194,0,0,-84,-63,0
85,-107,194,0,0,-84,-63,0
86,-107,194,0,0,-84,-63,0
87,-107,194,0,0,-84,-63,0
88,-107,194,0,0,-84,-63,0
89,-107,194,0,0,-84,-63,0
90,-107,194,0,0,-84,-63,0
91,-107,194,0,0,-84,-63,0
92,-107,194,0,0,-84,-63,0
93,-107,194,0,0,-84,-63,0
94,-107,194,0,0,-84,-63,0
95,-107,194,0,0,-84,-63,0
96,-107,194,0,0,-84,-63,0
97,-107,194,0,0,-84,-63,0
98,-107,194,0,0,-84,-63,0
99,-107,194,0,0,-84,-63,0
100,-107,194,0,0,-84,-63,0
101,-107,194,0,0,-84,-63,0
102,-107,194,0,0,-84,-63,0
103,-107,194,0,0,-84,-63,0
104,-107,194,0,0,-84,-63,0
105,-107,194,0,0,-84,-63,0
106,-107,194,0,0,-84,-63,0
107,-107,194,0,0,-84,-63,0
108,-107,194,0,0,-84,-63,0
109,-107,194,0,0,-84,-63,0
110,-107,194,0,0,-84,-63,0
111,-107,194,0,0,-84,-63,0
112,-107,194,0,0,-84,-63,0
113,-107,194,0,0,-84,-63,0
114,-107,194,0,0,-84,-63,0
115,267,106,0,0,26,-63,1
116,267,106,0,0,26,-63,1
117,267,106,0,0,26,-63,1
118,267,106,0,0,26,-63,1
119,267,106,0,0,26,-63,1
120,267,106,0,0,26,-63,1
121,267,106,0,0,26,-63,1
122,267,106,0,0,26,-63,1
123,267,106,0,0,26,-63,1
124,267,106,0,0,26,-63,1
125,267,106,0,0,26,-63,1
126,267,106,0,0,26,-63,1
127,267,106,0,0,26,-63,1
128,267,106,0,0,26,-63,1
129,267,106,0,0,26,-63,1
130,267,106,0,0,26,-63,1
131,267,106,0,0,26,-63,1
132,267,106,0,0,26,-63,1
133,267,106,0,0,26,-63,1
134,267,106,0,0,26,-63,1
135,267,106,0,0,26,-63,1
136,267,106,0,0,26,-63,1
137,267,106,0,0,26,-63,1
138,267,106,0,0,26,-63,1
139,267,106,0,0,26,-63,1
140,267,106,0,0,26,-63,1
141,267,106,0,0,26,-63,1
142,267,106,0,0,26,-63,1
143,267,106,0,0,26,-63,1
144,267,106,0,0,26,-63,1
145,267,106,0,0,26,-63,1
146,267,106,0,0,26,-63,1
147,267,106,0,0,26,-63,1
148,267,106,0,0,26,-63,1
149,267,106,0,0,26,-63,1
150,267,106,0,0,26,-63,1
151,267,106,0,0,26,-63,1
152,267,106,0,0,26,-63,1
153,267,106,0,0,26,-63,1
154,267,106,0,0,26,-63,1
155,267,106,0,0,26,-63,1
156,267,106,0,0,26,-63,1
157,267,106,0,0,26,-63,1
158,267,106,0,0,26,-63,1
159,267,106,0,0,26,-63,1
160,267,106,0,0,26,-63,1
161,267,106,0,0,26,-63,1
162,267,106,0,0,26,-63,1
163,267,106,0,0,26,-63,1
164,267,106,0,0,26,-63,1
165,267,106,0,0,26,-63,1
166,267,106,0,0,26,-63,1
167,267,106,0,0,26,-63,1
168,267,106,0,0,26,-63,1
169,267,106,0,0,26,-63,1
170,267,106,0,0,26,-63,1
171,267,106,0,0,26,-63,1
172,267,106,0,0,26,-63,1
173,267,106,0,0,26,-63,1
174,267,106,0,0,26,-63,1
175,267,106,0,0,26,-63,1
176,267,106,0,0,26,-63,1
177,267,106,0,0,26,-63,1
178,267,106,0,0,26,-63,1
179,267,106,0,0,26,-63,1
180,267,106,0,0,26,-63,1
181,267,106,0,0,26,-63,1
182,267,106,0,0,26,-63,1
183,267,106,0,0,26,-63,1
184,267,106,0,0,26,-63,1
185,267,106,0,0,26,-63,1
186,267,106,0,0,26,-63,1
187,267,106,0,0,26,-63,1
188,267,106,0,0,26,-63,1
189,267,106,0,0,26,-63,1
190,267,106,0,0,26,-63,1
191,267,106,0,0,26,-63,1
192,267,106,0,0,26,-63,1
193,267,106,0,0,26,-63,1
194,267,106,0,0,26,-63,1
195,267,106,0,0,26,-63,1
196,267,106,0,0,26,-63,1
197,267,106,0,0,26,-63,1
198,267,106,0,0,26,-63,1
199,267,106,0,0,26,-63,1
200,267,106,0,0,26,-63,1
201,267,106,0,0,26,-63,1
202,267,106,0,0,26,-63,1
203,267,106,0,0,26,-63,1
204,267,106,0,0,26,-63,1
205,267,106,0,0,26,-63,1
206,267,106,0,0,26,-63,1
207,267,106,0,0,26,-63,1
208,267,106,0,0,26,-63,1
209,267,106,0,0,26,-63,1
210,267,106,0,0,26,-63,1
211,267,106,0,0,26,-63,1
212,267,106,0,0,26,-63,1
213,267,106,0,0,26,-63,1
214,267,106,0,0,26,-63,1
215,267,106,0,0,26,-63,1
216,267,106,0,0,26,-63,1
217,267,106,0,0,26,-63,1
218,-479,94,0,0,101,-63,0
219,-479,94,0,0,101,-63,0
220,-479,94,0,0,101,-63,0
221,-479,94,0,0,101,-63,0
222,-479,94,0,0,101,-63,0
223,-479,94,0,0,101,-63,0
224,-479,94,0,0,101,-63,0
225,-479,94,0,0,101,-63,0
226,-479,94,0,0,101,-63,0
227,-479,94,0,0,101,-63,0
228,-479,94,0,0,101,-63,0
229,-479,94,0,0,101,-63,0
230,-479,94,0,0,101,-63,0
231,-479,94,0,0,101,-63,0
232,-479,94,0,0,101,-63,0
233,-479,94,0,0,101,-63,0
234,-479,94,0,0,101,-63,0
235,-479,94,0,0,101,-63,0
236,-479,94,0,0,101,-63,0
237,-479,94,0,0,101,-63,0
238,-479,94,0,0,101,-63,0
239,-479,94,0,0,101,-63,0
240,-479,94,0,0,101,-63,0
241,-479,94,0,0,101,-63,0
242,-479,94,0,0,101,-63,0
243,-479,94,0,0,101,-63,0
244,-479,94,0,0,101,-63,0
245,-479,94,0,0,101,-63,0
246,-479,94,0,0,101,-63,0
247,-479,94,0,0,101,-63,0
248,-479,94,0,0,101,-63,0
249,-479,94,0,0,101,-63,0
250,-479,94,0,0,101,-63,0
251,-479,94,0,0,101,-63,0
252,-479,94,0,0,101,-63,0
253,-479,94,0,0,101,-63,0
254,-479,94,0,0,101,-63,0
255,-479,94,0,0,101,-63,0
256,-479,94,0,0,101,-63,0
257,-479,94,0,0,101,-63,0
258,-479,94,0,0,101,-63,0
259,-479,94,0,0,101,-63,0
260,-479,94,0,0,101,-63,0
261,-479,94,0,0,101,-63,0
262,-479,94,0,0,101,-63,0
263,-479,94,0,0,101,-63,0
264,-479,94,0,0,101,-63,0
265,-479,94,0,0,101,-63,0
266,-479,94,0,0,101,-63,0
267,-479,94,0,0,101,-63,0
268,-479,94,0,0,101,-63,0
269,-479,94,0,0,101,-63,0
270,-479,94,0,0,101,-63,0
271,-479,94,0,0,101,-63,0
272,-479,94,0,0,101,-63,0
273,-479,94,0,0,101,-63,0
274,-479,94,0,0,101,-63,0
275,-479,94,0,0,101,-63,0
276,-479,94,0,0,101,-63,0
277,-479,94,0,0,101,-63,0
278,-479,94,0,0,101,-63,0
279,-479,94,0,0,101,-63,0
280,-479,94,0,0,101,-63,0
281,-479,94,0,0,101,-63,0
282,-479,94,0,0,101,-63,0
283,-479,94,0,0,101,-63,0
284,-479,94,0,0,101,-63,0
285,-479,94,0,0,101,-63,0
286,-479,94,0,0,101,-63,0
287,-479,94,0,0,101,-63,0
288,-479,94,0,0,101,-63,0
289,-479,94,0,0,101,-63,0
290,-479,94,0,0,101,-63,0
291,-479,94,0,0,101,-63,0
292,-479,94,0,0,101,-63,0
293,-479,94,0,0,101,-63,0
294,-479,94,0,0,101,-63,0
295,-479,94,0,0,101,-63,0
296,-479,94,0,0,101,-63,0
297,-479,94,0,0,101,-63,0
298,-479,94,0,0,101,-63,0
299,-479,94,0,0,101,-63,0
300,-479,94,0,0,101,-63,0
301,-479,94,0,0,101,-63,0
302,-479,94,0,0,101,-63,0
303,-479,94,0,0,101,-63,0
304,-479,94,0,0,101,-63,0
305,-479,94,0,0,101,-63,0
306,164,25,0,0,24,-63,1
307,164,25,0,0,24,-63,1
308,164,25,0,0,24,-63,1
309,164,25,0,0,24,-63,1
310,164,25,0,0,24,-63,1
311,164,25,0,0,24,-63,1
312,164,25,0,0,24,-63,1
313,164,25,0,0,24,-63,1
314,164,25,0,0,24,-63,1
315,164,25,0,0,24,-63,1
316,164,25,0,0,24,-63,1
317,164,25,0,0,24,-63,1
318,164,25,0,0,24,-63,1
319,164,25,0,0,24,-63,1
320,164,25,0,0,24,-63,1
321,164,25,0,0,24,-63,1
322,164,25,0,0,24,-63,1
323,164,25,0,0,24,-63,1
324,164,25,0,0,24,-63,1
325,164,25,0,0,24,-63,1
326,164,25,0,0,24,-63,1
327,164,25,0,0,24,-63,1
328,164,25,0,0,24,-63,1
329,164,25,0,0,24,-63,1
330,164,25,0,0,24,-63,1
331,164,25,0,0,24,-63,1
332,164,25,0,0,24,-63,1
333,164,25,0,0,24,-63,1
334,164,25,0,0,24,-63,1
335,164,25,0,0,24,-63,1
336,164,25,0,0,24,-63,1
337,164,25,0,0,24,-63,1
338,164,25,0,0,24,-63,1
339,164,25,0,0,24,-63,1
340,164,25,0,0,24,-63,1
341,164,25,0,0,24,-63,1
342,164,25,0,0,24,-63,1
343,164,25,0,0,24,-63,1
344,164,25,0,0,24,-63,1
345,164,25,0,0,24,-63,1
346,164,25,0,0,24,-63,1
347,164,25,0,0,24,-63,1
348,164,25,0,0,24,-63,1
349,164,25,0,0,24,-63,1
350,164,25,0,0,24,-63,1
351,164,25,0,0,24,-63,1
352,164,25,0,0,24,-63,1
353,164,25,0,0,24,-63,1
354,164,25,0,0,24,-63,1
355,164,25,0,0,24,-63,1
356,164,25,0,0,24,-63,1
357,164,25,0,0,24,-63,1
358,164,25,0,0,24,-63,1
359,164,25,0,0,24,-63,1
360,164,25,0,0,24,-63,1
361,164,25,0,0,24,-63,1
362,164,25,0,0,24,-63,1
363,164,25,0,0,24,-63,1
364,164,25,0,0,24,-63,1
365,164,25,0,0,24,-63,1
366,164,25,0,0,24,-63,1
367,164,25,0,0,24,-63,1
368,164,25,0,0,24,-63,1
369,164,25,0,0,24,-63,1
370,164,25,0,0,24,-63,1
371,164,25,0,0,24,-63,1
372,164,25,0,0,24,-63,1
373,164,25,0,0,24,-63,1
374,164,25,0,0,24,-63,1
375,164,25,0,0,24,-63,1
376,164,25,0,0,24,-63,1
377,164,25,0,0,24,-63,1
378,164,25,0,0,24,-63,1
379,164,25,0,0,24,-63,1
380,164,25,0,0,24,-63,1
381,164,25,0,0,24,-63,1
382,164,25,0,0,24,-63,1
383,164,25,0,0,24,-63,1
384,164,25,0,0,24,-63,1
385,164,25,0,0,24,-63,1
386,164,25,0,0,24,-63,1
387,164,25,0,0,24,-63,1
388,164,25,0,0,24,-63,1
389,164,25,0,0,24,-63,1
390,164,25,0,0,24,-63,1
391,164,25,0,0,24,-63,1
392,164,25,0,0,24,-63,1
393,164,25,0,0,24,-63,1
394,164,25,0,0,24,-63,1
395,164,25,0,0,24,-63,1
396,164,25,0,0,24,-63,1
397,164,25,0,0,24,-63,1
398,164,25,0,0,24,-63,1
399,164,25,0,0,24,-63,1
400,164,25,0,0,24,-63,1
401,164,25,0,0,24,-63,1
402,164,25,0,0,24,-63,1
403,164,25,0,0,24,-63,1
404,164,25,0,0,24,-63,1
405,164,25,0,0,24,-63,1
406,164,25,0,0,24,-63,1
407,164,25,0,0,24,-63,1
408,164,25,0,0,24,-63,1
409,164,25,0,0,24,-63,1
410,164,25,0,0,24,-63,1
411,164,25,0,0,24,-63,1
412,164,25,0,0,24,-63,1
413,164,25,0,0,24,-63,1
414,164,25,0,0,24,-63,1
415,164,25,0,0,24,-63,1
416,164,25,0,0,24,-63,1
417,164,25,0,0,24,-63,1
418,164,25,0,0,24,-63,1
419,164,25,0,0,24,-63,1
420,164,25,0,0,24,-63,1
421,164,25,0,0,24,-63,1
422,164,25,0,0,24,-63,1
423,164,25,0,0,24,-63,1
424,164,25,0,0,24,-63,1
425,164,25,0,0,24,-63,1
426,164,25,0,0,24,-63,1
427,164,25,0,0,24,-63,1
428,164,25,0,0,24,-63,1
429,164,25,0,0,24,-63,1
430,164,25,0,0,24,-63,1
431,164,25,0,0,24,-63,1
432,164,25,0,0,24,-63,1
433,164,25,0,0,24,-63,1
434,164,25,0,0,24,-63,1
435,164,25,0,0,24,-63,1
436,164,25,0,0,24,-63,1
437,164,25,0,0,24,-63,1
438,164,25,0,0,24,-63,1
439,164,25,0,0,24,-63,1
440,164,25,0,0,24,-63,1
441,164,25,0,0,24,-63,1
442,164,25,0,0,24,-63,1
443,164,25,0,0,24,-63,1
444,164,25,0,0,24,-63,1
445,164,25,0,0,24,-63,1
446,164,25,0,0,24,-63,1
447,164,25,0,0,24,-63,1
448,164,25,0,0,24,-63,1
449,164,25,0,0,24,-63,1
450,164,25,0,0,24,-63,1
451,164,25,0,0,24,-63,1
452,164,25,0,0,24,-63,1
453,164,25,0,0,24,-63,1
454,164,25,0,0,24,-63,1
455,164,25,0,0,24,-63,1
456,164,25,0,0,24,-63,1
457,164,25,0,0,24,-63,1
458,164,25,0,0,24,-63,1
459,164,25,0,0,24,-63,1
460,164,25,0,0,24,-63,1
461,164,25,0,0,24,-63,1
462,164,25,0,0,24,-63,1
463,164,25,0,0,24,-63,1
464,164,25,0,0,24,-63,1
465,164,25,0,0,24,-63,1
466,164,25,0,0,24,-63,1
467,164,25,0,0,24,-63,1
468,164,25,0,0,24,-63,1
469,164,25,0,0,24,-63,1
470,164,25,0,0,24,-63,1
471,164,25,0,0,24,-63,1
472,164,25,0,0,24,-63,1
473,164,25,0,0,24,-63,1
474,164,25,0,0,24,-63,1
475,164,25,0,0,24,-63,1
476,164,25,0,0,24,-63,1
477,164,25,0,0,24,-63,1
478,164,25,0,0,24,-63,1
479,164,25,0,0,24,-63,1
480,164,25,0,0,24,-63,1
481,164,25,0,0,24,-63,1
482,164,25,0,0,24,-63,1
483,164,25,0,0,24,-63,1
484,164,25,0,0,24,-63,1
485,164,25,0,0,24,-63,1
486,164,25,0,0,24,-63,1
487,164,25,0,0,24,-63,1
488,164,25,0,0,24,-63,1
489,164,25,0,0,24,-63,1
490,164,25,0,0,24,-63,1
491,164,25,0,0,24,-63,1
492,164,25,0,0,24,-63,1
493,164,25,0,0,24,-63,1
494,164,25,0,0,24,-63,1
495,164,25,0,0,24,-63,1
496,164,25,0,0,24,-63,1
497,164,25,0,0,24,-63,1
498,164,25,0,0,24,-63,1
499,164,25,0,0,24,-63,1
500,164,25,0,0,24,-63,1
501,164,25,0,0,24,-63,1
502,164,25,0,0,24,-63,1
503,164,25,0,0,24,-63,1
504,164,25,0,0,24,-63,1
505,164,25,0,0,24,-63,1
506,164,25,0,0,24,-63,1
507,164,25,0,0,24,-63,1
508,164,25,0,0,24,-63,1
509,164,25,0,0,24,-63,1
510,164,25,0,0,24,-63,1
511,164,25,0,0,24,-63,1
512,164,25,0,0,24,-63,1
513,164,25,0,0,24,-63,1
514,164,25,0,0,24,-63,1
515,164,25,0,0,24,-63,1
516,164,25,0,0,24,-63,1
517,164,25,0,0,24,-63,1
518,164,25,0,0,24,-63,1
519,164,25,0,0,24,-63,1
520,164,25,0,0,24,-63,1
521,164,25,0,0,24,-63,1
522,164,25,0,0,24,-63,1
523,164,25,0,0,24,-63,1
524,164,25,0,0,24,-63,1
525,164,25,0,0,24,-63,1
526,164,25,0,0,24,-63,1
527,164,25,0,0,24,-63,1
528,164,25,0,0,24,-63,1
529,164,25,0,0,24,-63,1
530,164,25,0,0,24,-63,1
531,164,25,0,0,24,-63,1
532,164,25,0,0,24,-63,1
