t,x,y,fh,fv,r,s,frame:
0,247,83,1,0,0,-36,0
1,247,83,1,0,0,-36,0
2,247,83,1,0,0,-36,0
3,247,83,1,0,0,-36,0
4,247,83,1,0,0,-36,0
5,247,83,1,0,1,-36,0
6,247,83,1,0,2,-36,0
7,247,82,1,0,3,-36,0
8,247,78,1,0,4,-36,0
9,247,72,1,0,5,-36,0
10,247,67,1,0,6,-36,0
11,247,63,1,0,5,-36,0
12,247,60,1,0,4,-36,0
13,247,58,1,0,3,-36,0
14,247,57,1,0,2,-36,0
15,247,56,1,0,1,-36,0
16,247,56,1,0,1,-36,0
17,247,55,1,0,2,-36,0
18,247,53,1,0,3,-36,0
19,248,50,1,0,4,-36,0
20,248,47,1,0,5,-36,0
21,248,44,1,0,6,-36,0
22,248,41,1,0,5,-36,0
23,248,37,1,0,4,-36,0
24,248,35,1,0,3,-36,0
25,248,33,1,0,2,-36,0
26,248,32,1,0,1,-36,0
27,248,32,1,0,0,-36,0
28,248,29,1,0,-1,-36,0
29,249,27,1,0,0,-36,0
30,249,26,1,0,1,-36,0
31,249,25,1,0,2,-36,0
32,249,24,1,0,3,-36,0
33,249,24,1,0,4,-36,0
34,249,24,1,0,3,-36,0
35,249,23,1,0,2,-36,0
36,249,23,1,0,1,-36,0
37,249,22,1,0,0,-36,0
38,249,22,1,0,-1,-36,0
39,249,22,1,0,-1,-36,0
40,249,22,1,0,-1,-36,0
41,249,22,1,0,0,-36,0
42,249,22,1,0,1,-36,0
43,249,22,1,0,2,-36,0
44,249,22,1,0,3,-36,0
45,249,22,1,0,4,-36,0
46,249,22,1,0,5,-36,0
47,249,22,1,0,4,-36,0
48,249,22,1,0,3,-36,0
49,249,22,1,0,2,-36,0
50,249,23,1,0,1,-36,0
51,250,26,1,0,0,-36,0
52,250,30,1,0,0,-36,0
53,251,35,1,0,0,-36,0
54,251,39,1,0,1,-36,0
55,252,44,1,0,2,-36,0
56,252,49,1,0,3,-36,0
57,252,53,1,0,3,-36,0
58,252,57,1,0,3,-36,0
59,252,60,1,0,2,-36,0
60,252,64,1,0,1,-36,0
61,252,68,1,0,0,-36,0
62,252,70,1,0,0,-36,0
63,252,71,1,0,0,-36,0
64,252,71,1,0,0,-36,0
65,252,71,1,0,0,-36,0
66,252,71,1,0,0,-36,0
67,252,71,1,0,0,-36,0
68,252,71,1,0,0,-36,0
69,252,71,1,0,0,-36,0
70,252,71,1,0,0,-36,0
71,252,71,1,0,0,-36,0
72,252,71,1,0,0,-36,0
73,252,71,1,0,0,-36,0
74,252,71,1,0,0,-36,0
75,252,71,1,0,0,-36,0
76,252,71,1,0,0,-36,0
77,252,71,1,0,0,-36,0
78,252,71,1,0,0,-36,0
79,252,71,1,0,0,-36,0
80,252,71,1,0,0,-36,0
81,252,71,1,0,0,-36,0
82,252,71,1,0,0,-36,0
83,252,71,1,0,0,-36,0
84,252,71,1,0,0,-36,0
85,252,71,1,0,0,-36,0
86,252,71,1,0,0,-36,0
87,252,71,1,0,0,-36,0
88,252,71,1,0,0,-36,0
89,252,71,1,0,0,-36,0
90,252,71,1,0,0,-36,0
91,252,71,1,0,0,-36,0
92,252,71,1,0,0,-36,0
93,252,71,1,0,0,-36,0
94,252,71,1,0,0,-36,0
95,252,71,1,0,0,-36,0
96,252,71,1,0,0,-36,0
97,249,70,1,0,0,-36,0
98,245,67,1,0,0,-36,0
99,240,65,1,0,0,-36,0
100,234,63,1,0,0,-36,0
101,229,62,1,0,0,-36,0
102,223,62,1,0,0,-36,0
103,219,64,1,0,0,-36,0
104,214,71,1,0,0,-36,0
105,211,78,1,0,0,-36,0
106,209,83,1,0,0,-36,0
107,208,87,1,0,0,-36,0
108,208,87,1,0,0,-36,0
109,208,87,1,0,0,-36,0
110,207,87,1,0,0,-36,0
111,203,79,1,0,0,-36,0
112,197,72,1,0,0,-36,0
113,183,59,1,0,0,-36,0
114,173,53,1,0,0,-36,0
115,165,50,1,0,0,-36,0
116,160,50,1,0,0,-36,0
117,155,52,1,0,0,-36,0
118,151,56,1,0,0,-36,0
119,146,62,1,0,0,-36,0
120,142,67,1,0,0,-36,0
121,138,70,1,0,0,-36,0
122,137,71,1,0,0,-36,0
123,135,72,1,0,0,-36,0
124,134,72,1,0,0,-36,0
125,131,71,1,0,0,-36,0
126,125,66,1,0,0,-36,0
127,115,59,1,0,0,-36,0
128,103,51,1,0,0,-36,0
129,87,40,1,0,0,-36,0
130,70,34,1,0,0,-36,0
131,62,34,1,0,0,-36,0
132,58,39,1,0,0,-36,0
133,55,43,1,0,0,-36,0
134,53,48,1,0,0,-36,0
135,50,52,1,0,0,-36,0
136,48,55,1,0,0,-36,0
137,46,57,1,0,0,-36,0
138,45,58,1,0,0,-36,0
139,44,58,1,0,0,-36,0
140,40,58,1,0,0,-36,0
141,34,54,1,0,0,-36,0
142,26,49,1,0,0,-36,0
143,19,44,1,0,0,-36,0
144,11,42,1,0,0,-36,0
145,6,41,1,0,0,-36,0
146,-2,45,1,0,0,-36,0
147,-7,50,1,0,0,-36,0
148,-22,68,1,0,0,-36,0
149,-32,79,1,0,0,-36,0
150,-37,84,1,0,0,-36,0
151,-38,84,1,0,0,-36,0
152,-38,84,1,0,0,-36,0
153,-38,84,1,0,0,-36,0
154,-38,84,1,0,0,-36,0
155,-41,82,1,0,0,-36,0
156,-48,77,1,0,0,-36,0
157,-58,69,1,0,0,-36,0
158,-70,62,1,0,0,-36,0
159,-80,59,1,0,0,-36,0
160,-89,58,1,0,0,-36,0
161,-97,62,1,0,0,-36,0
162,-100,68,1,0,0,-36,0
163,-104,77,1,0,0,-36,0
164,-106,84,1,0,0,-36,0
165,-107,89,1,0,0,-36,0
166,-107,89,1,0,0,-36,0
167,-107,90,1,0,0,-36,0
168,-107,90,1,0,0,-36,0
169,-107,90,1,0,0,-36,0
170,-107,90,1,0,0,-36,0
171,-107,90,1,0,0,-36,0
172,-107,90,1,0,0,-36,0
173,-107,90,1,0,0,-36,0
174,-107,90,1,0,0,-36,0
175,-107,90,1,0,0,-36,0
176,-107,90,1,0,0,-36,0
177,-107,90,1,0,0,-36,0
178,-107,90,1,0,0,-36,0
179,-107,90,1,0,0,-36,0
180,-107,90,1,0,0,-36,0
181,-107,90,1,0,0,-36,0
182,-107,90,1,0,0,-36,0
183,-107,90,1,0,0,-36,0
184,-107,90,1,0,0,-36,0
185,-107,90,1,0,0,-36,0
186,-107,90,1,0,0,-36,0
187,-107,90,1,0,0,-36,0
188,-107,90,1,0,0,-36,0
189,-107,90,1,0,0,-36,0
190,-107,90,1,0,0,-36,0
191,-107,90,1,0,0,-36,0
192,-107,90,1,0,0,-36,0
193,-107,90,1,0,0,-36,0
194,-107,90,1,0,0,-36,0
195,-107,90,1,0,0,-36,0
196,-107,90,1,0,0,-36,0
197,-107,90,1,0,0,-36,0
198,-107,90,1,0,0,-36,0
199,-107,90,1,0,0,-36,0
