t,x,y,fh,fv,r,s,frame:
0,-273,104,0,0,0,-79,0
1,-273,104,0,0,0,-79,0
2,-273,104,0,0,0,-79,0
3,-273,103,0,0,0,-79,0
4,-273,103,0,0,0,-79,0
5,-273,103,0,0,0,-79,0
6,-273,103,0,0,0,-79,0
7,-273,103,0,0,0,-79,0
8,-273,103,0,0,0,-79,0
9,-273,103,0,0,0,-79,0
10,-273,103,0,0,0,-79,0
11,-273,103,0,0,0,-79,0
12,-273,103,0,0,0,-79,0
13,-273,103,0,0,0,-79,0
14,-273,103,0,0,0,-79,0
15,-273,103,0,0,0,-79,0
16,-273,103,0,0,0,-79,0
17,-273,103,0,0,0,-79,0
18,-273,103,0,0,0,-79,0
19,-273,103,0,0,0,-79,0
20,-273,103,0,0,0,-79,0
21,-273,103,0,0,0,-79,0
22,-273,103,0,0,0,-79,0
23,-273,103,0,0,0,-79,0
24,-273,103,0,0,0,-79,0
25,-273,103,0,0,0,-79,0
26,-273,103,0,0,0,-79,0
27,-273,103,0,0,0,-79,0
28,-273,103,0,0,0,-79,0
29,-273,103,0,0,0,-79,0
30,-273,103,0,0,0,-79,0
31,-273,103,0,0,0,-79,0
32,-273,103,0,0,0,-79,0
33,-273,103,0,0,0,-79,0
34,-273,103,0,0,0,-79,0
35,-273,103,0,0,0,-79,0
36,-273,103,0,0,0,-79,0
37,-273,103,0,0,0,-79,0
38,-273,103,0,0,0,-79,0
39,-273,103,0,0,0,-79,0
40,-273,103,0,0,0,-79,0
41,-273,103,0,0,0,-79,0
42,-273,103,0,0,0,-79,0
43,-273,103,0,0,0,-79,0
44,-273,103,0,0,0,-79,0
45,-273,103,0,0,0,-79,0
46,-273,103,0,0,0,-79,0
47,-273,103,0,0,0,-79,0
48,-273,103,0,0,0,-79,0
49,-273,103,0,0,0,-79,0
50,-273,103,0,0,0,-79,0
51,-273,103,0,0,0,-79,0
52,-273,103,0,0,0,-79,0
53,-273,103,0,0,0,-79,0
54,-273,103,0,0,0,-79,0
55,-273,103,0,0,0,-79,0
56,-273,103,0,0,0,-79,0
57,-273,103,0,0,0,-79,0
58,-273,103,0,0,0,-79,0
59,-273,103,0,0,0,-79,0
60,-273,103,0,0,0,-79,0
61,-273,103,0,0,0,-79,0
62,-273,103,0,0,0,-79,0
63,-273,103,0,0,0,-79,0
64,-273,103,0,0,0,-79,0
65,-273,103,0,0,0,-79,0
66,-273,103,0,0,0,-79,0
67,-273,103,0,0,0,-79,0
68,-273,103,0,0,0,-79,0
69,-273,103,0,0,0,-79,0
70,-273,103,0,0,0,-79,0
71,-273,103,0,0,0,-79,0
72,-273,103,0,0,0,-79,0
73,-273,103,0,0,0,-79,0
74,-273,103,0,0,0,-79,0
75,-273,103,0,0,0,-79,0
76,-273,103,0,0,0,-79,0
77,-273,103,0,0,0,-79,0
78,-273,103,0,0,0,-79,0
79,-273,102,0,0,0,-79,0
80,-273,101,0,0,0,-79,0
81,-273,101,0,0,0,-79,0
82,-273,101,0,0,0,-79,0
83,-273,101,0,0,0,-79,0
84,-273,101,0,0,0,-79,0
85,-273,101,0,0,0,-79,0
86,-273,102,0,0,0,-79,0
87,-274,105,0,0,0,-79,0
88,-274,109,0,0,0,-79,0
89,-274,111,0,0,0,-79,0
90,-274,113,0,0,0,-79,0
91,-274,114,0,0,0,-79,0
92,-274,114,0,0,0,-79,0
93,-274,114,0,0,0,-79,0
94,-274,114,0,0,0,-79,0
95,-274,114,0,0,0,-79,0
96,-274,114,0,0,0,-79,0
97,-274,113,0,0,0,-79,0
98,-274,112,0,0,0,-79,0
99,-274,111,0,0,0,-79,0
100,-274,110,0,0,0,-79,0
101,-274,110,0,0,0,-79,0
102,-274,110,0,0,0,-79,0
103,-274,110,0,0,0,-79,0
104,-274,110,0,0,0,-79,0
105,-274,110,0,0,0,-79,0
106,-274,110,0,0,0,-79,0
107,-274,111,0,0,0,-79,0
108,-274,111,0,0,0,-79,0
109,-274,111,0,0,0,-79,0
110,-274,111,0,0,0,-79,0
111,-274,111,0,0,0,-79,0
112,-274,111,0,0,0,-79,0
113,-274,111,0,0,0,-79,0
114,-274,111,0,0,0,-79,0
115,-274,111,0,0,0,-79,0
116,-274,110,0,0,0,-79,0
117,-274,109,0,0,0,-79,0
118,-274,109,0,0,0,-79,0
119,-274,109,0,0,0,-79,0
120,-274,109,0,0,0,-79,0
121,-274,109,0,0,0,-79,0
122,-274,109,0,0,0,-79,0
123,-274,109,0,0,0,-79,0
124,-274,110,0,0,0,-79,0
125,-274,111,0,0,0,-79,0
126,-274,111,0,0,0,-79,0
127,-274,111,0,0,0,-79,0
128,-274,111,0,0,0,-79,0
129,-274,111,0,0,0,-79,0
130,-274,111,0,0,0,-79,0
131,-274,111,0,0,0,-79,0
132,-274,110,0,0,0,-79,0
133,-274,109,0,0,0,-79,0
134,-274,109,0,0,0,-79,0
135,-274,109,0,0,0,-79,0
136,-274,109,0,0,0,-79,0
137,-274,109,0,0,0,-79,0
138,-274,109,0,0,0,-79,0
139,-274,109,0,0,0,-79,0
140,-274,109,0,0,0,-79,0
141,-274,109,0,0,0,-79,0
142,-274,109,0,0,0,-79,0
143,-274,109,0,0,0,-79,0
144,-274,109,0,0,0,-79,0
145,-274,109,0,0,0,-79,0
146,-274,109,0,0,0,-79,0
147,-274,109,0,0,0,-79,0
148,-274,109,0,0,0,-79,0
149,-274,109,0,0,0,-79,0
150,-274,109,0,0,0,-79,0
151,-274,108,0,0,0,-79,0
152,-274,108,0,0,0,-79,0
153,-274,108,0,0,0,-79,0
154,-274,108,0,0,0,-79,0
155,-274,108,0,0,0,-79,0
156,-274,108,0,0,0,-79,0
157,-274,108,0,0,0,-79,0
158,-274,108,0,0,0,-79,0
159,-274,108,0,0,0,-79,0
160,-274,108,0,0,0,-79,0
161,-274,108,0,0,0,-79,0
162,-274,108,0,0,0,-79,0
163,-274,108,0,0,0,-79,0
164,-274,108,0,0,0,-79,0
165,-274,108,0,0,0,-79,0
166,-274,108,0,0,0,-79,0
167,-274,108,0,0,0,-79,0
168,-274,108,0,0,0,-79,0
169,-274,108,0,0,0,-79,0
170,-274,108,0,0,0,-79,0
171,-274,108,0,0,0,-79,0
172,-274,108,0,0,0,-79,0
173,-274,108,0,0,0,-79,0
174,-274,108,0,0,0,-79,0
175,-274,108,0,0,0,-79,0
176,-274,108,0,0,0,-79,0
177,-274,108,0,0,0,-79,0
178,-274,108,0,0,0,-79,0
179,-274,108,0,0,0,-79,0
180,-274,108,0,0,0,-79,0
181,-274,108,0,0,0,-79,0
182,-274,108,0,0,0,-79,0
183,-274,108,0,0,0,-79,0
184,-274,108,0,0,0,-79,0
185,-274,108,0,0,0,-79,0
186,-274,108,0,0,0,-79,0
187,-274,108,0,0,0,-79,0
188,-274,108,0,0,0,-79,0
189,-274,108,0,0,0,-79,0
190,-274,108,0,0,0,-79,0
191,-274,108,0,0,0,-79,0
192,-274,108,0,0,0,-79,0
193,-274,108,0,0,0,-79,0
194,-274,108,0,0,0,-79,0
195,-274,108,0,0,0,-79,0
196,-274,108,0,0,0,-79,0
197,-274,108,0,0,0,-79,0
198,-274,108,0,0,0,-79,0
199,-274,108,0,0,0,-79,0
200,-274,108,0,0,0,-79,0
201,-274,108,0,0,0,-79,0
202,-274,108,0,0,0,-79,0
203,-274,108,0,0,0,-79,0
204,-274,108,0,0,0,-79,0
205,-274,108,0,0,0,-79,0
206,-274,108,0,0,0,-79,0
207,-274,108,0,0,0,-79,0
208,-274,108,0,0,0,-79,0
209,-274,108,0,0,0,-79,0
210,-274,108,0,0,0,-79,0
211,-274,108,0,0,0,-79,0
212,-274,108,0,0,0,-79,0
213,-274,108,0,0,0,-79,0
214,-274,108,0,0,0,-79,0
215,-274,108,0,0,0,-79,0
216,-274,108,0,0,0,-79,0
217,-274,108,0,0,0,-79,0
218,-274,108,0,0,0,-79,0
219,-274,108,0,0,0,-79,0
220,-274,108,0,0,0,-79,0
221,-274,108,0,0,0,-79,0
222,-274,108,0,0,0,-79,0
223,-274,108,0,0,0,-79,0
224,-274,108,0,0,0,-79,0
225,-274,108,0,0,0,-79,0
226,-274,108,0,0,0,-79,0
227,-274,108,0,0,0,-79,0
228,-274,108,0,0,0,-79,0
229,-274,108,0,0,0,-79,0
230,-274,108,0,0,0,-79,0
231,-274,108,0,0,0,-79,0
232,-274,108,0,0,0,-79,0
233,-274,108,0,0,0,-79,0
234,-274,108,0,0,0,-79,0
235,-274,108,0,0,0,-79,0
236,-274,108,0,0,0,-79,0
237,-274,108,0,0,0,-79,0
238,-274,108,0,0,0,-79,0
239,-274,108,0,0,0,-79,0
240,-274,108,0,0,0,-79,0
241,-274,108,0,0,0,-79,0
242,-274,108,0,0,0,-79,0
243,-274,108,0,0,0,-79,0
244,-274,108,0,0,0,-79,0
245,-274,108,0,0,0,-79,0
246,-274,108,0,0,0,-79,0
247,-274,108,0,0,0,-79,0
248,-274,108,0,0,0,-79,0
249,-274,108,0,0,0,-79,0
