t,x,y,fh,fv,r,s,frame:
0,15,137,0,0,0,-73,0
1,15,137,0,0,0,-73,0
2,15,137,0,0,0,-73,0
3,15,137,0,0,0,-73,0
4,15,137,0,0,0,-73,0
5,15,137,0,0,0,-73,0
6,15,137,0,0,0,-73,0
7,15,137,0,0,0,-73,0
8,15,137,0,0,0,-73,0
9,15,137,0,0,0,-73,0
10,15,137,0,0,0,-73,0
11,15,137,0,0,0,-73,0
12,15,137,0,0,0,-73,0
13,15,137,0,0,0,-73,0
14,15,137,0,0,0,-73,0
15,15,137,0,0,0,-73,0
16,15,137,0,0,0,-73,0
17,15,137,0,0,0,-73,0
18,15,137,0,0,0,-73,0
19,15,137,0,0,0,-73,0
20,15,137,0,0,0,-73,0
21,15,137,0,0,0,-73,0
22,15,137,0,0,0,-73,0
23,15,137,0,0,0,-73,0
24,15,137,0,0,0,-73,0
25,15,137,0,0,0,-73,0
26,15,137,0,0,0,-73,0
27,15,137,0,0,0,-73,0
28,15,137,0,0,0,-73,0
29,15,137,0,0,0,-73,0
30,15,137,0,0,0,-73,0
31,15,137,0,0,0,-73,0
32,15,137,0,0,0,-73,0
33,15,137,0,0,0,-73,0
34,15,137,0,0,0,-73,0
35,15,137,0,0,0,-73,0
36,15,137,0,0,0,-73,0
37,15,137,0,0,0,-73,0
38,15,137,0,0,0,-73,0
39,15,137,0,0,0,-73,0
40,15,137,0,0,0,-73,0
41,15,137,0,0,0,-73,0
42,15,137,0,0,0,-73,0
43,15,137,0,0,0,-73,0
44,15,137,0,0,0,-73,0
45,15,137,0,0,0,-73,0
46,15,137,0,0,0,-73,0
47,15,137,0,0,0,-73,0
48,15,137,0,0,0,-73,0
49,15,137,0,0,0,-73,0
50,15,137,0,0,0,-73,0
51,15,137,0,0,0,-73,0
52,15,137,0,0,0,-73,0
53,15,137,0,0,0,-73,0
54,15,137,0,0,0,-73,0
55,15,137,0,0,0,-73,0
56,15,137,0,0,0,-73,0
57,15,137,0,0,0,-73,0
58,15,137,0,0,0,-73,0
59,15,137,0,0,0,-73,0
60,15,137,0,0,0,-73,0
61,15,137,0,0,0,-73,0
62,15,137,0,0,0,-73,0
63,15,137,0,0,0,-73,0
64,15,137,0,0,0,-73,0
65,15,137,0,0,0,-73,0
66,15,137,0,0,0,-73,0
67,15,137,0,0,0,-73,0
68,15,137,0,0,0,-73,0
69,15,137,0,0,0,-73,0
70,15,137,0,0,0,-73,0
71,15,137,0,0,0,-73,0
72,15,137,0,0,0,-73,0
73,15,137,0,0,0,-73,0
74,15,137,0,0,0,-73,0
75,15,137,0,0,0,-73,0
76,15,136,0,0,0,-73,0
77,15,135,0,0,0,-73,0
78,15,133,0,0,0,-73,0
79,15,131,0,0,0,-73,0
80,15,130,0,0,0,-73,0
81,15,128,0,0,0,-73,0
82,15,128,0,0,0,-73,0
83,15,127,0,0,0,-73,0
84,15,127,0,0,0,-73,0
85,15,127,0,0,0,-73,0
86,15,127,0,0,0,-73,0
87,15,127,0,0,0,-73,0
88,15,129,0,0,0,-73,0
89,15,131,0,0,0,-73,0
90,15,132,0,0,0,-73,0
91,15,134,0,0,0,-73,0
92,15,134,0,0,0,-73,0
93,15,134,0,0,0,-73,0
94,15,134,0,0,0,-73,0
95,15,134,0,0,0,-73,0
96,15,134,0,0,0,-73,0
97,15,134,0,0,0,-73,0
98,15,134,0,0,0,-73,0
99,15,131,0,0,0,-73,0
100,14,129,0,0,0,-73,0
101,14,127,0,0,0,-73,0
102,14,127,0,0,0,-73,0
103,14,127,0,0,0,-73,0
104,14,127,0,0,0,-73,0
105,14,127,0,0,0,-73,0
106,14,128,0,0,0,-73,0
107,14,131,0,0,0,-73,0
108,14,134,0,0,0,-73,0
109,14,137,0,0,0,-73,0
110,14,138,0,0,0,-73,0
111,14,138,0,0,0,-73,0
112,14,138,0,0,0,-73,0
113,14,138,0,0,0,-73,0
114,14,138,0,0,0,-73,0
115,14,138,0,0,0,-73,0
116,14,138,0,0,0,-73,0
117,14,138,0,0,0,-73,0
118,14,137,0,0,0,-73,0
119,14,136,0,0,0,-73,0
120,14,134,0,0,0,-73,0
121,14,133,0,0,0,-73,0
122,14,132,0,0,0,-73,0
123,14,131,0,0,0,-73,0
124,14,131,0,0,0,-73,0
125,14,131,0,0,0,-73,0
126,14,131,0,0,0,-73,0
127,14,133,0,0,0,-73,0
128,14,137,0,0,0,-73,0
129,14,139,0,0,0,-73,0
130,14,142,0,0,0,-73,0
131,14,143,0,0,0,-73,0
132,14,143,0,0,0,-73,0
133,14,143,0,0,0,-73,0
134,14,143,0,0,0,-73,0
135,14,143,0,0,0,-73,0
136,14,143,0,0,0,-73,0
137,14,141,0,0,0,-73,0
138,14,139,0,0,0,-73,0
139,14,138,0,0,0,-73,0
140,14,137,0,0,0,-73,0
141,14,136,0,0,0,-73,0
142,14,135,0,0,0,-73,0
143,14,135,0,0,0,-73,0
144,14,135,0,0,0,-73,0
145,14,135,0,0,0,-73,0
146,14,135,0,0,0,-73,0
147,15,136,0,0,0,-73,0
148,15,137,0,0,0,-73,0
149,16,140,0,0,0,-73,0
150,16,141,0,0,0,-73,0
151,16,142,0,0,0,-73,0
152,16,142,0,0,0,-73,0
153,16,142,0,0,0,-73,0
154,16,142,0,0,0,-73,0
155,16,142,0,0,0,-73,0
156,16,142,0,0,0,-73,0
157,16,141,0,0,0,-73,0
158,16,140,0,0,0,-73,0
159,16,139,0,0,0,-73,0
160,16,138,0,0,0,-73,0
161,16,137,0,0,0,-73,0
162,16,137,0,0,0,-73,0
163,16,137,0,0,0,-73,0
164,16,137,0,0,0,-73,0
165,16,137,0,0,0,-73,0
166,16,137,0,0,0,-73,0
167,16,137,0,0,0,-73,0
168,16,137,0,0,0,-73,0
169,16,137,0,0,0,-73,0
170,16,137,0,0,0,-73,0
171,16,137,0,0,0,-73,0
172,16,137,0,0,0,-73,0
173,16,137,0,0,0,-73,0
174,16,137,0,0,0,-73,0
175,16,137,0,0,0,-73,0
176,16,137,0,0,0,-73,0
177,16,137,0,0,0,-73,0
178,16,137,0,0,0,-73,0
179,16,137,0,0,0,-73,0
180,16,137,0,0,0,-73,0
181,16,137,0,0,0,-73,0
182,16,137,0,0,0,-73,0
183,16,137,0,0,0,-73,0
184,16,137,0,0,0,-73,0
185,16,137,0,0,0,-73,0
186,16,137,0,0,0,-73,0
187,16,137,0,0,0,-73,0
188,16,137,0,0,0,-73,0
189,16,137,0,0,0,-73,0
190,16,137,0,0,0,-73,0
191,16,137,0,0,0,-73,0
192,16,137,0,0,0,-73,0
193,16,137,0,0,0,-73,0
194,16,137,0,0,0,-73,0
195,16,137,0,0,0,-73,0
196,16,137,0,0,0,-73,0
197,16,137,0,0,0,-73,0
198,16,137,0,0,0,-73,0
199,16,137,0,0,0,-73,0
200,16,137,0,0,0,-73,0
201,16,137,0,0,0,-73,0
202,16,137,0,0,0,-73,0
203,16,137,0,0,0,-73,0
204,16,137,0,0,0,-73,0
205,16,137,0,0,0,-73,0
206,16,137,0,0,0,-73,0
207,16,137,0,0,0,-73,0
208,16,137,0,0,0,-73,0
209,16,137,0,0,0,-73,0
210,16,137,0,0,0,-73,0
211,16,137,0,0,0,-73,0
212,16,137,0,0,0,-73,0
213,16,137,0,0,0,-73,0
214,16,137,0,0,0,-73,0
215,16,137,0,0,0,-73,0
216,16,137,0,0,0,-73,0
217,16,137,0,0,0,-73,0
218,16,137,0,0,0,-73,0
219,16,137,0,0,0,-73,0
220,16,137,0,0,0,-73,0
221,16,137,0,0,0,-73,0
222,16,137,0,0,0,-73,0
223,16,137,0,0,0,-73,0
224,16,137,0,0,0,-73,0
225,16,137,0,0,0,-73,0
226,16,137,0,0,0,-73,0
227,16,137,0,0,0,-73,0
228,16,137,0,0,0,-73,0
229,16,137,0,0,0,-73,0
230,16,137,0,0,0,-73,0
231,16,137,0,0,0,-73,0
232,16,137,0,0,0,-73,0
233,16,137,0,0,0,-73,0
234,16,137,0,0,0,-73,0
235,16,137,0,0,0,-73,0
236,16,137,0,0,0,-73,0
237,16,137,0,0,0,-73,0
238,16,137,0,0,0,-73,0
239,16,137,0,0,0,-73,0
240,16,137,0,0,0,-73,0
241,16,137,0,0,0,-73,0
242,16,137,0,0,0,-73,0
243,16,137,0,0,0,-73,0
244,16,137,0,0,0,-73,0
245,16,137,0,0,0,-73,0
246,16,137,0,0,0,-73,0
247,16,137,0,0,0,-73,0
248,16,137,0,0,0,-73,0
249,16,137,0,0,0,-73,0
