t,x,y,fh,fv,r,s,frame:
0,0,1,0,0,0,-112,0
1,0,1,0,0,0,-112,0
2,0,1,0,0,0,-112,0
3,0,1,0,0,0,-112,0
4,0,1,0,0,0,-112,0
5,0,1,0,0,0,-112,0
6,0,1,0,0,0,-112,0
7,0,1,0,0,0,-112,0
8,0,1,0,0,0,-112,0
9,0,1,0,0,0,-112,0
10,0,1,0,0,0,-112,0
11,0,1,0,0,0,-112,0
12,0,1,0,0,0,-112,0
13,0,1,0,0,0,-112,0
14,0,1,0,0,0,-112,0
15,0,1,0,0,0,-112,0
16,-1,1,0,0,0,-112,0
17,-1,1,0,0,0,-112,0
18,-1,1,0,0,0,-112,0
19,-2,1,0,0,0,-112,0
20,-2,1,0,0,0,-112,0
21,-2,1,0,0,0,-112,0
22,-3,1,0,0,0,-112,0
23,-3,1,0,0,0,-112,0
24,-3,1,0,0,0,-112,0
25,-3,1,0,0,0,-112,0
26,-3,1,0,0,0,-112,0
27,-3,1,0,0,0,-112,0
28,-4,1,0,0,0,-112,0
29,-4,1,0,0,0,-112,0
30,-5,1,0,0,0,-112,0
31,-5,1,0,0,0,-112,0
32,-5,1,0,0,0,-112,0
33,-5,1,0,0,0,-112,0
34,-5,1,0,0,0,-112,0
35,-5,1,0,0,0,-112,0
36,-5,1,0,0,0,-112,0
37,-5,1,0,0,0,-112,0
38,-5,1,0,0,0,-112,0
39,-5,1,0,0,0,-112,0
40,-5,1,0,0,0,-112,0
41,-5,1,0,0,0,-112,0
42,-5,1,0,0,0,-112,0
43,-5,1,0,0,0,-112,0
44,-5,0,0,0,0,-112,0
45,-5,0,0,0,0,-112,0
46,-5,0,0,0,0,-112,0
47,-5,0,0,0,0,-112,0
48,-5,0,0,0,0,-112,0
49,-5,0,0,0,0,-112,0
50,-5,0,0,0,0,-112,0
51,-5,0,0,0,0,-112,0
52,-5,0,0,0,0,-112,0
53,-5,0,0,0,0,-112,0
54,-5,0,0,0,0,-112,0
55,-5,0,0,0,0,-112,0
56,-5,0,0,0,0,-112,0
57,-5,0,0,0,0,-112,0
58,-5,0,0,0,0,-112,0
59,-5,0,0,0,0,-112,0
60,-5,0,0,0,0,-112,0
61,-5,0,0,0,0,-112,0
62,-4,0,0,0,0,-112,0
63,-4,-1,0,0,0,-112,0
64,-4,-1,0,0,0,-112,0
65,-3,-1,0,0,0,-112,0
66,-3,-1,0,0,0,-112,0
67,-3,-1,0,0,0,-112,0
68,-3,-1,0,0,0,-112,0
69,-2,-1,0,0,0,-112,0
70,-2,-1,0,0,0,-112,0
71,-2,-1,0,0,0,-112,0
72,-2,-1,0,0,0,-112,0
73,-2,-1,0,0,0,-112,0
74,-2,-1,0,0,0,-112,0
75,-2,-1,0,0,0,-112,0
76,-2,-1,0,0,0,-112,0
77,-2,-1,0,0,0,-112,0
78,-2,-1,0,0,0,-112,0
79,-2,-1,0,0,0,-112,0
80,-1,-1,0,0,0,-112,0
81,-1,-1,0,0,0,-112,0
82,-1,-1,0,0,0,-112,0
83,-1,-1,0,0,0,-112,0
84,-1,0,0,0,0,-112,0
85,-1,0,0,0,0,-112,0
86,0,0,0,0,0,-112,0
87,0,0,0,0,0,-112,0
88,0,0,0,0,0,-112,0
89,1,0,0,0,0,-112,0
90,1,0,0,0,0,-112,0
91,1,0,0,0,0,-112,0
92,2,0,0,0,0,-112,0
93,2,0,0,0,0,-112,0
94,2,0,0,0,0,-112,0
95,3,0,0,0,0,-112,0
96,3,0,0,0,0,-112,0
97,4,0,0,0,0,-112,0
98,4,0,0,0,0,-112,0
99,4,0,0,0,0,-112,0
100,4,0,0,0,0,-112,0
101,4,0,0,0,0,-112,0
102,5,0,0,0,0,-112,0
103,5,0,0,0,0,-112,0
104,5,0,0,0,0,-112,0
105,5,0,0,0,0,-112,0
106,5,0,0,0,0,-112,0
107,5,0,0,0,0,-112,0
108,6,0,0,0,0,-112,0
109,6,0,0,0,0,-112,0
110,6,0,0,0,0,-112,0
111,6,0,0,0,0,-112,0
112,6,0,0,0,0,-112,0
113,6,0,0,0,0,-112,0
114,6,0,0,0,0,-112,0
115,6,0,0,0,0,-112,0
116,6,0,0,0,0,-112,0
117,7,0,0,0,0,-112,0
118,7,0,0,0,0,-112,0
119,7,0,0,0,0,-112,0
120,7,1,0,0,0,-112,0
121,7,1,0,0,0,-112,0
122,8,1,0,0,0,-112,0
123,8,1,0,0,0,-112,0
124,8,1,0,0,0,-112,0
125,8,1,0,0,0,-112,0
126,8,1,0,0,0,-112,0
127,8,1,0,0,0,-112,0
128,8,1,0,0,0,-112,0
129,8,1,0,0,0,-112,0
130,8,1,0,0,0,-112,0
131,8,1,0,0,0,-112,0
132,8,1,0,0,0,-112,0
133,8,1,0,0,0,-112,0
134,8,1,0,0,0,-112,0
135,8,2,0,0,0,-112,0
136,8,2,0,0,0,-112,0
137,8,2,0,0,0,-112,0
138,8,2,0,0,0,-112,0
139,8,2,0,0,0,-112,0
140,7,2,0,0,0,-112,0
141,7,2,0,0,0,-112,0
142,6,2,0,0,0,-112,0
143,6,2,0,0,0,-112,0
144,6,2,0,0,0,-112,0
145,6,3,0,0,0,-112,0
146,5,3,0,0,0,-112,0
147,5,3,0,0,0,-112,0
148,5,3,0,0,0,-112,0
149,5,3,0,0,0,-112,0
150,4,3,0,0,0,-112,0
151,4,3,0,0,0,-112,0
152,3,3,0,0,0,-112,0
153,3,4,0,0,0,-112,0
154,3,4,0,0,0,-112,0
155,3,4,0,0,0,-112,0
156,3,4,0,0,0,-112,0
157,2,4,0,0,0,-112,0
158,2,4,0,0,0,-112,0
159,2,4,0,0,0,-112,0
160,2,4,0,0,0,-112,0
161,1,4,0,0,0,-112,0
162,1,4,0,0,0,-112,0
163,1,4,0,0,0,-112,0
164,0,4,0,0,0,-112,0
165,0,4,0,0,0,-112,0
166,0,4,0,0,0,-112,0
167,0,4,0,0,0,-112,0
168,0,4,0,0,0,-112,0
169,-1,4,0,0,0,-112,0
170,-1,4,0,0,0,-112,0
171,-1,4,0,0,0,-112,0
172,-2,4,0,0,0,-112,0
173,-2,4,0,0,0,-112,0
174,-2,4,0,0,0,-112,0
175,-3,4,0,0,0,-112,0
176,-3,4,0,0,0,-112,0
177,-3,4,0,0,0,-112,0
178,-3,4,0,0,0,-112,0
179,-4,4,0,0,0,-112,0
180,-4,3,0,0,0,-112,0
181,-4,3,0,0,0,-112,0
182,-4,3,0,0,0,-112,0
183,-4,3,0,0,0,-112,0
184,-5,3,0,0,0,-112,0
185,-5,3,0,0,0,-112,0
186,-5,3,0,0,0,-112,0
187,-6,3,0,0,0,-112,0
188,-6,3,0,0,0,-112,0
189,-6,3,0,0,0,-112,0
190,-6,3,0,0,0,-112,0
191,-6,3,0,0,0,-112,0
192,-7,3,0,0,0,-112,0
193,-7,2,0,0,0,-112,0
194,-7,2,0,0,0,-112,0
195,-7,2,0,0,0,-112,0
196,-7,2,0,0,0,-112,0
197,-7,2,0,0,0,-112,0
198,-8,2,0,0,0,-112,0
199,-8,2,0,0,0,-112,0
200,-8,2,0,0,0,-112,0
201,-8,1,0,0,0,-112,0
202,-8,1,0,0,0,-112,0
203,-8,1,0,0,0,-112,0
204,-8,1,0,0,0,-112,0
205,-8,1,0,0,0,-112,0
206,-8,1,0,0,0,-112,0
207,-8,1,0,0,0,-112,0
208,-8,1,0,0,0,-112,0
209,-8,1,0,0,0,-112,0
210,-8,1,0,0,0,-112,0
211,-8,1,0,0,0,-112,0
212,-8,1,0,0,0,-112,0
213,-7,0,0,0,0,-112,0
214,-7,0,0,0,0,-112,0
215,-7,0,0,0,0,-112,0
216,-7,0,0,0,0,-112,0
217,-7,0,0,0,0,-112,0
218,-6,0,0,0,0,-112,0
219,-6,0,0,0,0,-112,0
220,-6,0,0,0,0,-112,0
221,-6,0,0,0,0,-112,0
222,-6,0,0,0,0,-112,0
223,-5,0,0,0,0,-112,0
224,-5,1,0,0,0,-112,0
225,-5,1,0,0,0,-112,0
226,-4,1,0,0,0,-112,0
227,-4,1,0,0,0,-112,0
228,-4,1,0,0,0,-112,0
229,-3,1,0,0,0,-112,0
230,-3,1,0,0,0,-112,0
231,-3,1,0,0,0,-112,0
232,-3,1,0,0,0,-112,0
233,-3,1,0,0,0,-112,0
234,-2,1,0,0,0,-112,0
235,-2,1,0,0,0,-112,0
236,-2,1,0,0,0,-112,0
237,-2,1,0,0,0,-112,0
238,-2,1,0,0,0,-112,0
239,-1,1,0,0,0,-112,0
240,-1,1,0,0,0,-112,0
241,0,2,0,0,0,-112,0
242,0,2,0,0,0,-112,0
243,0,2,0,0,0,-112,0
244,0,2,0,0,0,-112,0
245,0,2,0,0,0,-112,0
246,1,2,0,0,0,-112,0
247,1,2,0,0,0,-112,0
248,1,2,0,0,0,-112,0
249,1,2,0,0,0,-112,0
250,1,2,0,0,0,-112,0
251,2,2,0,0,0,-112,0
252,2,2,0,0,0,-112,0
253,2,2,0,0,0,-112,0
254,3,2,0,0,0,-112,0
255,3,2,0,0,0,-112,0
256,4,2,0,0,0,-112,0
257,4,2,0,0,0,-112,0
258,5,2,0,0,0,-112,0
259,5,2,0,0,0,-112,0
260,5,2,0,0,0,-112,0
261,5,2,0,0,0,-112,0
262,5,2,0,0,0,-112,0
263,5,2,0,0,0,-112,0
264,5,2,0,0,0,-112,0
265,6,2,0,0,0,-112,0
266,6,2,0,0,0,-112,0
267,6,2,0,0,0,-112,0
268,6,2,0,0,0,-112,0
269,6,1,0,0,0,-112,0
270,6,1,0,0,0,-112,0
