t,x,y,fh,fv,r,s,frame:
0,-2,-3,0,0,0,-144,0
1,-2,-3,0,0,0,-144,0
2,-2,-3,0,0,0,-144,0
3,-2,-3,0,0,0,-144,0
4,-2,-3,0,0,0,-144,0
5,-2,-3,0,0,0,-138,0
6,-2,-3,0,0,0,-132,0
7,-2,-3,0,0,0,-126,0
8,-2,-3,0,0,0,-120,0
9,-2,-3,0,0,0,-114,0
10,-2,-3,0,0,0,-108,0
11,-2,-3,0,0,0,-102,0
12,-2,-3,0,0,0,-96,0
13,-2,-3,0,0,0,-90,0
14,-2,-3,0,0,0,-84,0
15,-2,-3,0,0,0,-78,0
16,-2,-3,0,0,0,-72,0
17,-2,-3,0,0,0,-66,0
18,-2,-3,0,0,0,-60,0
19,-2,-3,0,0,0,-54,0
20,-2,-3,0,0,0,-48,0
21,-2,-3,0,0,0,-42,0
22,-2,-3,0,0,0,-36,0
23,-2,-3,0,0,0,-30,0
24,-2,-3,0,0,0,-24,0
25,-2,-3,0,0,0,-18,0
26,-2,-3,0,0,0,-12,0
27,-2,-3,0,0,0,-6,0
28,-2,-3,0,0,0,0,0
29,-2,-3,0,0,0,6,0
30,-2,-3,0,0,0,12,0
31,-2,-3,0,0,0,18,0
32,-2,-3,0,0,0,24,0
33,-2,-3,0,0,0,30,0
34,-2,-3,0,0,0,36,0
35,-2,-3,0,0,0,42,0
36,-2,-3,0,0,0,48,0
37,-2,-3,0,0,0,54,0
38,-2,-3,0,0,0,60,0
39,-2,-3,0,0,0,66,0
40,-2,-3,0,0,0,72,0
41,-2,-3,0,0,0,78,0
42,-2,-3,0,0,0,84,0
43,-2,-3,0,0,0,90,0
44,-2,-3,0,0,0,96,0
45,-2,-3,0,0,0,102,0
46,-2,-3,0,0,0,108,0
47,-2,-3,0,0,0,114,0
48,-2,-3,0,0,0,120,0
49,-2,-3,0,0,0,126,0
50,-2,-3,0,0,0,132,0
51,-2,-3,0,0,0,138,0
52,-2,-3,0,0,0,144,0
53,-2,-3,0,0,0,150,0
54,-2,-3,0,0,0,156,0
55,-2,-3,0,0,0,162,0
56,-2,-3,0,0,0,168,0
57,-2,-3,0,0,0,174,0
58,-2,-3,0,0,0,180,0
59,-2,-3,0,0,0,186,0
60,-2,-3,0,0,0,186,0
61,-2,-3,0,0,0,186,0
62,-2,-3,0,0,0,186,0
63,-2,-3,0,0,0,186,0
64,-2,-3,0,0,0,186,0
65,-2,-3,0,0,0,186,0
66,-2,-3,0,0,0,186,0
67,-2,-3,0,0,0,186,0
68,-2,-3,0,0,0,186,0
69,-2,-3,0,0,0,186,0
70,-2,-3,0,0,0,186,0
71,-2,-3,0,0,0,186,0
72,-2,-3,0,0,0,186,0
73,-2,-3,0,0,0,186,0
74,-2,-3,0,0,0,186,0
75,-2,-3,0,0,0,186,0
76,-2,-3,0,0,0,186,0
77,-2,-3,0,0,0,186,0
78,-2,-3,0,0,0,186,0
79,-2,-3,0,0,0,186,0
80,-2,-3,0,0,0,186,0
81,-2,-3,0,0,0,186,0
82,-2,-3,0,0,0,186,0
83,-2,-3,0,0,0,186,0
84,-2,-3,0,0,0,186,0
85,-2,-3,0,0,0,186,0
86,-2,-3,0,0,0,186,0
87,-2,-3,0,0,0,186,0
88,-2,-3,0,0,0,186,0
89,-2,-3,0,0,0,186,0
90,-2,-3,0,0,0,186,0
91,-2,-3,0,0,0,186,0
92,-2,-3,0,0,0,186,0
93,-2,-3,0,0,0,186,0
94,-2,-3,0,0,0,186,0
95,-2,-3,0,0,0,186,0
96,-2,-3,0,0,0,186,0
97,-2,-3,0,0,0,186,0
98,-2,-3,0,0,0,186,0
99,-2,-3,0,0,0,186,0
100,-2,-3,0,0,0,186,0
101,-2,-3,0,0,0,186,0
102,-2,-3,0,0,0,186,0
103,-2,-3,0,0,0,186,0
104,-2,-3,0,0,0,186,0
105,-2,-3,0,0,0,186,0
106,-2,-3,0,0,0,186,0
107,-2,-3,0,0,0,186,0
108,-2,-3,0,0,0,186,0
109,-2,-3,0,0,0,186,0
110,-2,-3,0,0,0,186,0
111,-2,-3,0,0,0,186,0
112,-2,-3,0,0,0,186,0
113,-2,-3,0,0,0,186,0
114,-2,-3,0,0,0,186,0
115,-2,-3,0,0,0,186,0
116,-2,-3,0,0,0,186,0
117,-2,-3,0,0,0,186,0
118,-2,-3,0,0,0,186,0
119,-2,-3,0,0,0,186,0
120,-2,-3,0,0,0,186,0
121,-2,-3,0,0,0,186,0
122,-2,-3,0,0,0,186,0
123,-2,-3,0,0,0,186,0
124,-2,-3,0,0,0,186,0
125,-2,-3,0,0,0,186,0
126,-2,-3,0,0,0,186,0
127,-2,-3,0,0,0,186,0
128,-2,-3,0,0,0,186,0
129,-2,-3,0,0,0,186,0
130,-2,-3,0,0,0,186,0
131,-2,-3,0,0,0,186,0
132,-2,-3,0,0,0,186,0
133,-2,-3,0,0,0,186,0
134,-2,-3,0,0,0,186,0
135,-2,-3,0,0,0,186,0
136,-2,-3,0,0,0,186,0
137,-2,-3,0,0,0,186,0
138,-2,-3,0,0,0,186,0
139,-2,-3,0,0,0,186,0
140,-2,-3,0,0,0,186,0
141,-2,-3,0,0,0,186,0
142,-2,-3,0,0,0,186,0
143,-2,-3,0,0,0,186,0
144,-2,-3,0,0,0,186,0
145,-2,-3,0,0,0,186,0
146,-2,-3,0,0,0,186,0
147,-2,-3,0,0,0,186,0
148,-2,-3,0,0,0,186,0
149,-2,-3,0,0,0,186,0
150,-2,-3,0,0,0,186,0
151,-2,-3,0,0,0,186,0
152,-2,-3,0,0,0,186,0
153,-2,-3,0,0,0,186,0
154,-2,-3,0,0,0,186,0
155,-2,-3,0,0,0,186,0
156,-2,-3,0,0,0,186,0
157,-2,-3,0,0,0,186,0
158,-2,-3,0,0,0,186,0
159,-2,-3,0,0,0,186,0
160,-2,-3,0,0,0,186,0
161,-2,-3,0,0,0,186,0
162,-2,-3,0,0,0,186,0
163,-2,-3,0,0,0,186,0
164,-2,-3,0,0,0,186,0
165,-2,-3,0,0,0,186,0
166,-2,-3,0,0,0,186,0
167,-2,-3,0,0,0,186,0
168,-2,-3,0,0,0,186,0
169,-2,-3,0,0,0,186,0
170,-2,-3,0,0,0,186,0
171,-2,-3,0,0,0,186,0
172,-2,-3,0,0,0,186,0
173,-2,-3,0,0,0,186,0
174,-2,-3,0,0,0,186,0
175,-2,-3,0,0,0,186,0
176,-2,-3,0,0,0,186,0
177,-2,-3,0,0,0,186,0
178,-2,-3,0,0,0,186,0
179,-2,-3,0,0,0,186,0
180,-2,-3,0,0,0,186,0
181,-2,-3,0,0,0,186,0
182,-2,-3,0,0,0,186,0
183,-2,-3,0,0,0,186,0
184,-2,-3,0,0,0,186,0
185,-2,-3,0,0,0,186,0
186,-2,-3,0,0,0,186,0
187,-2,-3,0,0,0,186,0
188,-2,-3,0,0,0,186,0
189,-2,-3,0,0,0,186,0
