t,x,y,fh,fv,r,s,frame:
0,459,75,0,0,0,-82,0
1,459,75,0,0,0,-82,0
2,459,75,0,0,0,-82,0
3,459,75,0,0,0,-82,0
4,459,75,0,0,0,-82,0
5,459,75,0,0,0,-82,0
6,459,75,0,0,0,-82,0
7,459,75,0,0,0,-82,0
8,459,75,0,0,0,-82,0
9,457,72,0,0,0,-82,0
10,455,70,0,0,0,-82,0
11,451,66,0,0,0,-82,0
12,448,64,0,0,0,-82,0
13,444,62,0,0,0,-82,0
14,442,61,0,0,0,-82,0
15,441,61,0,0,0,-82,0
16,439,61,0,0,0,-82,0
17,437,61,0,0,0,-82,0
18,435,61,0,0,0,-82,0
19,433,62,0,0,0,-82,0
20,429,67,0,0,0,-82,0
21,425,71,0,0,0,-82,0
22,421,75,0,0,0,-82,0
23,417,77,0,0,0,-82,0
24,415,79,0,0,0,-82,0
25,415,79,0,0,0,-82,0
26,415,79,0,0,0,-82,0
27,415,79,0,0,0,-82,0
28,415,79,0,0,0,-82,0
29,415,79,0,0,0,-82,0
30,415,79,0,0,0,-82,0
31,415,79,0,0,0,-82,0
32,413,78,0,0,0,-82,0
33,410,75,0,0,0,-82,0
34,407,72,0,0,0,-82,0
35,404,70,0,0,0,-82,0
36,403,69,0,0,0,-82,0
37,402,68,0,0,0,-82,0
38,401,68,0,0,0,-82,0
39,401,68,0,0,0,-82,0
40,401,68,0,0,0,-82,0
41,401,68,0,0,0,-82,0
42,399,69,0,0,0,-82,0
43,398,70,0,0,0,-82,0
44,397,70,0,0,0,-82,0
45,395,70,0,0,0,-82,0
46,392,71,0,0,0,-82,0
47,390,72,0,0,0,-82,0
48,389,73,0,0,0,-82,0
49,389,73,0,0,0,-82,0
50,388,73,0,0,0,-82,0
51,386,75,0,0,0,-82,0
52,383,77,0,0,0,-82,0
53,381,79,0,0,0,-82,0
54,380,80,0,0,0,-82,0
55,380,80,0,0,0,-82,0
56,380,80,0,0,0,-82,0
57,380,80,0,0,0,-82,0
58,380,80,0,0,0,-82,0
59,377,80,0,0,0,-82,0
60,375,78,0,0,0,-82,0
61,373,75,0,0,0,-82,0
62,371,71,0,0,0,-82,0
63,369,67,0,0,0,-82,0
64,367,63,0,0,0,-82,0
65,366,62,0,0,0,-82,0
66,365,60,0,0,0,-82,0
67,365,59,0,0,0,-82,0
68,364,58,0,0,0,-82,0
69,364,58,0,0,0,-82,0
70,364,58,0,0,0,-82,0
71,364,58,0,0,0,-82,0
72,364,58,0,0,0,-82,0
73,363,58,0,0,0,-82,0
74,361,58,0,0,0,-82,0
75,358,58,0,0,0,-82,0
76,355,60,0,0,0,-82,0
77,352,60,0,0,0,-82,0
78,350,61,0,0,0,-82,0
79,349,61,0,0,0,-82,0
80,348,62,0,0,0,-82,0
81,347,62,0,0,0,-82,0
82,345,64,0,0,0,-82,0
83,343,66,0,0,0,-82,0
84,341,68,0,0,0,-82,0
85,340,69,0,0,0,-82,0
86,339,69,0,0,0,-82,0
87,338,70,0,0,0,-82,0
88,338,71,0,0,0,-82,0
89,336,72,0,0,0,-82,0
90,336,72,0,0,0,-82,0
91,336,72,0,0,0,-82,0
92,336,72,0,0,0,-82,0
93,335,72,0,0,0,-82,0
94,334,73,0,0,0,-82,0
95,333,74,0,0,0,-82,0
96,332,74,0,0,0,-82,0
97,332,75,0,0,0,-82,0
98,331,75,0,0,0,-82,0
99,330,76,0,0,0,-82,0
100,330,76,0,0,0,-82,0
101,330,76,0,0,0,-82,0
102,330,76,0,0,0,-82,0
103,330,76,0,0,0,-82,0
104,330,76,0,0,0,-82,0
105,330,76,0,0,0,-82,0
106,330,76,0,0,0,-82,0
107,330,76,0,0,0,-82,0
108,330,76,0,0,0,-82,0
109,330,76,0,0,0,-82,0
110,330,76,0,0,0,-82,0
111,330,76,0,0,0,-82,0
112,330,76,0,0,0,-82,0
113,330,76,0,0,0,-82,0
114,330,76,0,0,0,-82,0
115,330,76,0,0,0,-82,0
116,330,76,0,0,0,-82,0
117,330,76,0,0,0,-82,0
118,331,76,1,0,0,-82,0
119,331,76,1,0,0,-82,0
120,331,76,1,0,0,-82,0
121,331,76,1,0,0,-82,0
122,331,76,1,0,0,-82,0
123,331,76,1,0,0,-82,0
124,331,76,1,0,0,-82,0
125,332,76,1,0,0,-82,0
126,332,76,1,0,0,-82,0
127,333,75,1,0,0,-82,0
128,333,74,1,0,0,-82,0
129,334,72,1,0,0,-82,0
130,334,69,1,0,0,-82,0
131,335,64,1,0,0,-82,0
132,336,62,1,0,0,-82,0
133,336,60,1,0,0,-82,0
134,337,57,1,0,0,-82,0
135,337,55,1,0,0,-82,0
136,338,54,1,0,0,-82,0
137,339,53,1,0,0,-82,0
138,339,52,1,0,0,-82,0
139,339,52,1,0,0,-82,0
140,339,51,1,0,0,-82,0
141,340,51,1,0,0,-82,0
142,340,50,1,0,0,-82,0
143,341,49,1,0,0,-82,0
144,341,49,1,0,0,-82,0
145,342,48,1,0,0,-82,0
146,342,47,1,0,0,-82,0
147,342,47,1,0,0,-82,0
148,342,47,1,0,0,-82,0
149,342,47,1,0,0,-82,0
150,342,47,1,0,0,-82,0
151,343,47,1,0,0,-82,0
152,345,49,1,0,0,-82,0
153,348,51,1,0,0,-82,0
154,350,54,1,0,0,-82,0
155,353,58,1,0,0,-82,0
156,354,61,1,0,0,-82,0
157,356,65,1,0,0,-82,0
158,357,69,1,0,0,-82,0
159,358,74,1,0,0,-82,0
160,359,78,1,0,0,-82,0
161,360,81,1,0,0,-82,0
162,361,84,1,0,0,-82,0
163,361,86,1,0,0,-82,0
164,362,87,1,0,0,-82,0
165,362,88,1,0,0,-82,0
166,362,88,1,0,0,-82,0
167,362,88,1,0,0,-82,0
168,362,88,1,0,0,-82,0
169,362,88,1,0,0,-82,0
170,364,86,1,0,0,-82,0
171,365,83,1,0,0,-82,0
172,367,79,1,0,0,-82,0
173,368,76,1,0,0,-82,0
174,370,70,1,0,0,-82,0
175,371,67,1,0,0,-82,0
176,372,64,1,0,0,-82,0
177,372,61,1,0,0,-82,0
178,372,58,1,0,0,-82,0
179,373,55,1,0,0,-82,0
180,374,52,1,0,0,-82,0
181,375,49,1,0,0,-82,0
182,376,45,1,0,0,-82,0
183,378,42,1,0,0,-82,0
184,379,39,1,0,0,-82,0
185,380,37,1,0,0,-82,0
186,380,37,1,0,0,-82,0
187,380,37,1,0,0,-82,0
188,380,37,1,0,0,-82,0
189,380,37,1,0,0,-82,0
190,380,37,1,0,0,-82,0
191,382,37,1,0,0,-82,0
192,382,37,1,0,0,-82,0
193,383,38,1,0,0,-82,0
194,385,39,1,0,0,-82,0
195,387,41,1,0,0,-82,0
196,388,43,1,0,0,-82,0
197,389,46,1,0,0,-82,0
198,391,49,1,0,0,-82,0
199,391,52,1,0,0,-82,0
200,392,55,1,0,0,-82,0
201,393,59,1,0,0,-82,0
202,394,63,1,0,0,-82,0
203,394,68,1,0,0,-82,0
204,394,71,1,0,0,-82,0
205,395,75,1,0,0,-82,0
206,396,79,1,0,0,-82,0
207,397,81,1,0,0,-82,0
208,398,82,1,0,0,-82,0
209,398,83,1,0,0,-82,0
210,398,83,1,0,0,-82,0
211,398,83,1,0,0,-82,0
212,398,83,1,0,0,-82,0
213,398,83,1,0,0,-82,0
214,398,83,1,0,0,-82,0
215,398,83,1,0,0,-82,0
216,398,83,1,0,0,-82,0
217,398,81,1,0,0,-82,0
218,400,78,1,0,0,-82,0
219,406,69,1,0,0,-82,0
220,409,63,1,0,0,-82,0
221,411,59,1,0,0,-82,0
222,414,54,1,0,0,-82,0
223,415,51,1,0,0,-82,0
224,418,48,1,0,0,-82,0
225,420,45,1,0,0,-82,0
226,423,43,1,0,0,-82,0
227,424,42,1,0,0,-82,0
228,424,42,1,0,0,-82,0
229,426,41,1,0,0,-82,0
230,426,41,1,0,0,-82,0
231,427,41,1,0,0,-82,0
232,427,40,1,0,0,-82,0
233,429,40,1,0,0,-82,0
234,429,40,1,0,0,-82,0
235,431,40,1,0,0,-82,0
236,432,41,1,0,0,-82,0
237,434,42,1,0,0,-82,0
238,436,44,1,0,0,-82,0
239,438,46,1,0,0,-82,0
240,440,49,1,0,0,-82,0
241,442,51,1,0,0,-82,0
242,443,52,1,0,0,-82,0
243,444,56,1,0,0,-82,0
244,445,58,1,0,0,-82,0
245,446,61,1,0,0,-82,0
246,447,64,1,0,0,-82,0
247,448,66,1,0,0,-82,0
248,449,67,1,0,0,-82,0
249,449,69,1,0,0,-82,0
250,449,69,1,0,0,-82,0
251,450,70,1,0,0,-82,0
252,450,70,1,0,0,-82,0
253,450,70,1,0,0,-82,0
254,450,70,1,0,0,-82,0
255,450,70,1,0,0,-82,0
256,450,70,1,0,0,-82,0
257,450,70,1,0,0,-82,0
258,450,70,1,0,0,-82,0
259,450,70,1,0,0,-82,0
260,450,70,1,0,0,-82,0
261,450,70,1,0,0,-82,0
262,450,70,1,0,0,-82,0
263,450,70,1,0,0,-82,0
264,450,70,1,0,0,-82,0
265,450,70,1,0,0,-82,0
266,451,70,1,0,0,-82,0
267,451,70,1,0,0,-82,0
268,451,70,1,0,0,-82,0
269,451,70,1,0,0,-82,0
270,451,70,1,0,0,-82,0
271,451,70,1,0,0,-82,0
272,451,70,1,0,0,-82,0
273,451,70,1,0,0,-82,0
274,451,70,1,0,0,-82,0
275,451,70,1,0,0,-82,0
276,451,70,1,0,0,-82,0
277,451,70,1,0,0,-82,0
278,451,70,1,0,0,-82,0
279,451,70,1,0,0,-82,0
280,451,70,1,0,0,-82,0
281,451,70,1,0,0,-82,0
282,451,70,1,0,0,-82,0
283,451,70,1,0,0,-82,0
