t,x,y,fh,fv,r,s,frame:
0,513,238,0,0,0,0,0
1,511,238,0,0,0,0,0
2,507,237,0,0,0,0,0
3,497,236,0,0,0,0,0
4,490,235,0,0,0,0,0
5,483,234,0,0,0,0,0
6,479,233,0,0,0,0,0
7,476,233,0,0,0,0,0
8,472,232,0,0,0,0,0
9,470,230,0,0,0,0,0
10,467,230,0,0,0,0,0
11,466,229,0,0,0,0,0
12,465,228,0,0,0,0,0
13,464,227,0,0,0,0,0
14,462,224,0,0,0,0,0
15,459,221,0,0,0,0,0
16,457,217,0,0,0,0,0
17,455,214,0,0,0,0,0
18,455,213,0,0,0,0,0
19,455,213,0,0,0,0,0
20,455,213,0,0,0,0,0
21,455,213,0,0,0,0,0
22,455,213,0,0,0,0,0
23,455,212,0,0,0,0,0
24,455,211,0,0,0,0,0
25,455,210,0,0,0,0,0
26,455,209,0,0,0,0,0
27,455,207,0,0,0,0,0
28,455,206,0,0,0,0,0
29,456,205,0,0,0,0,0
30,456,204,0,0,0,0,0
31,456,203,0,0,0,0,0
32,457,202,0,0,0,0,0
33,458,201,0,0,0,0,0
34,459,200,0,0,0,0,0
35,459,199,0,0,0,0,0
36,460,198,0,0,0,0,0
37,461,198,0,0,0,0,0
38,462,197,0,0,0,0,0
39,463,197,0,0,0,0,0
40,464,196,0,0,0,0,0
41,465,196,0,0,0,0,0
42,465,196,0,0,0,0,0
43,467,195,0,0,0,0,0
44,470,195,0,0,0,0,0
45,474,194,0,0,0,0,0
46,478,193,0,0,0,0,0
47,481,193,0,0,0,0,0
48,482,192,0,0,0,0,0
49,484,192,0,0,0,0,0
50,485,192,0,0,0,0,0
51,486,192,0,0,0,0,0
52,489,192,0,0,0,0,0
53,491,192,0,0,0,0,0
54,492,192,0,0,0,0,0
55,493,192,0,0,0,0,0
56,493,191,0,0,0,0,0
57,494,191,0,0,0,0,0
58,495,190,0,0,0,0,0
59,499,189,0,0,0,0,0
60,501,188,0,0,0,0,0
61,503,187,0,0,0,0,0
62,505,184,0,0,0,0,0
63,509,182,0,0,0,0,0
64,511,180,0,0,0,0,0
65,513,177,0,0,0,0,0
66,514,176,0,0,0,0,0
67,516,174,0,0,0,0,0
68,516,172,0,0,0,0,0
69,517,170,0,0,0,0,0
70,518,168,0,0,0,0,0
71,518,167,0,0,0,0,0
72,518,165,0,0,0,0,0
73,518,164,0,0,0,0,0
74,516,160,0,0,0,0,0
75,515,159,0,0,0,0,0
76,514,158,0,0,0,0,0
77,512,156,0,0,0,0,0
78,509,155,0,0,0,0,0
79,506,154,0,0,0,0,0
80,503,154,0,0,0,0,0
81,498,153,0,0,0,0,0
82,494,152,0,0,0,0,0
83,488,152,0,0,0,0,0
84,482,152,0,0,0,0,0
85,477,152,0,0,0,0,0
86,470,152,0,0,0,0,0
87,465,152,0,0,0,0,0
88,458,153,0,0,0,0,0
89,453,153,0,0,0,0,0
90,444,155,0,0,0,0,0
91,438,156,0,0,0,0,0
92,428,156,0,0,0,0,0
93,422,158,0,0,0,0,0
94,415,158,0,0,0,0,0
95,405,159,0,0,0,0,0
96,396,160,0,0,0,0,0
97,387,162,0,0,0,0,0
98,375,164,0,0,0,0,0
99,361,166,0,0,0,0,0
100,349,167,0,0,0,0,0
101,338,167,0,0,0,0,0
102,323,169,0,0,0,0,0
103,312,169,0,0,0,0,0
104,300,171,0,0,0,0,0
105,286,172,0,0,0,0,0
106,273,174,0,0,0,0,0
107,252,175,0,0,0,0,0
108,240,175,0,0,0,0,0
109,225,176,0,0,0,0,0
110,210,176,0,0,0,0,0
111,197,178,0,0,0,0,0
112,183,178,0,0,0,0,0
113,166,178,0,0,0,0,0
114,148,179,0,0,0,0,0
115,132,179,0,0,0,0,0
116,117,179,0,0,0,0,0
117,104,179,0,0,0,0,0
118,92,179,0,0,0,0,0
119,78,179,0,0,0,0,0
120,68,179,0,0,0,0,0
121,53,179,0,0,0,0,0
122,39,179,0,0,0,0,0
123,21,179,0,0,0,0,0
124,6,179,0,0,0,0,0
125,-8,179,0,0,0,0,0
126,-18,179,0,0,0,0,0
127,-31,179,0,0,0,0,0
128,-41,179,0,0,0,0,0
129,-55,179,0,0,0,0,0
130,-69,179,0,0,0,0,0
131,-86,179,0,0,0,0,0
132,-99,179,0,0,0,0,0
133,-114,179,0,0,0,0,0
134,-138,178,0,0,0,0,0
135,-148,176,0,0,0,0,0
136,-158,176,0,0,0,0,0
137,-181,176,0,0,0,0,0
138,-197,175,0,0,0,0,0
139,-212,174,0,0,0,0,0
140,-230,172,0,0,0,0,0
141,-244,171,0,0,0,0,0
142,-260,169,0,0,0,0,0
143,-281,167,0,0,0,0,0
144,-299,165,0,0,0,0,0
145,-316,162,0,0,0,0,0
146,-338,158,0,0,0,0,0
147,-356,155,0,0,0,0,0
148,-371,151,0,0,0,0,0
149,-385,146,0,0,0,0,0
150,-399,141,0,0,0,0,0
151,-412,134,0,0,0,0,0
152,-424,128,0,0,0,0,0
153,-434,124,0,0,0,0,0
154,-442,122,0,0,0,0,0
155,-453,116,0,0,0,0,0
156,-458,111,0,0,0,0,0
157,-464,108,0,0,0,0,0
158,-470,104,0,0,0,0,0
159,-475,101,0,0,0,0,0
160,-478,99,0,0,0,0,0
161,-480,96,0,0,0,0,0
162,-483,93,0,0,0,0,0
163,-484,91,0,0,0,0,0
164,-486,88,0,0,0,0,0
165,-488,86,0,0,0,0,0
166,-490,84,0,0,0,0,0
167,-492,82,0,0,0,0,0
168,-493,81,0,0,0,0,0
169,-494,79,0,0,0,0,0
170,-494,78,0,0,0,0,0
171,-494,77,0,0,0,0,0
172,-495,76,0,0,0,0,0
173,-496,75,0,0,0,0,0
174,-496,73,0,0,0,0,0
175,-498,70,0,0,0,0,0
176,-499,67,0,0,0,0,0
177,-499,65,0,0,0,0,0
178,-500,63,0,0,0,0,0
179,-501,59,0,0,0,0,0
180,-501,55,0,0,0,0,0
181,-502,52,0,0,0,0,0
182,-502,51,0,0,0,0,0
183,-503,49,0,0,0,0,0
184,-503,49,0,0,0,0,0
185,-503,48,0,0,0,0,0
186,-503,47,0,0,0,0,0
187,-503,45,0,0,0,0,0
188,-503,43,0,0,0,0,0
189,-503,42,0,0,0,0,0
190,-503,40,0,0,0,0,0
191,-503,38,0,0,0,0,0
192,-503,37,0,0,0,0,0
193,-503,37,0,0,0,0,0
194,-502,35,0,0,0,0,0
195,-501,33,0,0,0,0,0
196,-500,31,0,0,0,0,0
197,-499,29,0,0,0,0,0
198,-497,26,0,0,0,0,0
199,-495,24,0,0,0,0,0
200,-493,22,0,0,0,0,0
201,-492,20,0,0,0,0,0
202,-489,17,0,0,0,0,0
203,-487,14,0,0,0,0,0
204,-485,12,0,0,0,0,0
205,-484,9,0,0,0,0,0
206,-482,7,0,0,0,0,0
207,-481,5,0,0,0,0,0
208,-479,3,0,0,0,0,0
209,-478,1,0,0,0,0,0
210,-477,0,0,0,0,0,0
211,-475,-4,0,0,0,0,0
212,-473,-7,1,0,0,0,0
213,-471,-9,1,0,0,0,0
214,-468,-12,1,0,0,0,0
215,-466,-16,1,0,0,0,0
216,-464,-20,1,0,0,0,0
217,-462,-24,1,0,0,0,0
218,-461,-26,1,0,0,0,0
219,-460,-30,1,0,0,0,0
220,-459,-33,1,0,0,0,0
221,-459,-35,1,0,0,0,0
222,-458,-38,1,0,0,0,0
223,-458,-40,1,0,0,0,0
224,-458,-42,1,0,0,0,0
225,-458,-47,1,0,0,0,0
226,-458,-51,1,0,0,0,0
227,-460,-55,1,0,0,0,0
228,-460,-56,1,0,0,0,0
229,-461,-58,1,0,0,0,0
230,-461,-60,1,0,0,0,0
231,-461,-62,1,0,0,0,0
232,-462,-64,1,0,0,0,0
233,-462,-66,1,0,0,0,0
234,-463,-69,1,0,0,0,0
235,-464,-70,1,0,0,0,0
236,-464,-72,1,0,0,0,0
237,-464,-72,1,0,0,0,0
238,-464,-73,1,0,0,0,0
239,-465,-74,1,0,0,0,0
240,-466,-75,1,0,0,0,0
241,-467,-76,1,0,0,0,0
242,-467,-77,1,0,0,0,0
243,-468,-78,1,0,0,0,0
244,-468,-78,1,0,0,0,0
245,-470,-80,1,0,0,0,0
246,-473,-83,1,0,0,0,0
247,-476,-85,1,0,0,0,0
248,-478,-87,1,0,0,0,0
249,-480,-89,1,0,0,0,0
250,-481,-90,1,0,0,0,0
251,-482,-91,1,0,0,0,0
252,-484,-92,1,0,0,0,0
253,-486,-95,1,0,0,0,0
254,-488,-98,1,0,0,0,0
255,-489,-100,1,0,0,0,0
256,-491,-102,1,0,0,0,0
257,-492,-104,1,0,0,0,0
258,-493,-106,1,0,0,0,0
259,-493,-108,1,0,0,0,0
260,-494,-110,1,0,0,0,0
261,-495,-112,1,0,0,0,0
262,-495,-112,1,0,0,0,0
263,-495,-114,1,0,0,0,0
264,-495,-114,1,0,0,0,0
265,-495,-114,1,0,0,0,0
266,-495,-114,1,0,0,0,0
267,-495,-114,1,0,0,0,0
268,-495,-114,1,0,0,0,0
269,-495,-114,1,0,0,0,0
270,-495,-115,1,0,0,0,0
271,-495,-115,1,0,0,0,0
272,-495,-116,1,0,0,0,0
273,-494,-117,1,0,0,0,0
274,-493,-119,1,0,0,0,0
275,-492,-121,1,0,0,0,0
276,-491,-121,1,0,0,0,0
277,-488,-125,1,0,0,0,0
278,-487,-127,1,0,0,0,0
279,-485,-129,1,0,0,0,0
280,-484,-130,1,0,0,0,0
281,-481,-132,1,0,0,0,0
282,-478,-136,1,0,0,0,0
283,-473,-140,1,0,0,0,0
284,-469,-143,1,0,0,0,0
285,-465,-146,1,0,0,0,0
286,-460,-149,1,0,0,0,0
287,-455,-151,1,0,0,0,0
288,-451,-153,1,0,0,0,0
289,-447,-155,1,0,0,0,0
290,-443,-157,1,0,0,0,0
291,-438,-158,1,0,0,0,0
292,-433,-159,1,0,0,0,0
293,-426,-160,1,0,0,0,0
294,-422,-160,1,0,0,0,0
295,-417,-161,1,0,0,0,0
296,-413,-162,1,0,0,0,0
297,-408,-162,1,0,0,0,0
298,-402,-162,1,0,0,0,0
299,-394,-163,1,0,0,0,0
300,-390,-163,1,0,0,0,0
301,-375,-163,1,0,0,0,0
302,-368,-163,1,0,0,0,0
303,-360,-163,1,0,0,0,0
304,-351,-163,1,0,0,0,0
305,-340,-163,1,0,0,0,0
306,-327,-163,1,0,0,0,0
307,-316,-163,1,0,0,0,0
308,-303,-163,1,0,0,0,0
309,-287,-163,1,0,0,0,0
310,-271,-163,1,0,0,0,0
311,-246,-163,1,0,0,0,0
312,-228,-163,1,0,0,0,0
313,-206,-163,1,0,0,0,0
314,-188,-163,1,0,0,0,0
315,-171,-163,1,0,0,0,0
316,-160,-163,1,0,0,0,0
317,-131,-164,1,0,0,0,0
318,-112,-166,1,0,0,0,0
319,-97,-166,1,0,0,0,0
320,-79,-166,1,0,0,0,0
321,-64,-166,1,0,0,0,0
322,-56,-166,1,0,0,0,0
323,-56,-166,1,0,0,0,0
324,-39,-166,1,0,0,0,0
325,-2,-164,1,0,0,0,0
326,13,-163,1,0,0,0,0
327,23,-163,1,0,0,0,0
328,40,-163,1,0,0,0,0
329,55,-161,1,0,0,0,0
330,80,-161,1,0,0,0,0
331,82,-160,1,0,0,0,0
332,100,-159,1,0,0,0,0
333,126,-157,1,0,0,0,0
334,134,-156,1,0,0,0,0
335,159,-153,1,0,0,0,0
336,175,-153,1,0,0,0,0
337,188,-153,1,0,0,0,0
338,203,-153,1,0,0,0,0
339,216,-153,1,0,0,0,0
340,230,-153,1,0,0,0,0
341,242,-153,1,0,0,0,0
342,251,-154,1,0,0,0,0
343,260,-154,1,0,0,0,0
344,271,-157,1,0,0,0,0
345,279,-158,1,0,0,0,0
346,292,-160,1,0,0,0,0
347,303,-163,1,0,0,0,0
348,314,-164,1,0,0,0,0
349,327,-164,1,0,0,0,0
350,338,-164,1,0,0,0,0
351,343,-164,1,0,0,0,0
352,348,-164,1,0,0,0,0
353,349,-164,1,0,0,0,0
354,349,-164,1,0,0,0,0
355,350,-164,1,0,0,0,0
356,354,-164,1,0,0,0,0
357,360,-163,1,0,0,0,0
358,370,-161,1,0,0,0,0
359,380,-160,1,0,0,0,0
360,391,-157,1,0,0,0,0
361,399,-155,1,0,0,0,0
362,412,-151,1,0,0,0,0
363,416,-148,1,0,0,0,0
364,421,-147,1,0,0,0,0
365,423,-146,1,0,0,0,0
366,425,-145,1,0,0,0,0
367,428,-143,1,0,0,0,0
368,429,-142,1,0,0,0,0
369,431,-141,1,0,0,0,0
370,434,-139,1,0,0,0,0
371,437,-137,1,0,0,0,0
372,438,-136,1,0,0,0,0
373,440,-135,1,0,0,0,0
374,441,-132,1,0,0,0,0
375,443,-130,1,0,0,0,0
376,444,-128,1,0,0,0,0
377,445,-126,1,0,0,0,0
378,445,-125,1,0,0,0,0
379,445,-124,1,0,0,0,0
380,445,-122,1,0,0,0,0
381,445,-122,1,0,0,0,0
382,445,-121,1,0,0,0,0
383,444,-119,1,0,0,0,0
384,443,-118,1,0,0,0,0
385,442,-117,1,0,0,0,0
386,441,-115,1,0,0,0,0
387,438,-113,1,0,0,0,0
388,437,-112,1,0,0,0,0
389,433,-109,1,0,0,0,0
390,430,-107,1,0,0,0,0
391,429,-106,1,0,0,0,0
392,429,-106,1,0,0,0,0
393,427,-105,1,0,0,0,0
394,426,-104,1,0,0,0,0
395,424,-103,1,0,0,0,0
396,423,-103,1,0,0,0,0
397,422,-101,1,0,0,0,0
398,421,-101,1,0,0,0,0
399,420,-100,1,0,0,0,0
400,419,-99,1,0,0,0,0
401,418,-98,1,0,0,0,0
402,418,-97,1,0,0,0,0
403,417,-95,1,0,0,0,0
404,416,-94,1,0,0,0,0
405,415,-92,1,0,0,0,0
406,415,-92,1,0,0,0,0
407,414,-91,1,0,0,0,0
408,414,-91,1,0,0,0,0
409,414,-90,1,0,0,0,0
410,414,-89,1,0,0,0,0
411,414,-88,1,0,0,0,0
412,414,-87,1,0,0,0,0
413,414,-86,1,0,0,0,0
414,415,-85,1,0,0,0,0
415,415,-84,1,0,0,0,0
416,417,-83,1,0,0,0,0
417,420,-81,1,0,0,0,0
418,422,-79,1,0,0,0,0
419,424,-78,1,0,0,0,0
420,427,-77,1,0,0,0,0
421,432,-75,1,0,0,0,0
422,438,-74,1,0,0,0,0
423,445,-72,1,0,0,0,0
424,452,-71,1,0,0,0,0
425,459,-69,1,0,0,0,0
426,466,-67,1,0,0,0,0
427,467,-67,1,0,0,0,0
428,468,-66,1,0,0,0,0
429,471,-65,1,0,0,0,0
430,473,-64,1,0,0,0,0
431,475,-63,1,0,0,0,0
432,475,-63,1,0,0,0,0
433,475,-63,1,0,0,0,0
434,477,-63,1,0,0,0,0
435,481,-61,1,0,0,0,0
436,485,-59,1,0,0,0,0
437,491,-56,1,0,0,0,0
438,497,-54,1,0,0,0,0
439,504,-52,1,0,0,0,0
440,508,-49,1,0,0,0,0
441,510,-48,1,0,0,0,0
442,511,-48,1,0,0,0,0
443,511,-48,1,0,0,0,0
444,511,-48,1,0,0,0,0
445,511,-48,1,0,0,0,0
446,511,-48,1,0,0,0,0
447,511,-48,1,0,0,0,0
448,511,-48,1,0,0,0,0
449,511,-48,1,0,0,0,0
450,512,-46,1,0,0,0,0
451,512,-45,1,0,0,0,0
452,513,-43,1,0,0,0,0
453,514,-42,1,0,0,0,0
454,514,-41,1,0,0,0,0
455,514,-40,1,0,0,0,0
456,514,-39,1,0,0,0,0
457,514,-39,1,0,0,0,0
458,514,-38,1,0,0,0,0
459,514,-37,1,0,0,0,0
460,514,-35,1,0,0,0,0
461,514,-34,1,0,0,0,0
462,514,-33,1,0,0,0,0
463,514,-32,1,0,0,0,0
464,514,-31,1,0,0,0,0
465,514,-30,1,0,0,0,0
466,514,-28,1,0,0,0,0
467,514,-26,1,0,0,0,0
468,514,-24,1,0,0,0,0
469,514,-22,1,0,0,0,0
470,514,-21,1,0,0,0,0
471,515,-19,1,0,0,0,0
472,515,-17,1,0,0,0,0
473,515,-15,1,0,0,0,0
474,515,-13,1,0,0,0,0
475,515,-11,1,0,0,0,0
476,515,-9,1,0,0,0,0
477,515,-7,1,0,0,0,0
478,515,-5,1,0,0,0,0
479,515,-1,1,0,0,0,0
480,515,2,1,0,0,0,0
481,515,4,1,0,0,0,0
482,515,6,1,0,0,0,0
483,515,7,1,0,0,0,0
484,515,10,1,0,0,0,0
485,515,12,1,0,0,0,0
486,515,14,1,0,0,0,0
487,515,16,1,0,0,0,0
488,515,18,0,0,0,0,0
489,514,22,0,0,0,0,0
490,513,26,0,0,0,0,0
491,512,30,0,0,0,0,0
492,510,34,0,0,0,0,0
493,508,38,0,0,0,0,0
494,505,42,0,0,0,0,0
495,502,46,0,0,0,0,0
496,501,48,0,0,0,0,0
497,500,49,0,0,0,0,0
498,498,51,0,0,0,0,0
499,495,54,0,0,0,0,0
500,491,57,0,0,0,0,0
501,487,59,0,0,0,0,0
502,482,62,0,0,0,0,0
503,479,64,0,0,0,0,0
504,475,66,0,0,0,0,0
505,471,68,0,0,0,0,0
506,467,69,0,0,0,0,0
507,464,70,0,0,0,0,0
508,461,71,0,0,0,0,0
509,458,72,0,0,0,0,0
510,454,74,0,0,0,0,0
511,449,75,0,0,0,0,0
512,445,77,0,0,0,0,0
513,442,77,0,0,0,0,0
514,439,78,0,0,0,0,0
515,436,79,0,0,0,0,0
516,430,80,0,0,0,0,0
517,424,81,0,0,0,0,0
518,418,83,0,0,0,0,0
519,412,83,0,0,0,0,0
520,405,85,0,0,0,0,0
521,401,85,0,0,0,0,0
522,397,86,0,0,0,0,0
523,396,86,0,0,0,0,0
524,395,86,0,0,0,0,0
525,393,87,0,0,0,0,0
526,388,87,0,0,0,0,0
527,377,88,0,0,0,0,0
528,369,88,0,0,0,0,0
529,361,88,0,0,0,0,0
530,353,89,0,0,0,0,0
531,346,89,0,0,0,0,0
532,340,90,0,0,0,0,0
533,331,90,0,0,0,0,0
534,322,90,0,0,0,0,0
535,310,90,0,0,0,0,0
536,297,90,0,0,0,0,0
537,285,90,0,0,0,0,0
538,272,90,0,0,0,0,0
539,250,90,0,0,0,0,0
540,238,90,0,0,0,0,0
541,225,90,0,0,0,0,0
542,211,90,0,0,0,0,0
543,197,90,0,0,0,0,0
544,180,90,0,0,0,0,0
545,164,90,0,0,0,0,0
546,149,91,0,0,0,0,0
547,129,91,0,0,0,0,0
548,112,91,0,0,0,0,0
549,89,91,0,0,0,0,0
550,72,91,0,0,0,0,0
551,51,91,0,0,0,0,0
552,34,91,0,0,0,0,0
553,16,91,0,0,0,0,0
554,-5,91,0,0,0,0,0
555,-23,91,0,0,0,0,0
556,-41,91,0,0,0,0,0
557,-61,91,0,0,0,0,0
558,-80,90,0,0,0,0,0
559,-114,90,0,0,0,0,0
560,-132,90,0,0,0,0,0
561,-151,88,0,0,0,0,0
562,-167,88,0,0,0,0,0
563,-182,88,0,0,0,0,0
564,-205,87,0,0,0,0,0
565,-223,87,0,0,0,0,0
566,-238,87,0,0,0,0,0
567,-254,85,0,0,0,0,0
568,-267,84,0,0,0,0,0
569,-276,83,0,0,0,0,0
570,-286,83,0,0,0,0,0
571,-296,83,0,0,0,0,0
572,-311,83,0,0,0,0,0
573,-323,82,0,0,0,0,0
574,-338,82,0,0,0,0,0
575,-347,82,0,0,0,0,0
576,-360,80,0,0,0,0,0
577,-371,80,0,0,0,0,0
578,-377,80,0,0,0,0,0
579,-387,80,0,0,0,0,0
580,-394,80,0,0,0,0,0
581,-399,80,0,0,0,0,0
582,-409,83,0,0,0,0,0
583,-417,84,0,0,0,0,0
584,-424,86,0,0,0,0,0
585,-432,87,0,0,0,0,0
586,-436,88,0,0,0,0,0
587,-438,88,0,0,0,0,0
588,-440,89,0,0,0,0,0
589,-443,90,0,0,0,0,0
590,-445,90,0,0,0,0,0
591,-448,91,0,0,0,0,0
592,-451,92,0,0,0,0,0
593,-455,93,0,0,0,0,0
594,-461,94,0,0,0,0,0
595,-467,96,0,0,0,0,0
596,-474,99,0,0,0,0,0
597,-477,100,0,0,0,0,0
598,-480,102,0,0,0,0,0
599,-482,103,0,0,0,0,0
600,-485,104,0,0,0,0,0
601,-487,105,0,0,0,0,0
602,-489,107,0,0,0,0,0
603,-491,108,0,0,0,0,0
604,-493,110,0,0,0,0,0
605,-496,112,0,0,0,0,0
606,-499,114,0,0,0,0,0
607,-502,116,0,0,0,0,0
608,-505,118,0,0,0,0,0
609,-507,120,0,0,0,0,0
610,-509,121,0,0,0,0,0
611,-513,124,0,0,0,0,0
612,-517,126,0,0,0,0,0
613,-518,127,0,0,0,0,0
614,-520,130,0,0,0,0,0
615,-522,131,0,0,0,0,0
616,-524,133,0,0,0,0,0
617,-525,135,0,0,0,0,0
618,-525,136,0,0,0,0,0
619,-526,138,0,0,0,0,0
620,-527,140,0,0,0,0,0
621,-528,142,0,0,0,0,0
622,-528,144,0,0,0,0,0
623,-528,146,0,0,0,0,0
624,-529,148,0,0,0,0,0
625,-529,150,0,0,0,0,0
626,-529,152,0,0,0,0,0
627,-529,153,0,0,0,0,0
628,-529,155,0,0,0,0,0
629,-528,158,0,0,0,0,0
630,-527,160,0,0,0,0,0
631,-527,162,0,0,0,0,0
632,-526,163,0,0,0,0,0
633,-526,164,0,0,0,0,0
634,-525,165,0,0,0,0,0
635,-524,166,0,0,0,0,0
636,-523,168,0,0,0,0,0
637,-522,169,0,0,0,0,0
638,-521,171,0,0,0,0,0
639,-519,172,0,0,0,0,0
640,-518,173,0,0,0,0,0
641,-517,174,0,0,0,0,0
642,-515,176,0,0,0,0,0
643,-512,179,0,0,0,0,0
644,-510,181,0,0,0,0,0
645,-507,183,0,0,0,0,0
646,-505,185,0,0,0,0,0
647,-504,186,0,0,0,0,0
648,-502,188,0,0,0,0,0
649,-501,189,0,0,0,0,0
650,-500,190,0,0,0,0,0
651,-500,190,0,0,0,0,0
652,-499,191,0,0,0,0,0
653,-498,193,0,0,0,0,0
654,-498,194,0,0,0,0,0
655,-497,195,0,0,0,0,0
656,-497,195,0,0,0,0,0
657,-497,195,0,0,0,0,0
658,-497,196,0,0,0,0,0
659,-497,197,0,0,0,0,0
660,-496,199,0,0,0,0,0
661,-496,201,0,0,0,0,0
662,-496,203,0,0,0,0,0
663,-497,206,0,0,0,0,0
664,-498,209,0,0,0,0,0
665,-500,212,0,0,0,0,0
666,-501,213,0,0,0,0,0
667,-502,215,0,0,0,0,0
668,-504,216,0,0,0,0,0
669,-506,218,0,0,0,0,0
670,-508,220,0,0,0,0,0
671,-509,221,0,0,0,0,0
672,-511,224,0,0,0,0,0
673,-514,226,0,0,0,0,0
674,-517,229,0,0,0,0,0
675,-520,231,0,0,0,0,0
676,-521,232,0,0,0,0,0
677,-523,233,0,0,0,0,0
678,-524,235,0,0,0,0,0
679,-525,237,0,0,0,0,0
680,-527,238,0,0,0,0,0
681,-528,239,0,0,0,0,0
682,-529,240,0,0,0,0,0
683,-530,241,0,0,0,0,0
684,-531,242,0,0,0,0,0
685,-532,244,0,0,0,0,0
686,-534,245,0,0,0,0,0
687,-535,246,0,0,0,0,0
688,-536,247,0,0,0,0,0
689,-537,249,0,0,0,0,0
690,-538,251,0,0,0,0,0
691,-539,253,0,0,0,0,0
692,-540,255,0,0,0,0,0
693,-541,257,0,0,0,0,0
694,-542,259,0,0,0,0,0
695,-543,261,0,0,0,0,0
696,-544,263,0,0,0,0,0
697,-544,265,0,0,0,0,0
698,-544,269,0,0,0,0,0
699,-544,273,0,0,0,0,0
700,-544,276,0,0,0,0,0
701,-544,279,0,0,0,0,0
702,-543,282,0,0,0,0,0
703,-542,285,0,0,0,0,0
704,-541,286,0,0,0,0,0
705,-539,290,0,0,0,0,0
706,-537,292,0,0,0,0,0
707,-536,293,0,0,0,0,0
708,-533,296,0,0,0,0,0
709,-530,298,0,0,0,0,0
710,-528,300,0,0,0,0,0
711,-526,301,0,0,0,0,0
712,-523,302,0,0,0,0,0
713,-521,303,0,0,0,0,0
714,-518,305,0,0,0,0,0
715,-515,307,1,0,0,0,0
716,-511,308,1,0,0,0,0
717,-506,309,1,0,0,0,0
718,-501,311,1,0,0,0,0
719,-496,311,1,0,0,0,0
720,-492,312,1,0,0,0,0
721,-486,313,1,0,0,0,0
722,-478,313,1,0,0,0,0
723,-470,314,1,0,0,0,0
724,-463,315,1,0,0,0,0
725,-457,315,1,0,0,0,0
726,-451,316,1,0,0,0,0
727,-447,316,1,0,0,0,0
728,-442,316,1,0,0,0,0
729,-436,316,1,0,0,0,0
730,-429,316,1,0,0,0,0
731,-421,316,1,0,0,0,0
732,-412,316,1,0,0,0,0
733,-400,316,1,0,0,0,0
734,-387,316,1,0,0,0,0
735,-374,316,1,0,0,0,0
736,-353,316,1,0,0,0,0
737,-334,316,1,0,0,0,0
738,-317,316,1,0,0,0,0
739,-301,316,1,0,0,0,0
740,-284,316,1,0,0,0,0
741,-264,317,1,0,0,0,0
742,-252,317,1,0,0,0,0
743,-236,318,1,0,0,0,0
744,-221,320,1,0,0,0,0
745,-203,320,1,0,0,0,0
746,-183,320,1,0,0,0,0
747,-165,321,1,0,0,0,0
748,-145,321,1,0,0,0,0
749,-127,321,1,0,0,0,0
750,-110,321,1,0,0,0,0
751,-93,321,1,0,0,0,0
752,-64,321,1,0,0,0,0
753,-58,321,1,0,0,0,0
754,-47,323,1,0,0,0,0
755,-26,323,1,0,0,0,0
756,-16,323,1,0,0,0,0
757,0,323,1,0,0,0,0
758,15,323,1,0,0,0,0
759,34,324,1,0,0,0,0
760,55,324,1,0,0,0,0
761,71,324,1,0,0,0,0
762,91,324,1,0,0,0,0
763,109,324,1,0,0,0,0
764,122,324,1,0,0,0,0
765,140,325,1,0,0,0,0
766,173,328,1,0,0,0,0
767,187,328,1,0,0,0,0
768,208,328,1,0,0,0,0
769,222,328,1,0,0,0,0
770,236,328,1,0,0,0,0
771,250,330,1,0,0,0,0
772,265,330,1,0,0,0,0
773,279,330,1,0,0,0,0
774,290,330,1,0,0,0,0
775,300,330,1,0,0,0,0
776,308,330,1,0,0,0,0
777,315,330,1,0,0,0,0
778,322,330,1,0,0,0,0
779,332,330,1,0,0,0,0
780,344,330,1,0,0,0,0
781,359,330,1,0,0,0,0
782,378,331,1,0,0,0,0
783,397,331,1,0,0,0,0
784,410,331,1,0,0,0,0
785,424,331,1,0,0,0,0
786,438,331,1,0,0,0,0
787,463,329,1,0,0,0,0
788,468,329,1,0,0,0,0
789,486,328,1,0,0,0,0
790,506,325,1,0,0,0,0
791,514,325,1,0,0,0,0
792,522,323,1,0,0,0,0
793,528,320,1,0,0,0,0
794,533,318,1,0,0,0,0
795,537,316,1,0,0,0,0
796,540,315,1,0,0,0,0
797,544,312,1,0,0,0,0
798,549,310,1,0,0,0,0
799,553,307,1,0,0,0,0
800,555,305,1,0,0,0,0
801,559,303,1,0,0,0,0
802,562,301,1,0,0,0,0
803,565,298,1,0,0,0,0
804,567,297,1,0,0,0,0
805,568,296,1,0,0,0,0
806,568,296,1,0,0,0,0
807,568,296,1,0,0,0,0
808,568,296,1,0,0,0,0
809,571,294,1,0,0,0,0
810,572,292,1,0,0,0,0
811,574,290,1,0,0,0,0
812,576,288,1,0,0,0,0
813,577,287,1,0,0,0,0
814,578,286,1,0,0,0,0
815,578,285,1,0,0,0,0
816,579,284,1,0,0,0,0
817,580,282,1,0,0,0,0
818,581,280,1,0,0,0,0
819,582,279,1,0,0,0,0
820,582,278,1,0,0,0,0
821,582,277,1,0,0,0,0
822,583,276,1,0,0,0,0
823,583,275,1,0,0,0,0
824,584,273,1,0,0,0,0
825,584,271,1,0,0,0,0
826,584,270,1,0,0,0,0
827,585,269,1,0,0,0,0
828,585,268,1,0,0,0,0
829,585,267,1,0,0,0,0
830,585,266,1,0,0,0,0
831,585,265,1,0,0,0,0
832,586,265,1,0,0,0,0
833,586,264,1,0,0,0,0
834,586,264,1,0,0,0,0
835,586,264,1,0,0,0,0
836,586,263,1,0,0,0,0
837,586,263,1,0,0,0,0
838,586,262,1,0,0,0,0
839,586,262,1,0,0,0,0
840,586,261,1,0,0,0,0
841,586,260,1,0,0,0,0
842,586,260,1,0,0,0,0
843,586,259,1,0,0,0,0
844,586,259,1,0,0,0,0
845,586,259,1,0,0,0,0
846,586,258,1,0,0,0,0
847,586,258,1,0,0,0,0
848,586,258,1,0,0,0,0
849,585,257,1,0,0,0,0
850,585,256,1,0,0,0,0
851,584,255,1,0,0,0,0
852,583,254,0,0,0,0,0
853,583,254,0,0,0,0,0
854,583,254,0,0,0,0,0
855,582,253,0,0,0,0,0
856,578,252,0,0,0,0,0
857,575,251,0,0,0,0,0
858,573,251,0,0,0,0,0
859,571,250,0,0,0,0,0
860,567,249,0,0,0,0,0
861,563,249,0,0,0,0,0
862,559,249,0,0,0,0,0
863,558,249,0,0,0,0,0
864,557,248,0,0,0,0,0
865,557,248,0,0,0,0,0
866,557,248,0,0,0,0,0
867,557,248,0,0,0,0,0
868,556,248,0,0,0,0,0
869,551,248,0,0,0,0,0
870,548,247,0,0,0,0,0
871,545,247,0,0,0,0,0
872,543,247,0,0,0,0,0
873,542,246,0,0,0,0,0
874,542,246,0,0,0,0,0
875,541,246,0,0,0,0,0
876,538,245,0,0,0,0,0
877,536,245,0,0,0,0,0
878,534,245,0,0,0,0,0
879,534,244,0,0,0,0,0
880,533,244,0,0,0,0,0
881,530,244,0,0,0,0,0
882,528,243,0,0,0,0,0
883,527,243,0,0,0,0,0
884,527,243,0,0,0,0,0
885,527,243,0,0,0,0,0
886,527,243,0,0,0,0,0
887,526,242,0,0,0,0,0
888,524,242,0,0,0,0,0
889,523,241,0,0,0,0,0
890,523,241,0,0,0,0,0
891,523,241,0,0,0,0,0
892,523,241,0,0,0,0,0
893,522,241,0,0,0,0,0
894,521,240,0,0,0,0,0
895,520,240,0,0,0,0,0
896,519,240,0,0,0,0,0
897,519,240,0,0,0,0,0
898,519,240,0,0,0,0,0
899,519,240,0,0,0,0,0
900,519,240,0,0,0,0,0
901,518,239,0,0,0,0,0
902,518,239,0,0,0,0,0
903,518,239,0,0,0,0,0
904,517,239,0,0,0,0,0
905,515,239,0,0,0,0,0
906,514,239,0,0,0,0,0
907,513,239,0,0,0,0,0
908,513,239,0,0,0,0,0
909,513,239,0,0,0,0,0
910,513,239,0,0,0,0,0
911,513,239,0,0,0,0,0
912,513,239,0,0,0,0,0
913,513,239,0,0,0,0,0
914,513,239,0,0,0,0,0
915,513,239,0,0,0,0,0
916,512,239,0,0,0,0,0
917,511,239,0,0,0,0,0
918,511,239,0,0,0,0,0
919,511,239,0,0,0,0,0
920,511,239,0,0,0,0,0
921,511,239,0,0,0,0,0
922,511,239,0,0,0,0,0
923,511,239,0,0,0,0,0
924,511,239,0,0,0,0,0
925,511,239,0,0,0,0,0
926,511,239,0,0,0,0,0
927,511,239,0,0,0,0,0
928,511,239,0,0,0,0,0
929,511,239,0,0,0,0,0
930,511,239,0,0,0,0,0
931,511,239,0,0,0,0,0
932,511,239,0,0,0,0,0
933,511,239,0,0,0,0,0
934,511,239,0,0,0,0,0
935,511,239,0,0,0,0,0
936,511,239,0,0,0,0,0
937,511,239,0,0,0,0,0
938,511,239,0,0,0,0,0
939,511,239,0,0,0,0,0
940,511,239,0,0,0,0,0
941,511,239,0,0,0,0,0
