t,x,y,fh,fv,r,s,frame:
0,-371,-220,1,0,0,-101,0
1,-371,-220,1,0,0,-101,0
2,-371,-220,1,0,0,-101,0
3,-371,-220,1,0,0,-101,0
4,-371,-220,1,0,0,-101,0
5,-371,-220,1,0,0,-101,0
6,-371,-220,1,0,0,-101,0
7,-371,-220,1,0,0,-101,0
8,-371,-220,1,0,0,-101,0
9,-371,-220,1,0,0,-101,0
10,-371,-220,1,0,0,-101,0
11,-371,-220,1,0,0,-101,0
12,-371,-220,1,0,0,-101,0
13,-371,-220,1,0,0,-101,0
14,-371,-220,1,0,0,-101,0
15,-371,-220,1,0,0,-101,0
16,-371,-220,1,0,0,-101,0
17,-371,-220,1,0,0,-101,0
18,-371,-220,1,0,0,-101,0
19,-371,-220,1,0,0,-101,0
20,-371,-220,1,0,0,-101,0
21,-371,-220,1,0,0,-101,0
22,-371,-220,1,0,0,-101,0
23,-371,-220,1,0,0,-101,0
24,-371,-220,1,0,0,-101,0
25,-371,-220,1,0,0,-101,0
26,-371,-220,1,0,0,-101,0
27,-371,-220,1,0,0,-101,0
28,-371,-220,1,0,0,-101,0
29,-371,-220,1,0,0,-101,0
30,-371,-220,1,0,0,-101,0
31,-371,-220,1,0,0,-101,0
32,-371,-220,1,0,0,-101,0
33,-371,-220,1,0,0,-101,0
34,-371,-220,1,0,0,-101,0
35,-371,-220,1,0,0,-101,0
36,-371,-220,1,0,0,-101,0
37,-371,-220,1,0,0,-101,0
38,-371,-220,1,0,0,-101,0
39,-371,-220,1,0,0,-101,0
40,-371,-220,1,0,0,-101,0
41,-371,-220,1,0,0,-101,0
42,-371,-220,1,0,0,-101,0
43,-371,-220,1,0,0,-101,0
44,-371,-220,1,0,0,-101,0
45,-371,-220,1,0,0,-101,0
46,-371,-220,1,0,0,-101,0
47,-371,-220,1,0,0,-101,0
48,-371,-220,1,0,0,-101,0
49,-371,-220,1,0,0,-101,0
50,-371,-220,1,0,0,-101,0
51,-371,-220,1,0,0,-101,0
52,-371,-220,1,0,0,-101,0
53,-371,-220,1,0,0,-101,0
54,-371,-220,1,0,0,-101,0
55,-371,-220,1,0,0,-101,0
56,-371,-220,1,0,0,-101,0
57,-371,-220,1,0,0,-101,0
58,-371,-220,1,0,0,-101,0
59,-371,-220,1,0,0,-101,0
60,-371,-220,1,0,0,-101,0
61,-371,-220,1,0,0,-101,0
62,-371,-220,1,0,0,-101,0
63,-371,-220,1,0,0,-101,0
64,-371,-220,1,0,0,-101,0
65,-371,-220,1,0,0,-101,0
66,-371,-220,1,0,0,-101,0
67,-371,-220,1,0,0,-101,0
68,-371,-220,1,0,0,-101,0
69,-371,-220,1,0,0,-101,0
70,-371,-220,1,0,0,-101,0
71,-371,-220,1,0,0,-101,0
72,-371,-220,1,0,0,-101,0
73,-371,-220,1,0,0,-101,0
74,-371,-220,1,0,0,-101,0
75,-371,-220,1,0,0,-101,0
76,-371,-220,1,0,0,-101,0
77,-371,-220,1,0,0,-101,0
78,-371,-220,1,0,0,-101,0
79,-371,-220,1,0,0,-101,0
80,-371,-220,1,0,0,-101,0
81,-371,-220,1,0,0,-101,0
82,-371,-220,1,0,0,-101,0
83,-371,-220,1,0,0,-101,0
84,-371,-220,1,0,0,-101,0
85,-371,-220,1,0,0,-101,0
86,-371,-220,1,0,0,-101,0
87,-371,-220,1,0,0,-101,0
88,-371,-220,1,0,0,-101,0
89,-371,-220,1,0,0,-101,0
90,-371,-220,1,0,0,-101,0
91,-371,-220,1,0,0,-101,0
92,-371,-220,1,0,0,-101,0
93,-371,-220,1,0,0,-101,0
94,-371,-220,1,0,0,-101,0
95,-371,-220,1,0,0,-101,0
96,-371,-220,1,0,0,-101,0
97,-371,-220,1,0,0,-101,0
98,-371,-220,1,0,0,-101,0
99,-371,-220,1,0,0,-101,0
100,-371,-220,1,0,0,-101,0
101,-371,-220,1,0,0,-101,0
102,-371,-220,1,0,0,-101,0
103,-371,-220,1,0,0,-101,0
104,-371,-220,1,0,0,-101,0
105,-371,-220,1,0,0,-101,0
106,-371,-220,1,0,0,-101,0
107,-371,-220,1,0,0,-101,0
108,-371,-220,1,0,0,-101,0
109,-371,-220,1,0,0,-101,0
110,-371,-220,1,0,0,-101,0
111,-371,-220,1,0,0,-101,0
112,-371,-220,1,0,0,-101,0
113,-371,-220,1,0,0,-101,0
114,-371,-220,1,0,0,-101,0
115,-371,-220,1,0,0,-101,0
116,-371,-220,1,0,0,-101,0
117,-371,-220,1,0,0,-101,0
118,-371,-220,1,0,0,-101,0
119,-371,-220,1,0,0,-101,0
120,-371,-220,1,0,0,-101,0
121,-371,-220,1,0,0,-101,0
122,-371,-220,1,0,0,-101,0
123,-371,-220,1,0,0,-101,0
124,-371,-220,1,0,0,-101,0
125,-371,-220,1,0,0,-101,0
126,-371,-220,1,0,0,-101,0
127,-371,-220,1,0,0,-101,0
128,-371,-220,1,0,0,-101,0
129,-371,-220,1,0,0,-101,0
130,-371,-220,1,0,0,-101,0
131,-371,-220,1,0,0,-101,0
132,-371,-220,1,0,0,-101,0
133,-371,-220,1,0,0,-101,0
134,-371,-220,1,0,0,-101,0
135,-371,-220,1,0,0,-101,0
136,-371,-220,1,0,0,-101,0
137,-371,-220,1,0,0,-101,0
138,-371,-220,1,0,0,-101,0
139,-371,-220,1,0,0,-101,0
140,-371,-220,1,0,0,-101,0
141,-371,-220,1,0,0,-101,0
142,-371,-220,1,0,0,-101,0
143,-371,-220,1,0,0,-101,0
144,-371,-220,1,0,0,-101,0
145,-371,-220,1,0,0,-101,0
146,-371,-220,1,0,0,-101,0
147,-371,-220,1,0,0,-101,0
148,-371,-220,1,0,0,-101,0
149,-371,-220,1,0,0,-101,0
150,-371,-220,1,0,0,-101,0
151,-371,-220,1,0,0,-101,0
152,-371,-220,1,0,0,-101,0
153,-371,-220,1,0,0,-101,0
154,-371,-220,1,0,0,-101,0
155,-371,-220,1,0,0,-101,0
156,-371,-220,1,0,0,-101,0
157,-371,-220,1,0,0,-101,0
158,-371,-220,1,0,0,-101,0
159,-371,-220,1,0,0,-101,0
160,-371,-220,1,0,0,-101,0
161,-371,-220,1,0,0,-101,0
162,-371,-220,1,0,0,-101,0
163,-371,-220,1,0,0,-101,0
164,-371,-220,1,0,0,-101,0
165,-371,-220,1,0,0,-101,0
166,-371,-220,1,0,0,-101,0
167,-371,-220,1,0,0,-101,0
168,-371,-220,1,0,0,-101,0
169,-371,-220,1,0,0,-101,0
170,-371,-220,1,0,0,-101,0
171,-371,-220,1,0,0,-101,0
172,-371,-220,1,0,0,-101,0
173,-371,-220,1,0,0,-101,0
174,-371,-220,1,0,0,-101,0
175,-371,-220,1,0,0,-101,0
176,-371,-220,1,0,0,-101,0
177,-371,-220,1,0,0,-101,0
178,-371,-220,1,0,0,-101,0
179,-371,-220,1,0,0,-101,0
180,-371,-220,1,0,0,-101,0
181,-371,-220,1,0,0,-101,0
182,-371,-220,1,0,0,-101,0
183,-371,-220,1,0,0,-101,0
184,-371,-220,1,0,0,-101,0
185,-371,-220,1,0,0,-101,0
186,-371,-220,1,0,0,-101,0
187,-371,-220,1,0,0,-101,0
188,-371,-220,1,0,0,-101,0
189,-371,-220,1,0,0,-101,0
190,-371,-220,1,0,0,-101,0
191,-371,-220,1,0,0,-101,0
192,-371,-220,1,0,0,-101,0
193,-371,-220,1,0,0,-101,0
194,-371,-220,1,0,0,-101,0
195,-371,-220,1,0,0,-101,0
196,-371,-220,1,0,0,-101,0
197,-371,-220,1,0,0,-101,0
198,-371,-220,1,0,0,-101,0
199,-371,-220,1,0,0,-101,0
200,-371,-220,1,0,0,-101,0
201,-371,-220,1,0,0,-101,0
202,-371,-220,1,0,0,-101,0
203,-371,-220,1,0,0,-101,0
204,-371,-220,1,0,0,-101,0
205,-371,-220,1,0,0,-101,0
206,-371,-220,1,0,0,-101,0
207,-371,-220,1,0,0,-101,0
208,-371,-220,1,0,0,-101,0
209,-371,-220,1,0,0,-101,0
210,-371,-220,1,0,0,-101,0
211,-371,-220,1,0,0,-101,0
212,-371,-220,1,0,0,-101,0
213,-371,-220,1,0,0,-101,0
214,-371,-220,1,0,0,-101,0
215,-371,-220,1,0,0,-101,0
216,-371,-220,1,0,0,-101,0
217,-371,-220,1,0,0,-101,0
218,-371,-220,1,0,0,-101,0
219,-371,-220,1,0,0,-101,0
220,-371,-220,1,0,0,-101,0
221,-371,-220,1,0,0,-101,0
222,-371,-220,1,0,0,-101,0
223,-371,-220,1,0,0,-101,0
224,-371,-220,1,0,0,-101,0
225,-371,-220,1,0,0,-101,0
226,-371,-220,1,0,0,-101,0
227,-371,-220,1,0,0,-101,0
228,-371,-220,1,0,0,-101,0
229,-371,-220,1,0,0,-101,0
230,-371,-220,1,0,0,-101,0
231,-371,-220,1,0,0,-101,0
232,-371,-220,1,0,0,-101,0
233,-371,-220,1,0,0,-101,0
234,-371,-220,1,0,0,-101,0
235,-371,-220,1,0,0,-101,0
236,-371,-220,1,0,0,-101,0
237,-371,-220,1,0,0,-101,0
238,-371,-220,1,0,0,-101,0
239,-371,-220,1,0,0,-101,0
240,-371,-220,1,0,0,-101,0
241,-371,-220,1,0,0,-101,0
242,-371,-220,1,0,0,-101,0
243,-371,-220,1,0,0,-101,0
244,-371,-220,1,0,0,-101,0
245,-371,-220,1,0,0,-101,0
246,-371,-220,1,0,0,-101,0
247,-371,-220,1,0,0,-101,0
248,-371,-220,1,0,0,-101,0
249,-371,-220,1,0,0,-101,0
250,-371,-220,1,0,0,-101,0
251,-371,-220,1,0,0,-101,0
252,-371,-220,1,0,0,-101,0
253,-371,-220,1,0,0,-101,0
254,-371,-220,1,0,0,-101,0
255,-371,-220,1,0,0,-101,0
256,-371,-220,1,0,0,-101,0
257,-371,-220,1,0,0,-101,0
258,-371,-220,1,0,0,-101,0
259,-371,-220,1,0,0,-101,0
260,-371,-220,1,0,0,-101,0
261,-371,-220,1,0,0,-101,0
262,-371,-220,1,0,0,-101,0
263,-371,-220,1,0,0,-101,0
264,-371,-220,1,0,0,-101,0
265,-371,-220,0,0,0,-101,0
266,-371,-220,0,0,0,-101,0
267,-371,-220,0,0,0,-101,0
268,-371,-220,0,0,0,-101,0
269,-371,-220,0,0,0,-101,0
270,-371,-220,0,0,0,-101,0
271,-371,-220,0,0,0,-101,0
272,-371,-220,0,0,0,-101,0
273,-371,-220,0,0,0,-101,0
274,-371,-220,0,0,0,-101,0
275,-371,-220,0,0,0,-101,0
276,-371,-220,0,0,0,-101,0
277,-371,-220,0,0,0,-101,0
278,-371,-220,0,0,0,-101,0
279,-371,-220,0,0,0,-101,0
280,-371,-220,0,0,0,-101,0
281,-371,-220,0,0,0,-101,0
282,-371,-220,0,0,0,-101,0
283,-371,-220,0,0,0,-101,0
284,-371,-220,0,0,0,-101,0
285,-371,-220,0,0,0,-101,0
286,-371,-220,0,0,0,-101,0
287,-371,-220,0,0,0,-101,0
288,-371,-220,0,0,0,-101,0
289,-371,-220,0,0,0,-101,0
290,-371,-220,0,0,0,-101,0
291,-371,-220,0,0,0,-101,0
292,-371,-220,0,0,0,-101,0
293,-371,-220,0,0,0,-101,0
294,-371,-220,0,0,0,-101,0
295,-371,-220,0,0,0,-101,0
296,-371,-220,0,0,0,-101,0
297,-371,-220,0,0,0,-101,0
298,-371,-220,0,0,0,-101,0
299,-371,-220,0,0,0,-101,0
300,-371,-220,1,0,0,-101,0
301,-371,-220,1,0,0,-101,0
302,-371,-220,1,0,0,-101,0
303,-371,-220,1,0,0,-101,0
304,-371,-220,1,0,0,-101,0
305,-371,-220,1,0,0,-101,0
306,-371,-220,1,0,0,-101,0
307,-371,-220,1,0,0,-101,0
308,-371,-220,1,0,0,-101,0
309,-371,-220,1,0,0,-101,0
310,-371,-220,1,0,0,-101,0
311,-371,-220,1,0,0,-101,0
312,-371,-220,1,0,0,-101,0
313,-371,-220,1,0,0,-101,0
314,-371,-220,1,0,0,-101,0
315,-371,-220,1,0,0,-101,0
316,-371,-220,1,0,0,-101,0
317,-371,-220,1,0,0,-101,0
318,-371,-220,1,0,0,-101,0
319,-371,-220,1,0,0,-101,0
320,-371,-220,1,0,0,-101,0
321,-371,-220,1,0,0,-101,0
322,-371,-220,1,0,0,-101,0
323,-371,-220,1,0,0,-101,0
324,-371,-220,1,0,0,-101,0
325,-371,-220,1,0,0,-101,0
326,-371,-220,1,0,0,-101,0
327,-371,-220,1,0,0,-101,0
328,-371,-220,1,0,0,-101,0
329,-371,-220,1,0,0,-101,0
330,-371,-220,1,0,0,-101,0
331,-371,-220,1,0,0,-101,0
332,-371,-220,1,0,0,-101,0
333,-371,-220,1,0,0,-101,0
334,-371,-220,1,0,0,-101,0
335,-371,-220,1,0,0,-101,0
336,-371,-220,1,0,0,-101,0
337,-371,-220,1,0,0,-101,0
338,-371,-220,1,0,0,-101,0
339,-373,-218,1,0,0,-101,0
340,-375,-216,1,0,0,-101,0
341,-376,-214,1,0,0,-101,0
342,-376,-214,1,0,0,-101,0
343,-378,-213,1,0,0,-101,0
344,-378,-212,1,0,0,-101,0
345,-378,-212,1,0,0,-101,0
346,-379,-212,1,0,0,-101,0
347,-379,-212,1,0,0,-101,0
348,-379,-212,1,0,0,-101,0
349,-379,-212,1,0,0,-101,0
350,-379,-212,1,0,0,-101,0
351,-380,-212,1,0,0,-101,0
352,-382,-214,1,0,0,-101,0
353,-383,-215,1,0,0,-101,0
354,-386,-218,1,0,0,-101,0
355,-389,-219,1,0,0,-101,0
356,-392,-220,1,0,0,-101,0
357,-393,-221,1,0,0,-101,0
358,-393,-221,1,0,0,-101,0
359,-394,-220,1,0,0,-101,0
360,-395,-219,1,0,0,-101,0
361,-395,-218,1,0,0,-101,0
362,-396,-215,1,0,0,-101,0
363,-396,-214,1,0,0,-101,0
364,-396,-212,1,0,0,-101,0
365,-396,-209,1,0,0,-101,0
366,-396,-208,1,0,0,-101,0
367,-396,-208,1,0,0,-101,0
368,-396,-207,1,0,0,-101,0
369,-396,-207,1,0,0,-101,0
370,-396,-206,1,0,0,-101,0
371,-396,-206,1,0,0,-101,0
372,-396,-206,1,0,0,-101,0
373,-396,-206,1,0,0,-101,0
374,-396,-206,1,0,0,-101,0
375,-396,-206,1,0,0,-101,0
376,-396,-206,1,0,0,-101,0
377,-396,-206,1,0,0,-101,0
378,-396,-206,1,0,0,-101,0
379,-396,-206,1,0,0,-101,0
380,-396,-206,1,0,0,-101,0
381,-396,-206,1,0,0,-101,0
382,-397,-206,1,0,0,-101,0
383,-397,-206,1,0,0,-101,0
384,-397,-206,1,0,0,-101,0
385,-397,-206,1,0,0,-101,0
386,-397,-206,1,0,0,-101,0
387,-397,-206,1,0,0,-101,0
388,-397,-206,1,0,0,-101,0
389,-397,-206,1,0,0,-101,0
390,-397,-206,1,0,0,-101,0
391,-397,-206,1,0,0,-101,0
392,-397,-206,1,0,17,-101,0
393,-397,-206,1,0,17,-101,0
394,-397,-206,1,0,17,-101,0
395,-397,-206,1,0,17,-101,0
396,-397,-206,1,0,17,-101,0
397,-397,-206,1,0,17,-101,0
398,-397,-206,1,0,17,-101,0
399,-397,-206,1,0,17,-101,0
400,-397,-206,1,0,17,-101,0
401,-397,-206,1,0,17,-101,0
402,-397,-206,1,0,17,-101,0
403,-397,-206,1,0,17,-101,0
404,-398,-206,1,0,17,-101,0
405,-399,-207,1,0,17,-101,0
406,-402,-209,1,0,17,-101,0
407,-405,-210,1,0,17,-101,0
408,-407,-211,1,0,17,-101,0
409,-412,-211,1,0,17,-101,0
410,-413,-211,1,0,17,-101,0
411,-413,-211,1,0,17,-101,0
412,-416,-205,1,0,17,-101,0
413,-417,-202,1,0,17,-101,0
414,-418,-198,1,0,17,-101,0
415,-419,-196,1,0,17,-101,0
416,-419,-196,1,0,17,-101,0
417,-419,-196,1,0,17,-101,0
418,-419,-196,1,0,17,-101,0
419,-419,-196,1,0,17,-101,0
420,-419,-196,1,0,17,-101,0
421,-419,-196,1,0,17,-101,0
422,-419,-197,1,0,17,-101,0
423,-419,-198,1,0,17,-101,0
424,-419,-198,1,0,17,-101,0
425,-419,-200,1,0,17,-101,0
426,-420,-202,1,0,17,-101,0
427,-420,-204,1,0,17,-101,0
428,-421,-207,1,0,17,-101,0
429,-421,-208,1,0,17,-101,0
430,-421,-208,1,0,17,-101,0
431,-421,-208,1,0,17,-101,0
432,-421,-208,1,0,17,-101,0
433,-421,-208,1,0,17,-101,0
434,-421,-208,1,0,17,-101,0
435,-421,-207,1,0,17,-101,0
436,-421,-205,1,0,17,-101,0
437,-422,-202,1,0,17,-101,0
438,-422,-201,1,0,17,-101,0
439,-422,-199,1,0,17,-101,0
440,-422,-198,1,0,17,-101,0
441,-422,-198,1,0,17,-101,0
442,-422,-196,1,0,17,-101,0
443,-422,-195,1,0,17,-101,0
444,-422,-195,1,0,17,-101,0
445,-422,-195,1,0,17,-101,0
446,-422,-195,1,0,17,-101,0
447,-422,-195,1,0,17,-101,0
448,-423,-196,1,0,17,-101,0
449,-425,-200,1,0,17,-101,0
450,-425,-202,1,0,17,-101,0
451,-426,-203,1,0,17,-101,0
452,-426,-204,1,0,17,-101,0
453,-426,-204,1,0,17,-101,0
454,-426,-204,1,0,17,-101,0
455,-426,-204,1,0,17,-101,0
456,-426,-202,1,0,17,-101,0
457,-427,-195,1,0,17,-101,0
458,-428,-193,1,0,17,-101,0
459,-428,-191,1,0,17,-101,0
460,-428,-189,1,0,17,-101,0
461,-428,-189,1,0,17,-101,0
462,-428,-189,1,0,17,-101,0
463,-428,-188,1,0,17,-101,0
464,-428,-188,1,0,17,-101,0
465,-428,-188,1,0,17,-101,0
466,-429,-188,1,0,17,-101,0
467,-430,-192,1,0,17,-101,0
468,-432,-196,1,0,17,-101,0
469,-434,-201,1,0,17,-101,0
470,-435,-204,1,0,17,-101,0
471,-436,-205,1,0,17,-101,0
472,-436,-205,1,0,17,-101,0
473,-436,-205,1,0,17,-101,0
474,-436,-205,1,0,17,-101,0
475,-436,-205,1,0,17,-101,0
476,-437,-202,1,0,17,-101,0
477,-438,-199,1,0,17,-101,0
478,-440,-194,1,0,17,-101,0
479,-441,-193,1,0,17,-101,0
480,-442,-190,1,0,17,-101,0
481,-442,-189,1,0,17,-101,0
482,-442,-188,1,0,17,-101,0
483,-442,-188,1,0,17,-101,0
484,-442,-188,1,0,17,-101,0
485,-442,-188,1,0,17,-101,0
486,-442,-188,1,0,17,-101,0
487,-442,-190,1,0,17,-101,0
488,-442,-193,1,0,17,-101,0
489,-442,-196,1,0,17,-101,0
490,-442,-197,1,0,17,-101,0
491,-442,-199,1,0,17,-101,0
492,-442,-200,1,0,17,-101,0
493,-442,-200,1,0,17,-101,0
494,-442,-200,1,0,17,-101,0
495,-442,-200,1,0,17,-101,0
496,-441,-198,1,0,17,-101,0
497,-441,-197,1,0,17,-101,0
498,-440,-195,1,0,17,-101,0
499,-439,-193,1,0,17,-101,0
500,-439,-193,1,0,17,-101,0
501,-438,-192,1,0,17,-101,0
502,-438,-192,1,0,17,-101,0
503,-438,-192,1,0,17,-101,0
504,-438,-192,1,0,17,-101,0
505,-438,-192,1,0,17,-101,0
506,-438,-193,1,0,17,-101,0
507,-438,-193,1,0,17,-101,0
508,-438,-195,1,0,17,-101,0
509,-438,-196,1,0,17,-101,0
510,-438,-197,1,0,17,-101,0
511,-437,-197,1,0,17,-101,0
512,-437,-198,1,0,17,-101,0
513,-437,-198,1,0,17,-101,0
514,-437,-198,1,0,17,-101,0
515,-436,-197,1,0,17,-101,0
516,-436,-197,1,0,17,-101,0
517,-435,-195,1,0,17,-101,0
518,-435,-193,1,0,17,-101,0
519,-435,-192,1,0,17,-101,0
520,-435,-191,1,0,17,-101,0
521,-435,-190,1,0,17,-101,0
522,-435,-190,1,0,17,-101,0
523,-435,-189,1,0,17,-101,0
524,-435,-189,1,0,17,-101,0
525,-434,-189,1,0,17,-101,0
526,-434,-189,1,0,17,-101,0
527,-434,-192,1,0,17,-101,0
528,-433,-196,1,0,17,-101,0
529,-433,-197,1,0,17,-101,0
530,-433,-199,1,0,17,-101,0
531,-432,-200,1,0,17,-101,0
532,-432,-201,1,0,17,-101,0
533,-432,-202,1,0,17,-101,0
534,-432,-202,1,0,17,-101,0
535,-432,-202,1,0,17,-101,0
536,-431,-198,1,0,17,-101,0
537,-431,-197,1,0,17,-101,0
538,-431,-194,1,0,17,-101,0
539,-430,-191,1,0,17,-101,0
540,-430,-191,1,0,17,-101,0
541,-430,-191,1,0,17,-101,0
542,-430,-191,1,0,17,-101,0
543,-430,-191,1,0,17,-101,0
544,-430,-191,1,0,17,-101,0
545,-430,-191,1,0,17,-101,0
546,-430,-191,1,0,17,-101,0
547,-430,-192,1,0,17,-101,0
548,-430,-193,1,0,17,-101,0
549,-430,-195,1,0,17,-101,0
550,-430,-196,1,0,17,-101,0
551,-430,-198,1,0,17,-101,0
552,-430,-199,1,0,17,-101,0
553,-430,-200,1,0,17,-101,0
554,-430,-200,1,0,17,-101,0
555,-430,-200,1,0,17,-101,0
556,-430,-200,1,0,17,-101,0
557,-430,-199,1,0,17,-101,0
558,-430,-198,1,0,17,-101,0
559,-430,-197,1,0,17,-101,0
560,-429,-196,1,0,17,-101,0
561,-429,-196,1,0,17,-101,0
562,-429,-195,1,0,17,-101,0
563,-429,-195,1,0,17,-101,0
564,-429,-195,1,0,17,-101,0
565,-429,-195,1,0,17,-101,0
566,-429,-195,1,0,17,-101,0
567,-429,-195,1,0,17,-101,0
568,-429,-195,1,0,17,-101,0
569,-429,-196,1,0,17,-101,0
570,-429,-196,1,0,17,-101,0
571,-429,-196,1,0,17,-101,0
572,-429,-197,1,0,17,-101,0
573,-429,-197,1,0,17,-101,0
574,-429,-199,1,0,17,-101,0
575,-429,-199,1,0,17,-101,0
576,-429,-199,1,0,17,-101,0
577,-429,-199,1,0,17,-101,0
578,-429,-199,1,0,17,-101,0
579,-429,-199,1,0,17,-101,0
580,-429,-199,1,0,17,-101,0
581,-429,-199,1,0,17,-101,0
582,-429,-199,1,0,17,-101,0
583,-429,-199,1,0,17,-101,0
584,-429,-199,1,0,17,-101,0
585,-429,-199,1,0,17,-101,0
586,-429,-199,1,0,17,-101,0
587,-429,-199,1,0,17,-101,0
588,-429,-199,1,0,17,-101,0
589,-429,-199,1,0,17,-101,0
590,-429,-199,1,0,17,-101,0
591,-429,-199,1,0,5,-101,0
592,-429,-199,1,0,5,-101,0
593,-429,-199,1,0,5,-101,0
594,-429,-199,1,0,5,-101,0
595,-429,-199,1,0,5,-101,0
596,-429,-199,1,0,5,-101,0
597,-429,-199,1,0,5,-101,0
598,-429,-199,1,0,5,-101,0
599,-429,-199,1,0,5,-101,0
600,-429,-199,1,0,5,-101,0
601,-428,-200,1,0,5,-101,0
602,-427,-201,1,0,5,-101,0
603,-426,-203,1,0,5,-101,0
604,-425,-204,1,0,5,-101,0
605,-425,-205,1,0,5,-101,0
606,-424,-206,1,0,5,-101,0
607,-424,-207,1,0,5,-101,0
608,-423,-207,1,0,5,-101,0
609,-423,-208,1,0,5,-101,0
610,-422,-209,1,0,5,-101,0
611,-421,-210,1,0,5,-101,0
612,-420,-211,1,0,5,-101,0
613,-420,-211,1,0,5,-101,0
614,-419,-213,1,0,5,-101,0
615,-417,-214,1,0,5,-101,0
616,-416,-215,1,0,5,-101,0
617,-415,-216,1,0,5,-101,0
618,-414,-217,1,0,5,-101,0
619,-414,-217,1,0,5,-101,0
620,-413,-217,1,0,5,-101,0
621,-412,-217,1,0,5,-101,0
622,-411,-217,1,0,5,-101,0
623,-410,-217,1,0,5,-101,0
624,-408,-218,1,0,5,-101,0
625,-408,-218,1,0,5,-101,0
626,-407,-218,1,0,5,-101,0
627,-406,-218,1,0,5,-101,0
628,-405,-218,1,0,5,-101,0
629,-404,-218,1,0,5,-101,0
630,-404,-218,1,0,5,-101,0
631,-403,-218,1,0,5,-101,0
632,-401,-218,1,0,5,-101,0
633,-401,-218,1,0,5,-101,0
634,-399,-217,1,0,5,-101,0
635,-398,-217,1,0,5,-101,0
636,-397,-217,1,0,5,-101,0
637,-396,-217,1,0,5,-101,0
638,-396,-217,1,0,5,-101,0
639,-395,-217,1,0,5,-101,0
640,-394,-217,1,0,5,-101,0
641,-391,-216,1,0,4,-101,0
642,-390,-216,1,0,3,-101,0
643,-390,-216,1,0,2,-101,0
644,-390,-216,1,0,1,-101,0
645,-390,-216,1,0,0,-101,0
646,-389,-215,1,0,0,-101,0
647,-389,-215,1,0,0,-101,0
648,-388,-215,1,0,0,-101,0
649,-386,-214,1,0,0,-101,0
650,-384,-213,1,0,0,-101,0
651,-383,-213,1,0,0,-101,0
652,-383,-213,1,0,0,-101,0
653,-381,-211,1,0,0,-101,0
654,-379,-210,1,0,0,-101,0
655,-378,-209,1,0,0,-101,0
656,-377,-209,1,0,0,-101,0
657,-377,-209,1,0,0,-101,0
658,-377,-209,1,0,0,-101,0
659,-376,-209,1,0,0,-101,0
660,-376,-209,1,0,0,-101,0
661,-376,-209,1,0,0,-101,0
662,-376,-209,1,0,0,-101,0
663,-376,-209,1,0,0,-101,0
664,-376,-209,1,0,0,-101,0
665,-376,-209,1,0,0,-101,0
666,-376,-209,1,0,0,-101,0
667,-376,-209,1,0,0,-101,0
668,-376,-209,1,0,0,-101,0
669,-376,-209,1,0,0,-101,0
670,-376,-209,1,0,0,-101,0
671,-376,-209,1,0,0,-101,0
672,-376,-209,1,0,0,-101,0
673,-376,-210,1,0,0,-101,0
674,-376,-210,1,0,0,-101,0
675,-376,-210,1,0,0,-101,0
676,-376,-210,1,0,0,-101,0
677,-376,-210,1,0,0,-101,0
678,-376,-210,1,0,0,-101,0
679,-376,-210,1,0,0,-101,0
680,-376,-210,1,0,0,-101,0
681,-376,-210,1,0,0,-101,0
682,-376,-210,1,0,0,-101,0
683,-376,-210,1,0,0,-101,0
684,-376,-210,1,0,0,-101,0
685,-376,-210,1,0,0,-101,0
686,-376,-210,1,0,0,-101,0
687,-376,-210,1,0,0,-101,0
688,-376,-210,1,0,0,-101,0
689,-376,-210,1,0,0,-101,0
690,-376,-210,1,0,0,-101,0
691,-376,-210,1,0,0,-101,0
692,-376,-210,1,0,0,-101,0
693,-376,-210,1,0,0,-101,0
694,-376,-210,1,0,0,-101,0
695,-376,-210,1,0,0,-101,0
696,-376,-210,1,0,0,-101,0
697,-376,-210,1,0,0,-101,0
698,-376,-210,1,0,0,-101,0
699,-376,-210,1,0,0,-101,0
700,-376,-210,1,0,0,-101,0
701,-376,-210,1,0,0,-101,0
702,-376,-210,1,0,0,-101,0
703,-376,-210,1,0,0,-101,0
704,-376,-210,1,0,0,-101,0
705,-376,-210,1,0,0,-101,0
706,-376,-211,1,0,0,-101,0
707,-375,-212,1,0,0,-101,0
708,-374,-213,1,0,0,-101,0
709,-374,-214,1,0,0,-101,0
710,-374,-214,1,0,0,-101,0
711,-374,-214,1,0,0,-101,0
712,-374,-214,1,0,0,-101,0
713,-374,-214,1,0,0,-101,0
714,-373,-214,1,0,0,-101,0
715,-373,-214,1,0,0,-101,0
716,-373,-214,1,0,0,-101,0
717,-372,-214,1,0,0,-101,0
718,-372,-214,1,0,0,-101,0
719,-372,-214,1,0,0,-101,0
720,-372,-214,1,0,0,-101,0
721,-372,-213,1,0,0,-101,0
722,-372,-213,1,0,0,-101,0
723,-372,-213,1,0,0,-101,0
724,-372,-213,1,0,0,-101,0
725,-372,-213,1,0,0,-101,0
726,-372,-213,1,0,0,-101,0
727,-372,-213,1,0,0,-101,0
728,-372,-213,1,0,0,-101,0
729,-371,-215,1,0,0,-101,0
730,-371,-215,1,0,0,-101,0
731,-370,-216,1,0,0,-101,0
732,-370,-217,1,0,0,-101,0
733,-369,-218,1,0,0,-101,0
734,-369,-218,1,0,0,-101,0
735,-369,-218,1,0,0,-101,0
736,-369,-219,1,0,0,-101,0
737,-369,-219,1,0,0,-101,0
738,-369,-219,1,0,0,-101,0
739,-369,-219,1,0,0,-101,0
740,-369,-219,1,0,0,-101,0
741,-369,-219,1,0,0,-101,0
742,-369,-219,1,0,0,-101,0
743,-369,-219,1,0,0,-101,0
744,-369,-219,1,0,0,-101,0
745,-369,-219,1,0,0,-101,0
746,-369,-219,1,0,0,-101,0
747,-369,-219,1,0,0,-101,0
748,-369,-219,1,0,0,-101,0
749,-369,-219,1,0,0,-101,0
750,-369,-219,1,0,0,-101,0
751,-369,-219,1,0,0,-101,0
752,-369,-219,1,0,0,-101,0
753,-369,-219,1,0,0,-101,0
754,-369,-219,1,0,0,-101,0
755,-369,-219,1,0,0,-101,0
756,-369,-219,1,0,0,-101,0
757,-369,-219,1,0,0,-101,0
758,-369,-219,1,0,0,-101,0
759,-369,-219,1,0,0,-101,0
760,-369,-219,1,0,0,-101,0
761,-369,-219,1,0,0,-101,0
762,-369,-219,1,0,0,-101,0
763,-369,-219,1,0,0,-101,0
764,-369,-219,1,0,0,-101,0
765,-369,-219,1,0,0,-101,0
766,-369,-219,1,0,0,-101,0
767,-369,-219,1,0,0,-101,0
768,-369,-219,1,0,0,-101,0
769,-369,-219,1,0,0,-101,0
770,-369,-219,1,0,0,-101,0
771,-369,-219,1,0,0,-101,0
772,-369,-219,1,0,0,-101,0
773,-369,-219,1,0,0,-101,0
774,-369,-219,1,0,0,-101,0
775,-369,-219,1,0,0,-101,0
776,-369,-219,1,0,0,-101,0
777,-369,-219,1,0,0,-101,0
778,-369,-219,1,0,0,-101,0
779,-369,-219,1,0,0,-101,0
780,-369,-219,1,0,0,-101,0
781,-369,-219,1,0,0,-101,0
782,-369,-219,1,0,0,-101,0
783,-369,-219,1,0,0,-101,0
784,-369,-219,1,0,0,-101,0
785,-369,-219,1,0,0,-101,0
786,-369,-219,1,0,0,-101,0
787,-369,-219,1,0,0,-101,0
788,-369,-219,1,0,0,-101,0
789,-369,-219,1,0,0,-101,0
790,-369,-219,1,0,0,-101,0
791,-369,-219,1,0,0,-101,0
792,-369,-219,1,0,0,-101,0
793,-369,-219,1,0,0,-101,0
794,-369,-219,1,0,0,-101,0
795,-369,-219,1,0,0,-101,0
796,-369,-219,1,0,0,-101,0
797,-369,-219,1,0,0,-101,0
798,-369,-219,1,0,0,-101,0
799,-369,-219,1,0,0,-101,0
800,-369,-219,1,0,0,-101,0
801,-369,-219,1,0,0,-101,0
802,-369,-219,1,0,0,-101,0
803,-369,-219,1,0,0,-101,0
804,-369,-219,1,0,0,-101,0
805,-369,-219,1,0,0,-101,0
806,-369,-219,1,0,0,-101,0
807,-369,-219,1,0,0,-101,0
808,-369,-219,1,0,0,-101,0
809,-369,-219,1,0,0,-101,0
810,-369,-219,1,0,0,-101,0
811,-369,-219,1,0,0,-101,0
812,-369,-219,1,0,0,-101,0
813,-369,-219,1,0,0,-101,0
814,-369,-219,1,0,0,-101,0
815,-369,-219,1,0,0,-101,0
816,-369,-219,1,0,0,-101,0
817,-369,-219,1,0,0,-101,0
818,-369,-219,1,0,0,-101,0
819,-369,-219,1,0,0,-101,0
820,-369,-219,1,0,0,-101,0
821,-369,-219,1,0,0,-101,0
822,-369,-219,1,0,0,-101,0
823,-369,-219,1,0,0,-101,0
824,-369,-219,1,0,0,-101,0
825,-369,-219,1,0,0,-101,0
826,-369,-219,1,0,0,-101,0
827,-369,-219,1,0,0,-101,0
828,-369,-219,1,0,0,-101,0
829,-369,-219,1,0,0,-101,0
830,-369,-219,1,0,0,-101,0
831,-369,-219,1,0,0,-101,0
832,-369,-219,1,0,0,-101,0
833,-369,-219,1,0,0,-101,0
834,-369,-219,1,0,0,-101,0
835,-369,-219,1,0,0,-101,0
836,-369,-219,1,0,0,-101,0
837,-369,-219,1,0,0,-101,0
838,-369,-219,0,0,0,-101,0
839,-369,-219,0,0,0,-101,0
840,-369,-219,0,0,0,-101,0
841,-369,-219,0,0,0,-101,0
842,-369,-219,0,0,0,-101,0
843,-369,-219,0,0,0,-101,0
844,-369,-219,0,0,0,-101,0
845,-369,-219,0,0,0,-101,0
846,-369,-219,0,0,0,-101,0
847,-369,-219,0,0,0,-101,0
848,-369,-219,0,0,0,-101,0
849,-369,-219,0,0,0,-101,0
850,-369,-219,0,0,0,-101,0
851,-369,-219,0,0,0,-101,0
852,-369,-219,0,0,0,-101,0
853,-369,-219,0,0,0,-101,0
854,-369,-219,0,0,0,-101,0
855,-369,-219,0,0,0,-101,0
856,-369,-219,0,0,0,-101,0
857,-369,-219,0,0,0,-101,0
858,-369,-219,0,0,0,-101,0
859,-369,-219,0,0,0,-101,0
860,-369,-219,0,0,0,-101,0
861,-369,-219,0,0,0,-101,0
862,-369,-219,0,0,0,-101,0
863,-369,-219,0,0,0,-101,0
864,-369,-219,0,0,0,-101,0
865,-369,-219,0,0,0,-101,0
866,-369,-219,0,0,0,-101,0
867,-369,-219,0,0,0,-101,0
868,-369,-219,0,0,0,-101,0
869,-369,-219,0,0,0,-101,0
870,-369,-219,0,0,0,-101,0
871,-369,-219,0,0,0,-101,0
872,-369,-219,0,0,0,-101,0
873,-369,-219,0,0,0,-101,0
874,-369,-219,0,0,0,-101,0
875,-369,-219,0,0,0,-101,0
876,-369,-219,0,0,0,-101,0
877,-369,-219,0,0,0,-101,0
878,-369,-219,0,0,0,-101,0
879,-369,-219,0,0,0,-101,0
880,-369,-219,0,0,0,-101,0
881,-369,-219,0,0,0,-101,0
882,-369,-219,0,0,0,-101,0
883,-369,-219,0,0,0,-101,0
884,-369,-219,0,0,0,-101,0
885,-369,-219,0,0,0,-101,0
886,-369,-219,0,0,0,-101,0
887,-369,-219,0,0,0,-101,0
888,-369,-219,0,0,0,-101,0
889,-369,-219,0,0,0,-101,0
890,-369,-219,0,0,0,-101,0
891,-369,-219,0,0,0,-101,0
892,-369,-219,0,0,0,-101,0
893,-369,-219,0,0,0,-101,0
894,-369,-219,0,0,0,-101,0
895,-369,-219,0,0,0,-101,0
896,-369,-219,0,0,0,-101,0
897,-369,-219,0,0,0,-101,0
898,-369,-219,0,0,0,-101,0
899,-369,-219,0,0,0,-101,0
900,-369,-219,0,0,0,-101,0
901,-369,-219,0,0,0,-101,0
902,-369,-219,0,0,0,-101,0
903,-369,-219,0,0,0,-101,0
904,-369,-219,0,0,0,-101,0
905,-369,-219,0,0,0,-101,0
906,-369,-219,0,0,0,-101,0
907,-369,-219,0,0,0,-101,0
908,-369,-219,0,0,0,-101,0
909,-369,-219,0,0,0,-101,0
910,-369,-219,0,0,0,-101,0
911,-369,-219,0,0,0,-101,0
912,-369,-219,0,0,0,-101,0
913,-369,-219,0,0,0,-101,0
914,-369,-219,0,0,0,-101,0
915,-369,-219,0,0,0,-101,0
916,-369,-219,0,0,0,-101,0
917,-369,-219,0,0,0,-101,0
918,-369,-219,0,0,0,-101,0
919,-369,-219,0,0,0,-101,0
920,-369,-219,0,0,0,-101,0
921,-369,-219,0,0,0,-101,0
922,-369,-219,0,0,0,-101,0
923,-369,-219,0,0,0,-101,0
924,-369,-219,0,0,0,-101,0
925,-369,-219,0,0,0,-101,0
926,-369,-219,0,0,0,-101,0
927,-369,-219,0,0,0,-101,0
928,-369,-219,0,0,0,-101,0
929,-369,-219,0,0,0,-101,0
930,-369,-219,0,0,0,-101,0
931,-369,-219,0,0,0,-101,0
932,-369,-219,0,0,0,-101,0
933,-369,-219,0,0,0,-101,0
934,-369,-219,0,0,0,-101,0
935,-369,-219,0,0,0,-101,0
936,-369,-219,0,0,0,-101,0
937,-369,-219,0,0,0,-101,0
938,-369,-219,0,0,0,-101,0
939,-369,-219,0,0,0,-101,0
940,-369,-219,0,0,0,-101,0
941,-369,-219,0,0,0,-101,0
942,-369,-219,0,0,0,-101,0
943,-369,-219,0,0,0,-101,0
944,-369,-219,0,0,0,-101,0
945,-369,-219,0,0,0,-101,0
946,-369,-219,0,0,0,-101,0
947,-369,-219,0,0,0,-101,0
948,-369,-219,0,0,0,-101,0
949,-369,-219,0,0,0,-101,0
950,-369,-219,0,0,0,-101,0
951,-369,-219,0,0,0,-101,0
952,-369,-219,0,0,0,-101,0
953,-369,-219,0,0,0,-101,0
954,-369,-219,0,0,0,-101,0
955,-369,-219,0,0,0,-101,0
956,-369,-219,0,0,0,-101,0
957,-369,-219,0,0,0,-101,0
958,-369,-219,0,0,0,-101,0
959,-369,-219,0,0,0,-101,0
960,-369,-219,0,0,0,-101,0
961,-369,-219,0,0,0,-101,0
962,-369,-219,0,0,0,-101,0
963,-369,-219,0,0,0,-101,0
964,-369,-219,0,0,0,-101,0
965,-369,-219,0,0,0,-101,0
966,-369,-219,0,0,0,-101,0
967,-369,-219,0,0,0,-101,0
968,-369,-219,0,0,0,-101,0
969,-369,-219,0,0,0,-101,0
970,-369,-219,0,0,0,-101,0
971,-369,-219,0,0,0,-101,0
972,-369,-219,0,0,0,-101,0
973,-369,-219,0,0,0,-101,0
974,-369,-219,0,0,0,-101,0
975,-369,-219,0,0,0,-101,0
976,-369,-219,0,0,0,-101,0
977,-369,-219,0,0,0,-101,0
978,-369,-219,0,0,0,-101,0
979,-369,-219,0,0,0,-101,0
980,-369,-219,0,0,0,-101,0
981,-369,-219,0,0,0,-101,0
982,-369,-219,0,0,0,-101,0
983,-369,-219,0,0,0,-101,0
984,-369,-219,0,0,0,-101,0
985,-369,-219,0,0,0,-101,0
986,-369,-219,0,0,0,-101,0
987,-369,-219,0,0,0,-101,0
988,-369,-219,0,0,0,-101,0
989,-369,-219,0,0,0,-101,0
990,-369,-219,0,0,0,-101,0
991,-369,-219,0,0,0,-101,0
992,-369,-219,0,0,0,-101,0
993,-369,-219,0,0,0,-101,0
994,-369,-219,0,0,0,-101,0
995,-369,-219,0,0,0,-101,0
996,-369,-219,0,0,0,-101,0
997,-369,-219,0,0,0,-101,0
998,-369,-219,0,0,0,-101,0
999,-369,-219,0,0,0,-101,0
1000,-369,-219,0,0,0,-101,0
1001,-369,-219,0,0,0,-101,0
1002,-369,-219,0,0,0,-101,0
1003,-369,-219,0,0,0,-101,0
1004,-369,-219,0,0,0,-101,0
1005,-369,-219,0,0,0,-101,0
1006,-369,-219,0,0,0,-101,0
1007,-369,-219,0,0,0,-101,0
1008,-369,-219,0,0,0,-101,0
1009,-369,-219,0,0,0,-101,0
1010,-369,-219,0,0,0,-101,0
1011,-369,-219,0,0,0,-101,0
1012,-369,-219,0,0,0,-101,0
1013,-369,-219,0,0,0,-101,0
1014,-369,-219,0,0,0,-101,0
1015,-369,-219,0,0,0,-101,0
1016,-369,-219,0,0,0,-101,0
1017,-369,-219,0,0,0,-101,0
1018,-369,-219,0,0,0,-101,0
1019,-369,-219,0,0,0,-101,0
1020,-369,-219,0,0,0,-101,0
1021,-369,-219,0,0,0,-101,0
1022,-369,-219,0,0,0,-101,0
1023,-369,-219,0,0,0,-101,0
1024,-369,-219,0,0,0,-101,0
1025,-369,-219,0,0,0,-101,0
1026,-369,-219,0,0,0,-101,0
1027,-369,-219,0,0,0,-101,0
1028,-369,-219,0,0,0,-101,0
1029,-369,-219,0,0,0,-101,0
1030,-369,-219,0,0,0,-101,0
1031,-369,-219,0,0,0,-101,0
1032,-369,-219,0,0,0,-101,0
1033,-369,-219,0,0,0,-101,0
1034,-369,-219,0,0,0,-101,0
1035,-369,-219,0,0,0,-101,0
1036,-369,-219,0,0,0,-101,0
1037,-369,-219,0,0,0,-101,0
1038,-369,-219,0,0,0,-101,0
1039,-369,-219,0,0,0,-101,0
1040,-369,-219,0,0,0,-101,0
1041,-369,-219,0,0,0,-101,0
1042,-369,-219,0,0,0,-101,0
1043,-369,-219,0,0,0,-101,0
1044,-369,-219,0,0,0,-101,0
1045,-369,-219,0,0,0,-101,0
1046,-369,-219,0,0,0,-101,0
1047,-369,-219,0,0,0,-101,0
1048,-369,-219,0,0,0,-101,0
1049,-369,-219,0,0,0,-101,0
1050,-369,-219,0,0,0,-101,0
1051,-369,-219,0,0,0,-101,0
1052,-369,-219,0,0,0,-101,0
1053,-369,-219,0,0,0,-101,0
1054,-369,-219,0,0,0,-101,0
1055,-369,-219,0,0,0,-101,0
1056,-369,-219,0,0,0,-101,0
1057,-369,-219,0,0,0,-101,0
1058,-369,-219,0,0,0,-101,0
1059,-369,-219,0,0,0,-101,0
1060,-369,-219,0,0,0,-101,0
1061,-369,-219,0,0,0,-101,0
1062,-369,-219,0,0,0,-101,0
1063,-369,-219,0,0,0,-101,0
1064,-369,-219,0,0,0,-101,0
1065,-369,-219,0,0,0,-101,0
1066,-369,-219,0,0,0,-101,0
1067,-369,-219,0,0,0,-101,0
1068,-369,-219,0,0,0,-101,0
1069,-369,-219,0,0,0,-101,0
1070,-369,-219,0,0,0,-101,0
1071,-369,-219,0,0,0,-101,0
1072,-369,-219,0,0,0,-101,0
1073,-369,-219,0,0,0,-101,0
1074,-369,-219,0,0,0,-101,0
1075,-369,-219,0,0,0,-101,0
1076,-369,-219,0,0,0,-101,0
1077,-369,-219,0,0,0,-101,0
1078,-369,-219,0,0,0,-101,0
1079,-369,-219,0,0,0,-101,0
1080,-369,-219,0,0,0,-101,0
1081,-369,-219,0,0,0,-101,0
1082,-369,-219,0,0,0,-101,0
1083,-369,-219,0,0,0,-101,0
1084,-369,-219,0,0,0,-101,0
1085,-369,-219,0,0,0,-101,0
1086,-369,-219,0,0,0,-101,0
1087,-369,-219,0,0,0,-101,0
1088,-369,-219,0,0,0,-101,0
1089,-369,-219,0,0,0,-101,0
1090,-369,-219,0,0,0,-101,0
1091,-369,-219,0,0,0,-101,0
1092,-369,-219,0,0,0,-101,0
1093,-369,-219,0,0,0,-101,0
1094,-369,-219,0,0,0,-101,0
1095,-369,-219,0,0,0,-101,0
1096,-369,-219,0,0,0,-101,0
1097,-369,-219,0,0,0,-101,0
1098,-369,-219,0,0,0,-101,0
1099,-369,-219,0,0,0,-101,0
1100,-369,-219,0,0,0,-101,0
1101,-369,-219,0,0,0,-101,0
1102,-369,-219,0,0,0,-101,0
1103,-369,-219,0,0,0,-101,0
1104,-369,-219,0,0,0,-101,0
1105,-369,-219,0,0,0,-101,0
1106,-369,-219,0,0,0,-101,0
1107,-369,-219,0,0,0,-101,0
1108,-369,-219,0,0,0,-101,0
1109,-369,-219,0,0,0,-101,0
1110,-369,-219,0,0,0,-101,0
1111,-369,-219,0,0,0,-101,0
1112,-369,-219,0,0,0,-101,0
1113,-369,-219,0,0,0,-101,0
1114,-369,-219,0,0,0,-101,0
1115,-369,-219,0,0,0,-101,0
1116,-369,-219,0,0,0,-101,0
1117,-369,-219,0,0,0,-101,0
1118,-369,-219,0,0,0,-101,0
1119,-369,-219,0,0,0,-101,0
1120,-369,-219,0,0,0,-101,0
1121,-369,-219,0,0,0,-101,0
1122,-369,-219,0,0,0,-101,0
1123,-369,-219,0,0,0,-101,0
1124,-369,-219,0,0,0,-101,0
1125,-369,-219,0,0,0,-101,0
1126,-369,-219,0,0,0,-101,0
1127,-369,-219,0,0,0,-101,0
1128,-369,-219,0,0,0,-101,0
1129,-369,-219,0,0,0,-101,0
1130,-369,-219,0,0,0,-101,0
1131,-369,-219,0,0,0,-101,0
1132,-369,-219,0,0,0,-101,0
1133,-369,-219,0,0,0,-101,0
1134,-369,-219,0,0,0,-101,0
1135,-369,-219,0,0,0,-101,0
1136,-369,-219,0,0,0,-101,0
1137,-369,-219,0,0,0,-101,0
1138,-369,-219,0,0,0,-101,0
1139,-369,-219,0,0,0,-101,0
1140,-369,-219,0,0,0,-101,0
1141,-369,-219,0,0,0,-101,0
1142,-369,-219,0,0,0,-101,0
1143,-369,-219,0,0,0,-101,0
1144,-369,-219,0,0,0,-101,0
1145,-369,-219,0,0,0,-101,0
1146,-369,-219,0,0,0,-101,0
1147,-369,-219,0,0,0,-101,0
1148,-369,-219,0,0,0,-101,0
1149,-369,-219,0,0,0,-101,0
1150,-369,-219,0,0,0,-101,0
1151,-369,-219,0,0,0,-101,0
1152,-369,-219,0,0,0,-101,0
1153,-369,-219,0,0,0,-101,0
1154,-369,-219,0,0,0,-101,0
1155,-369,-219,0,0,0,-101,0
1156,-369,-219,0,0,0,-101,0
1157,-369,-219,0,0,0,-101,0
1158,-369,-219,0,0,0,-101,0
1159,-369,-219,0,0,0,-101,0
1160,-369,-219,0,0,0,-101,0
1161,-369,-219,0,0,0,-101,0
1162,-369,-219,0,0,0,-101,0
1163,-369,-219,0,0,0,-101,0
1164,-369,-219,0,0,0,-101,0
1165,-369,-219,0,0,0,-101,0
1166,-369,-219,0,0,0,-101,0
1167,-369,-219,0,0,0,-101,0
1168,-369,-219,0,0,0,-101,0
1169,-369,-219,0,0,0,-101,0
1170,-369,-219,0,0,0,-101,0
1171,-369,-219,0,0,0,-101,0
1172,-369,-219,0,0,0,-101,0
1173,-369,-219,0,0,0,-101,0
1174,-369,-219,0,0,0,-101,0
1175,-369,-219,0,0,0,-101,0
1176,-369,-219,0,0,0,-101,0
1177,-369,-219,0,0,0,-101,0
1178,-369,-219,0,0,0,-101,0
1179,-369,-219,0,0,0,-101,0
1180,-369,-219,0,0,0,-101,0
1181,-369,-219,0,0,0,-101,0
1182,-369,-219,0,0,0,-101,0
1183,-369,-219,0,0,0,-101,0
1184,-369,-219,0,0,0,-101,0
1185,-369,-219,0,0,0,-101,0
1186,-369,-219,0,0,0,-101,0
1187,-369,-219,0,0,0,-101,0
1188,-369,-219,0,0,0,-101,0
1189,-369,-219,0,0,0,-101,0
1190,-369,-219,0,0,0,-101,0
1191,-369,-219,0,0,0,-101,0
1192,-369,-219,0,0,0,-101,0
1193,-369,-219,0,0,0,-101,0
1194,-369,-219,0,0,0,-101,0
1195,-369,-219,0,0,0,-101,0
1196,-369,-219,0,0,0,-101,0
1197,-369,-219,0,0,0,-101,0
1198,-369,-219,0,0,0,-101,0
1199,-369,-219,0,0,0,-101,0
1200,-369,-219,0,0,0,-101,0
1201,-369,-219,0,0,0,-101,0
1202,-369,-219,0,0,0,-101,0
1203,-369,-219,0,0,0,-101,0
1204,-369,-219,0,0,0,-101,0
1205,-369,-219,0,0,0,-101,0
1206,-369,-219,0,0,0,-101,0
1207,-369,-219,0,0,0,-101,0
1208,-369,-219,0,0,0,-101,0
1209,-369,-219,0,0,0,-101,0
1210,-369,-219,0,0,0,-101,0
1211,-369,-219,0,0,0,-101,0
1212,-369,-219,0,0,0,-101,0
1213,-369,-219,0,0,0,-101,0
1214,-369,-219,0,0,0,-101,0
1215,-369,-219,0,0,0,-101,0
1216,-369,-219,0,0,0,-101,0
1217,-369,-219,0,0,0,-101,0
1218,-369,-219,0,0,0,-101,0
1219,-369,-219,0,0,0,-101,0
1220,-369,-219,0,0,0,-101,0
1221,-369,-219,0,0,0,-101,0
1222,-369,-219,0,0,0,-101,0
1223,-369,-219,0,0,0,-101,0
1224,-369,-219,0,0,0,-101,0
1225,-369,-219,0,0,0,-101,0
1226,-369,-219,0,0,0,-101,0
1227,-369,-219,0,0,0,-101,0
1228,-369,-219,0,0,0,-101,0
1229,-369,-219,0,0,0,-101,0
1230,-369,-219,0,0,0,-101,0
1231,-369,-219,0,0,0,-101,0
1232,-369,-219,0,0,0,-101,0
1233,-369,-219,0,0,0,-101,0
1234,-369,-219,0,0,0,-101,0
1235,-369,-219,0,0,0,-101,0
1236,-369,-219,0,0,0,-101,0
1237,-369,-219,0,0,0,-101,0
1238,-369,-219,0,0,0,-101,0
1239,-369,-219,0,0,0,-101,0
1240,-369,-219,0,0,0,-101,0
1241,-369,-219,0,0,0,-101,0
1242,-369,-219,0,0,0,-101,0
1243,-369,-219,0,0,0,-101,0
1244,-369,-219,0,0,0,-101,0
1245,-369,-219,0,0,0,-101,0
1246,-369,-219,0,0,0,-101,0
1247,-369,-219,0,0,0,-101,0
1248,-369,-219,0,0,0,-101,0
1249,-369,-219,0,0,0,-101,0
1250,-369,-219,0,0,0,-101,0
1251,-369,-219,0,0,0,-101,0
1252,-369,-219,0,0,0,-101,0
1253,-369,-219,0,0,0,-101,0
1254,-369,-219,0,0,0,-101,0
1255,-369,-219,0,0,0,-101,0
1256,-369,-219,0,0,0,-101,0
1257,-369,-219,0,0,0,-101,0
1258,-369,-219,0,0,0,-101,0
1259,-369,-219,0,0,0,-101,0
1260,-369,-219,0,0,0,-101,0
1261,-369,-219,0,0,0,-101,0
1262,-369,-219,0,0,0,-101,0
1263,-369,-219,0,0,0,-101,0
1264,-369,-219,0,0,0,-101,0
1265,-369,-219,0,0,0,-101,0
1266,-369,-219,0,0,0,-101,0
1267,-369,-219,0,0,0,-101,0
1268,-369,-219,0,0,0,-101,0
1269,-369,-219,0,0,0,-101,0
1270,-369,-219,0,0,0,-101,0
1271,-369,-219,0,0,0,-101,0
1272,-369,-219,0,0,0,-101,0
1273,-369,-219,0,0,0,-101,0
1274,-369,-219,0,0,0,-101,0
1275,-369,-219,0,0,0,-101,0
1276,-369,-219,0,0,0,-101,0
1277,-369,-219,1,0,0,-101,0
1278,-369,-219,1,0,0,-101,0
1279,-369,-219,1,0,0,-101,0
1280,-369,-219,1,0,0,-101,0
1281,-369,-219,1,0,0,-101,0
1282,-369,-219,1,0,0,-101,0
1283,-369,-219,1,0,0,-101,0
1284,-369,-219,1,0,0,-101,0
1285,-369,-219,1,0,0,-101,0
1286,-369,-219,1,0,0,-101,0
1287,-369,-219,1,0,0,-101,0
1288,-369,-219,1,0,0,-101,0
1289,-369,-219,1,0,0,-101,0
1290,-369,-219,1,0,0,-101,0
1291,-369,-219,1,0,0,-101,0
1292,-369,-219,1,0,0,-101,0
1293,-369,-219,1,0,0,-101,0
1294,-369,-219,1,0,0,-101,0
1295,-369,-219,1,0,0,-101,0
1296,-369,-219,1,0,0,-101,0
1297,-369,-219,1,0,0,-101,0
1298,-369,-219,1,0,0,-101,0
1299,-369,-219,1,0,0,-101,0
1300,-369,-219,1,0,0,-101,0
1301,-369,-219,1,0,0,-101,0
1302,-369,-219,1,0,0,-101,0
1303,-369,-219,1,0,0,-101,0
1304,-369,-219,1,0,0,-101,0
1305,-369,-219,1,0,0,-101,0
1306,-369,-219,1,0,0,-101,0
1307,-369,-219,1,0,0,-101,0
1308,-369,-219,1,0,0,-101,0
1309,-369,-219,1,0,0,-101,0
1310,-369,-219,1,0,0,-101,0
1311,-369,-219,1,0,0,-101,0
1312,-369,-219,1,0,0,-101,0
1313,-369,-219,1,0,0,-101,0
1314,-369,-219,1,0,0,-101,0
1315,-369,-219,1,0,0,-101,0
1316,-369,-219,1,0,0,-101,0
1317,-369,-219,1,0,0,-101,0
1318,-369,-219,1,0,0,-101,0
1319,-369,-219,1,0,0,-101,0
1320,-369,-219,1,0,0,-101,0
1321,-369,-219,1,0,0,-101,0
1322,-369,-219,1,0,0,-101,0
1323,-369,-219,1,0,0,-101,0
1324,-369,-219,1,0,0,-101,0
1325,-369,-219,1,0,0,-101,0
1326,-369,-219,1,0,0,-101,0
1327,-369,-219,1,0,0,-101,0
1328,-369,-219,1,0,0,-101,0
1329,-369,-219,1,0,0,-101,0
1330,-369,-219,1,0,0,-101,0
1331,-369,-219,1,0,0,-101,0
1332,-369,-219,1,0,0,-101,0
1333,-369,-219,1,0,0,-101,0
1334,-369,-219,1,0,0,-101,0
1335,-369,-219,1,0,0,-101,0
1336,-369,-219,1,0,0,-101,0
1337,-369,-219,1,0,0,-101,0
1338,-369,-219,1,0,0,-101,0
1339,-369,-219,1,0,0,-101,0
1340,-369,-219,1,0,0,-101,0
1341,-369,-219,1,0,0,-101,0
1342,-369,-219,1,0,0,-101,0
1343,-369,-219,1,0,0,-101,0
1344,-369,-219,1,0,0,-101,0
1345,-369,-219,1,0,0,-101,0
1346,-369,-219,1,0,0,-101,0
1347,-369,-219,1,0,0,-101,0
1348,-369,-219,1,0,0,-101,0
1349,-369,-219,1,0,0,-101,0
1350,-369,-219,1,0,0,-101,0
1351,-369,-219,1,0,0,-101,0
1352,-369,-219,1,0,0,-101,0
1353,-369,-219,1,0,0,-101,0
1354,-369,-219,1,0,0,-101,0
1355,-370,-219,1,0,0,-101,0
1356,-370,-219,1,0,0,-101,0
1357,-370,-219,1,0,0,-101,0
1358,-370,-219,1,0,0,-101,0
1359,-370,-219,1,0,0,-101,0
1360,-370,-219,1,0,0,-101,0
1361,-370,-219,1,0,0,-101,0
1362,-370,-220,1,0,0,-101,0
1363,-370,-220,1,0,0,-101,0
1364,-370,-220,1,0,0,-101,0
1365,-370,-220,1,0,0,-101,0
1366,-370,-220,1,0,0,-101,0
1367,-369,-220,1,0,0,-101,0
1368,-369,-220,1,0,0,-101,0
1369,-369,-220,1,0,0,-101,0
1370,-369,-220,1,0,0,-101,0
1371,-369,-220,1,0,0,-101,0
1372,-369,-220,1,0,0,-101,0
1373,-369,-220,1,0,0,-101,0
1374,-369,-220,1,0,0,-101,0
1375,-369,-220,1,0,0,-101,0
1376,-369,-219,1,0,0,-101,0
1377,-369,-219,1,0,0,-101,0
1378,-369,-219,1,0,0,-101,0
1379,-370,-218,1,0,0,-101,0
1380,-370,-218,1,0,0,-101,0
1381,-371,-218,1,0,0,-101,0
1382,-371,-218,1,0,0,-101,0
1383,-371,-218,1,0,0,-101,0
1384,-371,-218,1,0,0,-101,0
1385,-371,-219,1,0,0,-101,0
1386,-371,-220,1,0,0,-101,0
1387,-369,-223,1,0,0,-101,0
1388,-368,-224,1,0,0,-101,0
1389,-367,-225,1,0,0,-101,0
1390,-366,-227,1,0,0,-101,0
1391,-366,-228,1,0,0,-101,0
1392,-366,-228,1,0,0,-101,0
1393,-366,-228,1,0,0,-101,0
1394,-366,-228,1,0,0,-101,0
1395,-366,-228,1,0,0,-101,0
1396,-366,-226,1,0,0,-101,0
1397,-367,-224,1,0,0,-101,0
1398,-369,-221,1,0,0,-101,0
1399,-373,-215,1,0,0,-101,0
1400,-374,-215,1,0,0,-101,0
1401,-374,-214,1,0,0,-101,0
1402,-374,-214,1,0,0,-101,0
1403,-374,-214,1,0,0,-101,0
1404,-371,-220,1,0,0,-101,0
1405,-370,-222,1,0,0,-101,0
1406,-368,-225,1,0,0,-101,0
1407,-366,-228,1,0,0,-101,0
1408,-364,-231,1,0,0,-101,0
1409,-364,-231,1,0,0,-101,0
1410,-364,-231,1,0,0,-101,0
1411,-364,-231,1,0,0,-101,0
1412,-364,-231,1,0,0,-101,0
1413,-364,-230,1,0,0,-101,0
1414,-364,-228,1,0,0,-101,0
1415,-364,-224,1,0,0,-101,0
1416,-365,-221,1,0,0,-101,0
1417,-365,-218,1,0,0,-101,0
1418,-365,-215,1,0,0,-101,0
1419,-365,-215,1,0,0,-101,0
1420,-365,-215,1,0,0,-101,0
1421,-365,-215,1,0,0,-101,0
1422,-366,-217,1,0,0,-101,0
1423,-367,-219,1,0,0,-101,0
1424,-367,-221,1,0,0,-101,0
1425,-367,-223,1,0,0,-101,0
1426,-367,-226,1,0,0,-101,0
1427,-367,-227,1,0,0,-101,0
1428,-366,-229,1,0,0,-101,0
1429,-366,-229,1,0,0,-101,0
1430,-366,-229,1,0,0,-101,0
1431,-366,-229,1,0,0,-101,0
1432,-367,-228,1,0,0,-101,0
1433,-368,-222,1,0,0,-101,0
1434,-368,-221,1,0,0,-101,0
1435,-368,-219,1,0,0,-101,0
1436,-368,-219,1,0,0,-101,0
1437,-368,-219,1,0,0,-101,0
1438,-368,-219,1,0,0,-101,0
1439,-368,-219,1,0,0,-101,0
1440,-368,-220,1,0,0,-101,0
1441,-368,-223,1,0,0,-101,0
1442,-368,-224,1,0,0,-101,0
1443,-368,-226,1,0,0,-101,0
1444,-368,-227,1,0,0,-101,0
1445,-368,-228,1,0,0,-101,0
1446,-368,-229,1,0,0,-101,0
1447,-368,-229,1,0,0,-101,0
1448,-368,-229,1,0,0,-101,0
1449,-368,-226,1,0,0,-101,0
1450,-369,-221,1,0,0,-101,0
1451,-371,-214,1,0,0,-101,0
1452,-371,-212,1,0,0,-101,0
1453,-371,-211,1,0,0,-101,0
1454,-371,-211,1,0,0,-101,0
1455,-371,-211,1,0,0,-101,0
1456,-371,-212,1,0,0,-101,0
1457,-371,-213,1,0,0,-101,0
1458,-371,-217,1,0,0,-101,0
1459,-369,-223,1,0,0,-101,0
1460,-369,-224,1,0,0,-101,0
1461,-368,-225,1,0,0,-101,0
1462,-368,-225,1,0,0,-101,0
1463,-368,-225,1,0,0,-101,0
1464,-368,-225,1,0,0,-101,0
1465,-368,-224,1,0,0,-101,0
1466,-368,-220,1,0,0,-101,0
1467,-369,-218,1,0,0,-101,0
1468,-370,-216,1,0,0,-101,0
1469,-370,-213,1,0,0,-101,0
1470,-370,-212,1,0,0,-101,0
1471,-370,-211,1,0,0,-101,0
1472,-370,-211,1,0,0,-101,0
1473,-370,-211,1,0,0,-101,0
1474,-370,-214,1,0,0,-101,0
1475,-370,-217,1,0,0,-101,0
1476,-369,-219,1,0,0,-101,0
1477,-369,-221,1,0,0,-101,0
1478,-369,-223,1,0,0,-101,0
1479,-368,-224,1,0,0,-101,0
1480,-368,-224,1,0,0,-101,0
1481,-368,-224,1,0,0,-101,0
1482,-368,-224,1,0,0,-101,0
1483,-368,-222,1,0,0,-101,0
1484,-369,-220,1,0,0,-101,0
1485,-370,-217,1,0,0,-101,0
1486,-370,-215,1,0,0,-101,0
1487,-370,-214,1,0,0,-101,0
1488,-370,-213,1,0,0,-101,0
1489,-370,-213,1,0,0,-101,0
1490,-370,-213,1,0,0,-101,0
1491,-370,-215,1,0,0,-101,0
1492,-370,-216,1,0,0,-101,0
1493,-370,-218,1,0,0,-101,0
1494,-370,-221,1,0,0,-101,0
1495,-370,-221,1,0,0,-101,0
1496,-370,-222,1,0,0,-101,0
1497,-370,-222,1,0,0,-101,0
1498,-370,-222,1,0,0,-101,0
1499,-370,-222,1,0,0,-101,0
1500,-370,-222,1,0,0,-101,0
1501,-370,-222,1,0,0,-101,0
1502,-370,-222,1,0,0,-101,0
1503,-371,-222,1,0,0,-101,0
1504,-371,-222,1,0,0,-101,0
1505,-371,-222,1,0,0,-101,0
1506,-372,-221,1,0,0,-101,0
1507,-372,-220,1,0,0,-101,0
1508,-372,-219,1,0,0,-101,0
1509,-372,-218,1,0,0,-101,0
1510,-372,-218,1,0,0,-101,0
1511,-372,-218,1,0,0,-101,0
1512,-372,-218,1,0,0,-101,0
1513,-372,-218,1,0,0,-101,0
1514,-372,-218,1,0,0,-101,0
1515,-372,-218,1,0,0,-101,0
1516,-372,-218,1,0,0,-101,0
1517,-372,-218,1,0,0,-101,0
1518,-372,-218,1,0,0,-101,0
1519,-372,-218,1,0,0,-101,0
1520,-372,-218,1,0,0,-101,0
1521,-372,-218,1,0,0,-101,0
1522,-372,-218,1,0,0,-101,0
1523,-372,-219,1,0,0,-101,0
1524,-372,-219,1,0,0,-101,0
1525,-372,-219,1,0,0,-101,0
1526,-372,-219,1,0,0,-101,0
1527,-372,-219,1,0,0,-101,0
1528,-371,-219,1,0,0,-101,0
1529,-371,-219,1,0,0,-101,0
1530,-371,-220,1,0,0,-101,0
1531,-371,-220,1,0,0,-101,0
1532,-371,-220,1,0,0,-101,0
1533,-371,-220,1,0,0,-101,0
1534,-370,-220,1,0,0,-101,0
1535,-370,-220,1,0,0,-101,0
1536,-370,-220,1,0,0,-101,0
1537,-370,-220,1,0,0,-101,0
1538,-370,-220,1,0,0,-101,0
1539,-370,-220,1,0,0,-101,0
1540,-370,-220,1,0,0,-101,0
1541,-370,-220,1,0,0,-101,0
1542,-370,-220,1,0,0,-101,0
1543,-370,-220,1,0,0,-101,0
1544,-370,-220,1,0,0,-101,0
1545,-370,-220,1,0,0,-101,0
1546,-370,-220,1,0,0,-101,0
1547,-370,-220,1,0,0,-101,0
1548,-370,-220,1,0,0,-101,0
1549,-370,-220,1,0,0,-101,0
1550,-370,-220,1,0,0,-101,0
1551,-370,-220,1,0,0,-101,0
1552,-370,-220,1,0,0,-101,0
1553,-370,-220,1,0,0,-101,0
1554,-370,-220,1,0,0,-101,0
1555,-370,-220,1,0,0,-101,0
1556,-370,-220,1,0,0,-101,0
1557,-370,-220,1,0,0,-101,0
1558,-370,-220,1,0,0,-101,0
1559,-370,-220,1,0,0,-101,0
1560,-370,-220,1,0,0,-101,0
1561,-370,-220,1,0,0,-101,0
1562,-370,-220,1,0,0,-101,0
1563,-370,-220,1,0,0,-101,0
1564,-370,-220,1,0,0,-101,0
1565,-370,-220,1,0,0,-101,0
1566,-370,-220,1,0,0,-101,0
1567,-370,-220,1,0,0,-101,0
1568,-370,-220,1,0,0,-101,0
1569,-370,-220,1,0,0,-101,0
1570,-370,-220,1,0,0,-101,0
1571,-370,-220,1,0,0,-101,0
1572,-370,-220,1,0,0,-101,0
1573,-370,-220,1,0,0,-101,0
1574,-370,-220,1,0,0,-101,0
1575,-370,-220,1,0,0,-101,0
1576,-370,-220,1,0,0,-101,0
1577,-370,-220,1,0,0,-101,0
1578,-370,-220,1,0,0,-101,0
1579,-370,-220,1,0,0,-101,0
1580,-370,-220,1,0,0,-101,0
1581,-370,-220,1,0,0,-101,0
1582,-370,-220,1,0,0,-101,0
1583,-370,-220,1,0,0,-101,0
1584,-370,-220,1,0,0,-101,0
1585,-370,-220,1,0,0,-101,0
1586,-370,-220,1,0,0,-101,0
1587,-370,-220,1,0,0,-101,0
1588,-370,-220,1,0,0,-101,0
1589,-370,-220,1,0,0,-101,0
1590,-370,-220,1,0,0,-101,0
1591,-370,-220,1,0,0,-101,0
1592,-370,-220,1,0,0,-101,0
1593,-370,-220,1,0,0,-101,0
1594,-370,-220,1,0,0,-101,0
1595,-370,-220,1,0,0,-101,0
1596,-370,-220,1,0,0,-101,0
1597,-370,-220,1,0,0,-101,0
1598,-370,-220,1,0,0,-101,0
1599,-370,-220,1,0,0,-101,0
1600,-370,-220,1,0,0,-101,0
1601,-370,-220,1,0,0,-101,0
1602,-370,-220,1,0,0,-101,0
1603,-370,-220,1,0,0,-101,0
1604,-370,-220,1,0,0,-101,0
1605,-370,-220,1,0,0,-101,0
1606,-370,-220,1,0,0,-101,0
1607,-370,-220,1,0,0,-101,0
1608,-370,-220,1,0,0,-101,0
1609,-370,-220,1,0,0,-101,0
1610,-370,-220,1,0,0,-101,0
1611,-370,-220,1,0,0,-101,0
1612,-370,-220,1,0,0,-101,0
1613,-370,-220,1,0,0,-101,0
1614,-370,-220,1,0,0,-101,0
1615,-370,-220,1,0,0,-101,0
1616,-370,-220,1,0,0,-101,0
1617,-370,-220,1,0,0,-101,0
1618,-370,-220,1,0,0,-101,0
1619,-370,-220,1,0,0,-101,0
1620,-370,-220,1,0,0,-101,0
1621,-370,-220,1,0,0,-101,0
1622,-370,-220,1,0,0,-101,0
1623,-370,-220,1,0,0,-101,0
1624,-370,-220,1,0,0,-101,0
1625,-370,-220,1,0,0,-101,0
1626,-370,-220,1,0,0,-101,0
1627,-370,-220,1,0,0,-101,0
1628,-370,-220,1,0,0,-101,0
1629,-370,-220,1,0,0,-101,0
1630,-370,-220,1,0,0,-101,0
1631,-370,-220,1,0,0,-101,0
1632,-370,-220,1,0,0,-101,0
1633,-370,-220,1,0,0,-101,0
1634,-370,-220,1,0,0,-101,0
1635,-370,-220,1,0,0,-101,0
1636,-370,-220,1,0,0,-101,0
1637,-370,-220,1,0,0,-101,0
1638,-370,-220,1,0,0,-101,0
1639,-370,-220,1,0,0,-101,0
1640,-370,-220,1,0,0,-101,0
1641,-370,-220,1,0,0,-101,0
1642,-370,-220,1,0,0,-101,0
1643,-370,-220,1,0,0,-101,0
1644,-370,-220,1,0,0,-101,0
1645,-370,-220,1,0,0,-101,0
1646,-370,-220,1,0,0,-101,0
1647,-370,-220,1,0,0,-101,0
1648,-370,-220,1,0,0,-101,0
1649,-370,-220,1,0,0,-101,0
1650,-370,-220,1,0,0,-101,0
1651,-370,-220,1,0,0,-101,0
1652,-370,-220,1,0,0,-101,0
1653,-370,-220,1,0,0,-101,0
1654,-370,-220,1,0,0,-101,0
1655,-370,-220,1,0,0,-101,0
1656,-370,-220,1,0,0,-101,0
1657,-370,-220,1,0,0,-101,0
1658,-370,-220,1,0,0,-101,0
1659,-370,-220,1,0,0,-101,0
1660,-370,-220,1,0,0,-101,0
1661,-370,-220,1,0,0,-101,0
1662,-370,-220,1,0,0,-101,0
1663,-370,-220,1,0,0,-101,0
1664,-370,-220,1,0,0,-101,0
1665,-370,-220,1,0,0,-101,0
1666,-370,-220,1,0,0,-101,0
1667,-370,-220,1,0,0,-101,0
1668,-370,-220,1,0,0,-101,0
1669,-370,-220,1,0,0,-101,0
1670,-370,-220,1,0,0,-101,0
1671,-370,-220,1,0,0,-101,0
1672,-370,-220,1,0,0,-101,0
1673,-370,-220,1,0,0,-101,0
1674,-370,-220,1,0,0,-101,0
1675,-370,-220,1,0,0,-101,0
1676,-370,-220,1,0,0,-101,0
1677,-370,-220,1,0,0,-101,0
1678,-370,-220,1,0,0,-101,0
1679,-370,-220,1,0,0,-101,0
