t,x,y,fh,fv,r,s,frame:
0,-455,-317,0,0,0,-160,1
1,-455,-317,0,0,0,-160,1
2,-455,-317,0,0,0,-160,1
3,-455,-317,0,0,0,-160,1
4,-455,-317,0,0,0,-160,1
5,-455,-317,0,0,0,-160,1
6,-455,-317,0,0,0,-160,1
7,-455,-317,0,0,0,-160,1
8,-455,-317,0,0,0,-160,1
9,-455,-317,0,0,0,-160,1
10,-455,-317,0,0,0,-160,1
11,-455,-317,0,0,0,-160,1
12,-455,-317,0,0,0,-160,1
13,-455,-317,0,0,0,-160,1
14,-455,-317,0,0,0,-160,1
15,-455,-317,0,0,0,-160,1
16,-455,-317,0,0,0,-160,1
17,-455,-317,0,0,0,-160,1
18,-455,-317,0,0,0,-160,1
19,-455,-317,0,0,0,-160,1
20,-455,-317,0,0,0,-160,1
21,-455,-317,0,0,0,-160,1
22,-455,-317,0,0,0,-160,1
23,-455,-317,0,0,0,-160,1
24,-455,-317,0,0,0,-160,1
25,-455,-317,0,0,0,-160,1
26,-455,-317,0,0,0,-160,1
27,-455,-317,0,0,0,-160,1
28,-455,-317,0,0,0,-160,1
29,-455,-317,0,0,0,-160,1
30,-455,-317,0,0,0,-160,1
31,-455,-317,0,0,0,-160,1
32,-455,-317,0,0,0,-160,1
33,-455,-317,0,0,0,-160,1
34,-455,-317,0,0,0,-160,1
35,-455,-317,0,0,0,-160,1
36,-455,-317,0,0,0,-160,1
37,-455,-317,0,0,0,-160,1
38,-455,-317,0,0,0,-160,1
39,-455,-317,0,0,0,-160,1
40,-455,-317,0,0,0,-160,1
41,-455,-317,0,0,0,-160,1
42,-455,-317,0,0,0,-160,1
43,-455,-317,0,0,0,-160,1
44,-455,-317,0,0,0,-160,1
45,-455,-317,0,0,0,-160,1
46,-455,-317,0,0,0,-160,1
47,-455,-317,0,0,0,-160,1
48,-455,-317,0,0,0,-160,1
49,-455,-317,0,0,0,-160,1
50,-455,-317,0,0,0,-160,1
51,-455,-317,0,0,0,-160,1
52,-455,-317,0,0,0,-160,1
53,-455,-317,0,0,0,-160,1
54,-455,-317,0,0,0,-160,1
55,-455,-317,0,0,0,-160,1
56,-455,-317,0,0,0,-160,1
57,-455,-317,0,0,0,-160,1
58,-455,-317,0,0,0,-160,1
59,-455,-317,0,0,0,-160,1
60,-455,-317,0,0,0,-160,1
61,-455,-317,0,0,0,-160,1
62,-455,-317,0,0,0,-160,1
63,-455,-317,0,0,0,-160,1
64,-455,-317,0,0,0,-160,1
65,-455,-317,0,0,0,-160,1
66,-455,-317,0,0,0,-160,1
67,-455,-317,0,0,0,-160,1
68,-455,-317,0,0,0,-160,1
69,-455,-317,0,0,0,-160,1
70,-455,-317,0,0,0,-160,1
71,-455,-317,0,0,0,-160,1
72,-455,-317,0,0,0,-160,1
73,-455,-317,0,0,0,-160,1
74,-455,-317,0,0,0,-160,1
75,-455,-317,0,0,0,-160,1
76,-455,-317,0,0,0,-160,1
77,-455,-317,0,0,0,-160,1
78,-455,-317,0,0,0,-160,1
79,-455,-317,0,0,0,-160,1
80,-455,-317,0,0,0,-160,1
81,-455,-317,0,0,0,-160,1
82,-455,-317,0,0,0,-160,1
83,-455,-317,0,0,0,-160,1
84,-455,-317,0,0,0,-160,1
85,-455,-317,0,0,0,-160,1
86,-455,-317,0,0,0,-160,1
87,-455,-317,0,0,0,-160,1
88,-455,-317,0,0,0,-160,1
89,-455,-317,0,0,0,-160,1
90,-455,-317,0,0,0,-160,1
91,-455,-317,0,0,0,-160,1
92,-455,-317,0,0,0,-160,1
93,-455,-317,0,0,0,-160,1
94,-455,-317,0,0,0,-160,1
95,-455,-317,0,0,0,-160,1
96,-455,-317,0,0,0,-160,1
97,-455,-317,0,0,0,-160,1
98,-455,-317,0,0,0,-160,1
99,-455,-317,0,0,0,-160,1
100,-455,-317,0,0,0,-160,1
101,-455,-317,0,0,0,-160,1
102,-455,-317,0,0,0,-160,1
103,-455,-317,0,0,0,-160,1
104,-455,-317,0,0,0,-160,1
105,-455,-317,0,0,0,-160,1
106,-455,-317,0,0,0,-160,1
107,-455,-317,0,0,0,-160,1
108,-455,-317,0,0,0,-160,1
109,-455,-317,0,0,0,-160,1
110,-455,-317,0,0,0,-160,1
111,-455,-317,0,0,0,-160,1
112,-455,-317,0,0,0,-160,1
113,-455,-317,0,0,0,-160,1
114,-455,-317,0,0,0,-160,1
115,-455,-317,0,0,0,-160,1
116,-455,-317,0,0,0,-160,1
117,-455,-317,0,0,0,-160,1
118,-455,-317,0,0,0,-160,1
119,-455,-317,0,0,0,-160,1
120,-455,-317,0,0,0,-160,1
121,-455,-317,0,0,0,-160,1
122,-455,-317,0,0,0,-160,1
123,-455,-317,0,0,0,-160,1
124,-455,-317,0,0,0,-160,1
125,-455,-317,0,0,0,-160,1
126,-455,-317,0,0,0,-160,1
127,-455,-317,0,0,0,-160,1
128,-455,-317,0,0,0,-160,1
129,-455,-317,0,0,0,-160,1
130,-455,-317,0,0,0,-160,1
131,-455,-317,0,0,0,-160,1
132,-455,-317,0,0,0,-160,1
133,-455,-317,0,0,0,-160,1
134,-455,-317,0,0,0,-160,1
135,-455,-317,0,0,0,-160,1
136,-455,-317,0,0,0,-160,1
137,-455,-317,0,0,0,-160,1
138,-455,-317,0,0,0,-160,1
139,-455,-317,0,0,0,-160,1
140,-455,-317,0,0,0,-160,1
141,-455,-317,0,0,0,-160,1
142,-455,-317,0,0,0,-160,1
143,-455,-317,0,0,0,-160,1
144,-455,-317,0,0,0,-160,1
145,-455,-317,0,0,0,-160,1
146,-455,-317,0,0,0,-160,1
147,-455,-317,0,0,0,-160,1
148,-455,-317,0,0,0,-160,1
149,-455,-317,0,0,0,-160,1
150,-455,-317,0,0,0,-160,1
151,-455,-317,0,0,0,-160,1
152,-455,-317,0,0,0,-160,1
153,-455,-317,0,0,0,-160,1
154,-455,-317,0,0,0,-160,1
155,-455,-317,0,0,0,-160,1
156,-455,-317,0,0,0,-160,1
157,-455,-317,0,0,0,-160,1
158,-455,-317,0,0,0,-160,1
159,-455,-317,0,0,0,-160,1
160,-455,-317,0,0,0,-160,1
161,-455,-317,0,0,0,-160,1
162,-455,-317,0,0,0,-160,1
163,-455,-317,0,0,0,-160,1
164,-455,-317,0,0,0,-160,1
165,-455,-317,0,0,0,-160,1
166,-455,-317,0,0,0,-160,1
167,-455,-317,0,0,0,-160,1
168,-455,-317,0,0,0,-160,1
169,-455,-317,0,0,0,-160,1
170,-455,-317,0,0,0,-160,1
171,-455,-317,0,0,0,-160,1
172,-455,-317,0,0,0,-160,1
173,-455,-317,0,0,0,-160,1
174,-455,-317,0,0,0,-160,1
175,-455,-317,0,0,0,-160,1
176,-455,-317,0,0,0,-160,1
177,-455,-317,0,0,0,-160,1
178,-455,-317,0,0,0,-160,1
179,-455,-317,0,0,0,-160,1
180,-455,-317,0,0,0,-160,1
181,-455,-317,0,0,0,-160,1
182,-455,-317,0,0,0,-160,1
183,-455,-317,0,0,0,-160,1
184,-455,-317,0,0,0,-160,1
185,-455,-317,0,0,0,-160,1
186,-455,-317,0,0,0,-160,1
187,-455,-317,0,0,0,-160,1
188,-455,-317,0,0,0,-160,1
189,-455,-317,0,0,0,-160,1
190,-455,-317,0,0,0,-160,1
191,-455,-317,0,0,0,-160,1
192,-455,-317,0,0,0,-160,1
193,-455,-317,0,0,0,-160,1
194,-455,-317,0,0,0,-160,1
195,-455,-317,0,0,0,-160,1
196,-455,-317,0,0,0,-160,1
197,-455,-317,0,0,0,-160,1
198,-455,-317,0,0,0,-160,1
199,-455,-317,0,0,0,-160,1
200,-455,-317,0,0,0,-160,1
201,-455,-317,0,0,0,-160,1
202,-455,-317,0,0,0,-160,1
203,-455,-317,0,0,0,-160,1
204,-455,-317,0,0,0,-160,1
205,-455,-317,0,0,0,-160,1
206,-455,-317,0,0,0,-160,1
207,-455,-317,0,0,0,-160,1
208,-455,-317,0,0,0,-160,1
209,-455,-317,0,0,0,-160,1
210,-455,-317,0,0,0,-160,1
211,-455,-317,0,0,0,-160,1
212,-455,-317,0,0,0,-160,1
213,-455,-317,0,0,0,-160,1
214,-455,-317,0,0,0,-160,1
215,-455,-317,0,0,0,-160,1
216,-455,-317,0,0,0,-160,1
217,-455,-317,0,0,0,-160,1
218,-455,-317,0,0,0,-160,1
219,-455,-317,0,0,0,-160,1
220,-455,-317,0,0,0,-160,1
221,-455,-317,0,0,0,-160,1
222,-455,-317,0,0,0,-160,1
223,-455,-317,0,0,0,-160,1
224,-455,-317,0,0,0,-160,1
225,-455,-317,0,0,0,-160,1
226,-455,-317,0,0,0,-160,1
227,-455,-317,0,0,0,-160,1
228,-455,-317,0,0,0,-160,1
229,-455,-317,0,0,0,-160,1
230,-455,-317,0,0,0,-160,1
231,-455,-317,0,0,0,-160,1
232,-455,-317,0,0,0,-160,1
233,-455,-317,0,0,0,-160,1
234,-455,-317,0,0,0,-160,1
235,-455,-317,0,0,0,-160,1
236,-455,-317,0,0,0,-160,1
237,-455,-317,0,0,0,-160,1
238,-455,-317,0,0,0,-160,1
239,-455,-317,0,0,0,-160,1
240,-455,-317,0,0,0,-160,1
241,-455,-317,0,0,0,-160,1
242,-455,-317,0,0,0,-160,1
243,-455,-317,0,0,0,-160,1
244,-455,-317,0,0,0,-160,1
245,-455,-317,0,0,0,-160,1
246,-455,-317,0,0,0,-160,1
247,-455,-317,0,0,0,-160,1
248,-455,-317,0,0,0,-160,1
249,-455,-317,0,0,0,-160,1
250,-455,-317,0,0,0,-160,1
251,-455,-317,0,0,0,-160,1
252,-455,-317,0,0,0,-160,1
253,-455,-317,0,0,0,-160,1
254,-455,-317,0,0,0,-160,1
255,-455,-317,0,0,0,-160,1
256,-455,-317,0,0,0,-160,1
257,-455,-317,0,0,0,-160,1
258,-455,-317,0,0,0,-160,1
259,-455,-317,0,0,0,-160,1
260,-455,-317,0,0,0,-160,1
261,-455,-317,0,0,0,-160,1
262,-455,-317,0,0,0,-160,1
263,-455,-317,0,0,0,-160,1
264,-455,-317,0,0,0,-160,1
265,-455,-317,0,0,0,-160,1
266,-455,-317,0,0,0,-160,1
267,-455,-317,0,0,0,-160,1
268,-455,-317,0,0,0,-160,1
269,-455,-317,0,0,0,-160,1
270,-455,-317,0,0,0,-160,1
271,-455,-317,0,0,0,-160,1
272,-455,-317,0,0,0,-160,1
273,-455,-317,0,0,0,-160,1
274,-455,-317,0,0,0,-160,1
275,-455,-317,0,0,0,-160,1
276,-455,-317,0,0,0,-160,1
277,-455,-317,0,0,0,-160,1
278,-455,-317,0,0,0,-160,1
279,-455,-317,0,0,0,-160,1
280,-455,-317,0,0,0,-160,1
281,-455,-317,0,0,0,-160,1
282,-455,-317,0,0,0,-160,1
283,-455,-317,0,0,0,-160,1
284,-455,-317,0,0,0,-160,1
285,-455,-317,0,0,0,-160,1
286,-455,-317,0,0,0,-160,1
287,-455,-317,0,0,0,-160,1
288,-455,-317,0,0,0,-160,1
289,-455,-317,0,0,0,-160,1
290,-455,-317,0,0,0,-160,1
291,-455,-317,0,0,0,-160,1
292,-455,-317,0,0,0,-160,1
293,-455,-317,0,0,0,-160,1
294,-455,-317,0,0,0,-160,1
295,-455,-317,0,0,0,-160,1
296,-455,-317,0,0,0,-160,1
297,-455,-317,0,0,0,-160,1
298,-455,-317,0,0,0,-160,1
299,-455,-317,0,0,0,-160,1
300,-455,-317,0,0,0,-160,1
301,-455,-317,0,0,0,-160,1
302,-455,-317,0,0,0,-160,1
303,-455,-317,0,0,0,-160,1
304,-455,-317,0,0,0,-160,1
305,-455,-317,0,0,0,-160,1
306,-455,-317,0,0,0,-160,1
307,-455,-317,0,0,0,-160,1
308,-455,-317,0,0,0,-160,1
309,-455,-317,0,0,0,-160,1
310,-455,-317,0,0,0,-160,1
311,-455,-317,0,0,0,-160,1
312,-455,-317,0,0,0,-160,1
313,-455,-317,0,0,0,-160,1
314,-455,-317,0,0,0,-160,1
315,-455,-317,0,0,0,-160,1
316,-455,-317,0,0,0,-160,1
317,-455,-317,0,0,0,-160,1
318,-455,-317,0,0,0,-160,1
319,-455,-317,0,0,0,-160,1
320,-455,-317,0,0,0,-160,1
321,-455,-317,0,0,0,-160,1
322,-455,-317,0,0,0,-160,1
323,-455,-317,0,0,0,-160,1
324,-455,-317,0,0,0,-160,1
325,-455,-317,0,0,0,-160,1
326,-455,-317,0,0,0,-160,1
327,-455,-317,0,0,0,-160,1
328,-455,-317,0,0,0,-160,1
329,-455,-317,0,0,0,-160,1
330,-455,-317,0,0,0,-160,1
331,-455,-317,0,0,0,-160,1
332,-455,-317,0,0,0,-160,1
333,-455,-317,0,0,0,-160,1
334,-455,-317,0,0,0,-160,1
335,-455,-317,0,0,0,-160,1
336,-455,-317,0,0,0,-160,1
337,-455,-317,0,0,0,-160,1
338,-455,-317,0,0,0,-160,1
339,-455,-317,0,0,0,-160,1
340,-455,-317,0,0,0,-160,1
341,-455,-317,0,0,0,-160,1
342,-455,-317,0,0,0,-160,1
343,-455,-317,0,0,0,-160,1
344,-455,-317,0,0,0,-160,1
345,-455,-317,0,0,0,-160,1
346,-455,-317,0,0,0,-160,1
347,-455,-317,0,0,0,-160,1
348,-455,-317,0,0,0,-160,1
349,-455,-317,0,0,0,-160,1
350,-455,-317,0,0,0,-160,1
351,-455,-317,0,0,0,-160,1
352,-455,-317,0,0,0,-160,1
353,-455,-317,0,0,0,-160,1
354,-455,-317,0,0,0,-160,1
355,-455,-317,0,0,0,-160,1
356,-455,-317,0,0,0,-160,1
357,-455,-317,0,0,0,-160,1
358,-455,-317,0,0,0,-160,1
359,-455,-317,0,0,0,-160,1
360,-455,-317,0,0,0,-160,1
361,-455,-317,0,0,0,-160,1
362,-455,-317,0,0,0,-160,1
363,-455,-317,0,0,0,-160,1
364,-455,-317,0,0,0,-160,1
365,-455,-317,0,0,0,-160,1
366,-455,-317,0,0,0,-160,1
367,-455,-317,0,0,0,-160,1
368,-455,-317,0,0,0,-160,1
369,-455,-317,0,0,0,-160,1
370,-455,-317,0,0,0,-160,1
371,-455,-317,0,0,0,-160,1
372,-455,-317,0,0,0,-160,1
373,-455,-317,0,0,0,-160,1
374,-455,-317,0,0,0,-160,1
375,-455,-317,0,0,0,-160,1
376,-455,-317,0,0,0,-160,1
377,-455,-317,0,0,0,-160,1
378,-455,-317,0,0,0,-160,1
379,-455,-317,0,0,0,-160,1
380,-455,-317,0,0,0,-160,1
381,-455,-317,0,0,0,-160,1
382,-455,-317,0,0,0,-160,1
383,-455,-317,0,0,0,-160,1
384,-455,-317,0,0,0,-160,1
385,-455,-317,0,0,0,-160,1
386,-455,-317,0,0,0,-160,1
387,-455,-317,0,0,0,-160,1
388,-455,-317,0,0,0,-160,1
389,-455,-317,0,0,0,-160,1
390,-455,-317,0,0,0,-160,1
391,-455,-317,0,0,0,-160,1
392,-455,-317,0,0,0,-160,1
393,-455,-317,0,0,0,-160,1
394,-455,-317,0,0,0,-160,1
395,-455,-317,0,0,0,-160,1
396,-455,-317,0,0,0,-160,1
397,-455,-317,0,0,0,-160,1
398,-455,-317,0,0,0,-160,1
399,-455,-317,0,0,0,-160,1
400,-455,-317,0,0,0,-160,1
401,-455,-317,0,0,0,-160,1
402,-455,-317,0,0,0,-160,1
403,-455,-317,0,0,0,-160,1
404,-455,-317,0,0,0,-160,1
405,-455,-317,0,0,0,-160,1
406,-455,-317,0,0,0,-160,1
407,-455,-317,0,0,0,-160,1
408,-455,-317,0,0,0,-160,1
409,-455,-317,0,0,0,-160,1
410,-455,-317,0,0,0,-160,1
411,-455,-317,0,0,0,-160,1
412,-455,-317,0,0,0,-160,1
413,-455,-317,0,0,0,-160,1
414,-455,-317,0,0,0,-160,1
415,-455,-317,0,0,0,-160,1
416,-455,-317,0,0,0,-160,0
417,-455,-317,0,0,0,-160,0
418,-455,-317,0,0,0,-160,0
419,-455,-317,0,0,0,-160,0
420,-457,-317,0,0,0,-160,0
421,-459,-317,0,0,0,-160,0
422,-460,-317,0,0,0,-160,0
423,-462,-318,0,0,0,-160,0
424,-463,-318,0,0,0,-160,0
425,-464,-318,0,0,0,-160,0
426,-464,-319,0,0,0,-160,0
427,-465,-319,0,0,0,-160,0
428,-465,-319,0,0,0,-160,0
429,-465,-319,0,0,0,-160,0
430,-466,-320,0,0,0,-160,0
431,-467,-322,0,0,0,-160,0
432,-468,-322,0,0,0,-160,0
433,-468,-322,0,0,0,-160,0
434,-468,-322,0,0,0,-160,0
435,-466,-322,0,0,0,-160,0
436,-466,-322,0,0,0,-160,0
437,-464,-322,0,0,0,-160,0
438,-463,-322,0,0,0,-160,0
439,-463,-322,0,0,0,-160,0
440,-461,-322,0,0,0,-160,0
441,-461,-322,0,0,0,-160,0
442,-461,-322,0,0,0,-160,0
443,-460,-322,0,0,0,-160,0
444,-459,-322,0,0,0,-160,0
445,-459,-322,0,0,0,-160,0
446,-459,-322,0,0,0,-160,0
447,-459,-322,0,0,0,-160,0
448,-459,-322,0,0,0,-160,0
449,-459,-322,0,0,0,-160,0
450,-460,-322,0,0,0,-160,0
451,-461,-322,0,0,0,-160,0
452,-463,-322,0,0,0,-160,0
453,-466,-322,0,0,0,-160,0
454,-468,-322,0,0,0,-160,0
455,-471,-322,0,0,0,-160,0
456,-472,-322,0,0,0,-160,0
457,-472,-322,0,0,0,-160,0
458,-472,-322,0,0,0,-160,0
459,-472,-322,0,0,0,-160,0
460,-472,-322,0,0,0,-160,0
461,-472,-322,0,0,0,-160,0
462,-472,-322,0,0,0,-160,0
463,-471,-322,0,0,0,-160,0
464,-470,-322,0,0,0,-160,0
465,-468,-322,0,0,0,-160,0
466,-467,-322,0,0,0,-160,0
467,-466,-322,0,0,0,-160,0
468,-465,-322,0,0,0,-160,0
469,-465,-322,0,0,0,-160,0
470,-465,-322,0,0,0,-160,0
471,-465,-322,0,0,0,-160,0
472,-465,-322,0,0,0,-160,0
473,-465,-322,0,0,0,-160,0
474,-464,-322,0,0,0,-160,0
475,-464,-322,0,0,0,-160,0
476,-463,-322,0,0,0,-160,0
477,-463,-322,0,0,0,-160,0
478,-463,-322,0,0,0,-160,0
479,-463,-322,0,0,0,-160,0
480,-463,-322,0,0,0,-160,0
481,-463,-322,0,0,0,-160,0
482,-463,-322,0,0,0,-160,0
483,-464,-322,0,0,0,-160,0
484,-465,-322,0,0,0,-160,0
485,-467,-322,0,0,0,-160,0
486,-467,-322,0,0,0,-160,0
487,-467,-322,0,0,0,-160,0
488,-467,-322,0,0,0,-160,0
489,-467,-322,0,0,0,-160,0
490,-467,-322,0,0,0,-160,0
491,-467,-322,0,0,0,-160,0
492,-467,-322,0,0,0,-160,0
493,-466,-322,0,0,0,-160,0
494,-465,-322,0,0,0,-160,0
495,-464,-322,0,0,0,-160,0
496,-463,-322,0,0,0,-160,0
497,-463,-322,0,0,0,-160,0
498,-463,-322,0,0,0,-160,0
499,-463,-322,0,0,0,-160,0
500,-463,-322,0,0,0,-160,0
501,-463,-322,0,0,0,-160,0
502,-463,-322,0,0,0,-160,0
503,-463,-322,0,0,0,-160,0
504,-463,-322,0,0,0,-160,0
505,-463,-322,0,0,0,-160,0
506,-463,-322,0,0,0,-160,0
507,-463,-322,0,0,0,-160,0
508,-463,-322,0,0,0,-160,0
509,-463,-322,0,0,0,-160,0
510,-463,-322,0,0,0,-160,0
511,-464,-322,0,0,0,-160,0
512,-465,-322,0,0,0,-160,0
513,-465,-322,0,0,0,-160,0
514,-465,-322,0,0,0,-160,0
515,-465,-322,0,0,0,-160,0
516,-465,-322,0,0,0,-160,0
517,-465,-322,0,0,0,-160,0
518,-465,-322,0,0,0,-160,0
519,-465,-321,0,0,0,-160,0
520,-464,-321,0,0,0,-160,0
521,-463,-321,0,0,0,-160,0
522,-463,-320,0,0,0,-160,0
523,-463,-320,0,0,0,-160,0
524,-462,-320,0,0,0,-160,0
525,-461,-320,0,0,0,-160,0
526,-460,-320,0,0,0,-160,0
527,-460,-320,0,0,0,-160,0
528,-460,-320,0,0,0,-160,0
529,-460,-320,0,0,0,-160,0
530,-460,-320,0,0,0,-160,0
531,-460,-320,0,0,0,-160,0
532,-460,-320,0,0,0,-160,0
533,-461,-320,0,0,0,-160,0
534,-461,-320,0,0,0,-160,0
535,-463,-320,0,0,0,-160,0
536,-463,-320,0,0,0,-160,0
537,-464,-320,0,0,0,-160,0
538,-464,-320,0,0,0,-160,0
539,-464,-320,0,0,0,-160,0
540,-464,-320,0,0,0,-160,0
541,-464,-320,0,0,0,-160,0
542,-463,-320,0,0,0,-160,0
543,-463,-320,0,0,0,-160,0
544,-463,-320,0,0,0,-160,0
545,-463,-320,0,0,0,-160,0
546,-463,-320,0,0,0,-160,0
547,-462,-320,0,0,0,-160,0
548,-462,-320,0,0,0,-160,0
549,-461,-320,0,0,0,-160,0
550,-461,-320,0,0,0,-160,0
551,-461,-320,0,0,0,-160,0
552,-461,-320,0,0,0,-160,0
553,-461,-320,0,0,0,-160,0
554,-461,-320,0,0,0,-160,0
555,-461,-320,0,0,0,-160,0
556,-462,-320,0,0,0,-160,0
557,-462,-320,0,0,0,-160,0
558,-462,-320,0,0,0,-160,0
559,-463,-320,0,0,0,-160,0
560,-463,-320,0,0,0,-160,0
561,-463,-320,0,0,0,-160,0
562,-463,-320,0,0,0,-160,0
563,-463,-320,0,0,0,-160,0
564,-463,-320,0,0,0,-160,0
565,-462,-320,0,0,0,-160,0
566,-462,-320,0,0,0,-160,0
567,-462,-320,0,0,0,-160,0
568,-462,-320,0,0,0,-160,0
569,-461,-320,0,0,0,-160,0
570,-460,-320,0,0,0,-160,0
571,-460,-320,0,0,0,-160,0
572,-460,-320,0,0,0,-160,0
573,-460,-320,0,0,0,-160,0
574,-460,-320,0,0,0,-160,0
575,-460,-320,0,0,0,-160,0
576,-460,-320,0,0,0,-160,0
577,-461,-320,0,0,0,-160,0
578,-461,-320,0,0,0,-160,0
579,-462,-320,0,0,0,-160,0
580,-464,-320,0,0,0,-160,0
581,-464,-320,0,0,0,-160,0
582,-465,-320,0,0,0,-160,0
583,-465,-320,0,0,0,-160,0
584,-465,-320,0,0,0,-160,0
585,-465,-320,0,0,0,-160,0
586,-465,-320,0,0,0,-160,0
587,-465,-320,0,0,0,-160,0
588,-465,-320,0,0,0,-160,0
589,-465,-320,0,0,0,-160,0
590,-464,-320,0,0,0,-160,0
591,-464,-320,0,0,0,-160,0
592,-464,-320,0,0,0,-160,0
593,-464,-320,0,0,0,-160,0
594,-464,-320,0,0,0,-160,0
595,-464,-320,0,0,0,-160,0
596,-464,-320,0,0,0,-160,0
597,-464,-320,0,0,0,-160,0
598,-464,-320,0,0,0,-160,0
599,-464,-320,0,0,0,-160,0
600,-464,-320,0,0,0,-160,0
601,-464,-320,0,0,0,-160,0
602,-464,-320,0,0,0,-160,0
603,-464,-320,0,0,0,-160,0
604,-464,-320,0,0,0,-160,0
605,-464,-320,0,0,0,-160,0
606,-464,-320,0,0,0,-160,0
607,-464,-320,0,0,0,-160,0
608,-464,-320,0,0,0,-160,0
609,-464,-320,0,0,0,-160,0
610,-464,-320,0,0,0,-160,0
611,-464,-320,0,0,0,-160,0
612,-464,-320,0,0,0,-160,0
613,-464,-320,0,0,0,-160,0
614,-464,-320,0,0,0,-160,0
615,-463,-320,0,0,0,-160,0
616,-463,-320,0,0,0,-160,0
617,-463,-320,0,0,0,-160,0
618,-463,-320,0,0,0,-160,0
619,-463,-320,0,0,0,-160,0
620,-463,-320,0,0,0,-160,0
621,-463,-320,0,0,0,-160,0
622,-463,-320,0,0,0,-160,0
623,-463,-320,0,0,0,-160,0
624,-463,-320,0,0,0,-160,0
625,-463,-320,0,0,0,-160,0
626,-463,-320,0,0,0,-160,0
627,-463,-320,0,0,0,-160,0
628,-463,-320,0,0,0,-160,0
629,-463,-320,0,0,0,-160,0
630,-463,-320,0,0,0,-160,0
631,-463,-320,0,0,0,-160,0
632,-463,-320,0,0,0,-160,0
633,-463,-320,0,0,0,-160,0
634,-463,-320,0,0,0,-160,0
635,-463,-320,0,0,0,-160,0
636,-463,-320,0,0,0,-160,0
637,-463,-320,0,0,0,-160,0
638,-463,-320,0,0,0,-160,0
639,-463,-320,0,0,0,-160,0
640,-463,-320,0,0,0,-160,0
641,-463,-320,0,0,0,-160,0
642,-463,-320,0,0,0,-160,0
643,-463,-320,0,0,0,-160,0
644,-463,-320,0,0,0,-160,0
645,-463,-320,0,0,0,-160,0
646,-463,-320,0,0,0,-160,0
647,-463,-320,0,0,0,-160,0
648,-463,-320,0,0,0,-160,0
649,-463,-320,0,0,0,-160,0
650,-463,-320,0,0,0,-160,0
651,-463,-320,0,0,0,-160,0
652,-463,-320,0,0,0,-160,0
653,-463,-320,0,0,0,-160,0
654,-463,-320,0,0,0,-160,0
655,-463,-320,0,0,0,-160,0
656,-463,-320,0,0,0,-160,0
657,-463,-320,0,0,0,-160,0
658,-463,-320,0,0,0,-160,0
659,-463,-320,0,0,0,-160,0
660,-463,-320,0,0,0,-160,0
661,-463,-320,0,0,0,-160,0
662,-463,-320,0,0,0,-160,0
663,-463,-320,0,0,0,-160,0
664,-464,-320,0,0,0,-160,1
665,-464,-320,0,0,0,-160,1
666,-464,-320,0,0,0,-160,1
667,-464,-320,0,0,0,-160,1
668,-464,-320,0,0,0,-160,1
669,-464,-320,0,0,0,-160,1
670,-464,-320,0,0,0,-160,1
671,-464,-320,0,0,0,-160,1
672,-464,-320,0,0,0,-160,1
673,-464,-320,0,0,0,-160,1
674,-464,-320,0,0,0,-160,1
675,-464,-320,0,0,0,-160,1
676,-464,-320,0,0,0,-160,1
677,-464,-320,0,0,0,-160,1
678,-464,-320,0,0,0,-160,1
679,-464,-320,0,0,0,-160,1
680,-464,-320,0,0,0,-160,1
681,-464,-320,0,0,0,-160,1
682,-464,-320,0,0,0,-160,1
683,-464,-320,0,0,0,-160,1
684,-464,-320,0,0,0,-160,1
685,-464,-320,0,0,0,-160,1
686,-464,-320,0,0,0,-160,1
687,-464,-320,0,0,0,-160,1
688,-464,-320,0,0,0,-160,1
689,-464,-320,0,0,0,-160,1
690,-464,-320,0,0,0,-160,1
691,-464,-320,0,0,0,-160,1
692,-464,-320,0,0,0,-160,1
693,-464,-320,0,0,0,-160,1
694,-464,-320,0,0,0,-160,1
695,-464,-320,0,0,0,-160,1
696,-464,-320,0,0,0,-160,1
697,-464,-320,0,0,0,-160,1
698,-464,-320,0,0,0,-160,1
699,-464,-320,0,0,0,-160,1
700,-464,-320,0,0,0,-160,1
701,-464,-320,0,0,0,-160,1
702,-464,-320,0,0,0,-160,1
703,-464,-320,0,0,0,-160,1
704,-464,-320,0,0,0,-160,1
705,-464,-320,0,0,0,-160,1
706,-464,-320,0,0,0,-160,1
707,-463,-320,0,0,0,-160,1
708,-463,-320,0,0,0,-160,1
709,-463,-320,0,0,0,-160,1
710,-463,-320,0,0,0,-160,1
711,-463,-320,0,0,0,-160,1
712,-463,-320,0,0,0,-160,1
713,-462,-320,0,0,0,-160,1
714,-462,-320,0,0,0,-160,1
715,-462,-320,0,0,0,-160,1
716,-462,-320,0,0,0,-160,1
717,-462,-320,0,0,0,-160,1
718,-462,-320,0,0,0,-160,1
719,-462,-320,0,0,0,-160,1
720,-462,-320,0,0,0,-160,1
721,-462,-320,0,0,0,-160,1
722,-462,-320,0,0,0,-160,1
723,-461,-320,0,0,0,-160,1
724,-461,-319,0,0,0,-160,1
725,-461,-319,0,0,0,-160,1
726,-461,-319,0,0,0,-160,1
727,-461,-319,0,0,0,-160,1
728,-461,-319,0,0,0,-160,1
729,-461,-319,0,0,0,-160,1
730,-461,-319,0,0,0,-160,1
731,-461,-319,0,0,0,-160,1
732,-461,-319,0,0,0,-160,1
733,-461,-319,0,0,0,-160,1
734,-461,-319,0,0,0,-160,1
735,-461,-319,0,0,0,-160,1
736,-461,-319,0,0,0,-160,1
737,-461,-319,0,0,0,-160,1
738,-461,-319,0,0,0,-160,1
739,-461,-319,0,0,0,-160,1
740,-461,-319,0,0,0,-160,1
741,-461,-319,0,0,0,-160,1
742,-461,-319,0,0,0,-160,1
743,-461,-319,0,0,0,-160,1
744,-461,-319,0,0,0,-160,1
745,-461,-319,0,0,0,-160,1
746,-461,-319,0,0,0,-160,1
747,-461,-319,0,0,0,-160,1
748,-461,-319,0,0,0,-160,1
749,-461,-319,0,0,0,-160,1
750,-461,-319,0,0,0,-160,1
751,-461,-319,0,0,0,-160,1
752,-461,-319,0,0,0,-160,1
753,-460,-319,0,0,0,-160,1
754,-460,-319,0,0,0,-160,1
755,-460,-319,0,0,0,-160,1
756,-460,-319,0,0,0,-160,1
757,-460,-319,0,0,0,-160,1
758,-460,-319,0,0,0,-160,1
759,-459,-319,0,0,0,-160,1
760,-459,-319,0,0,0,-160,1
761,-459,-319,0,0,0,-160,1
762,-459,-319,0,0,0,-160,1
763,-459,-319,0,0,0,-160,1
764,-459,-319,0,0,0,-160,1
765,-459,-319,0,0,0,-160,1
766,-459,-319,0,0,0,-160,1
767,-459,-319,0,0,0,-160,1
768,-459,-319,0,0,0,-160,1
769,-459,-319,0,0,0,-160,1
770,-459,-319,0,0,0,-160,1
771,-459,-319,0,0,0,-160,1
772,-459,-319,0,0,0,-160,1
773,-459,-319,0,0,0,-160,1
774,-459,-319,0,0,0,-160,1
775,-459,-319,0,0,0,-160,1
776,-459,-319,0,0,0,-160,1
777,-459,-319,0,0,0,-160,1
778,-459,-319,0,0,0,-160,1
779,-459,-319,0,0,0,-160,1
780,-459,-319,0,0,0,-160,1
781,-459,-319,0,0,0,-160,1
782,-459,-319,0,0,0,-160,1
783,-459,-319,0,0,0,-160,1
784,-459,-319,0,0,0,-160,1
785,-459,-319,0,0,0,-160,1
786,-459,-319,0,0,0,-160,1
787,-459,-319,0,0,0,-160,1
788,-459,-319,0,0,0,-160,1
789,-459,-319,0,0,0,-160,1
790,-459,-319,0,0,0,-160,1
791,-459,-319,0,0,0,-160,1
792,-459,-319,0,0,0,-160,1
793,-459,-319,0,0,0,-160,1
794,-459,-319,0,0,0,-160,1
795,-459,-319,0,0,0,-160,1
796,-459,-319,0,0,0,-160,1
797,-459,-319,0,0,0,-160,1
798,-459,-319,0,0,0,-160,1
799,-459,-319,0,0,0,-160,1
800,-459,-319,0,0,0,-160,1
801,-459,-319,0,0,0,-160,1
802,-459,-319,0,0,0,-160,1
803,-459,-319,0,0,0,-160,1
804,-459,-319,0,0,0,-160,1
805,-459,-319,0,0,0,-160,1
806,-459,-319,0,0,0,-160,1
807,-459,-319,0,0,0,-160,1
808,-459,-319,0,0,0,-160,1
809,-459,-319,0,0,0,-160,1
810,-459,-319,0,0,0,-160,1
811,-459,-319,0,0,0,-160,1
812,-459,-319,0,0,0,-160,1
813,-459,-319,0,0,0,-160,1
814,-459,-319,0,0,0,-160,1
815,-459,-319,0,0,0,-160,1
816,-459,-319,0,0,0,-160,1
817,-459,-319,0,0,0,-160,1
818,-459,-319,0,0,0,-160,1
819,-459,-319,0,0,0,-160,1
820,-459,-319,0,0,0,-160,1
821,-459,-319,0,0,0,-160,1
822,-459,-319,0,0,0,-160,1
823,-459,-319,0,0,0,-160,1
824,-459,-319,0,0,0,-160,1
825,-459,-319,0,0,0,-160,1
826,-459,-319,0,0,0,-160,1
827,-459,-319,0,0,0,-160,1
828,-459,-319,0,0,0,-160,1
829,-459,-319,0,0,0,-160,1
830,-459,-319,0,0,0,-160,1
831,-459,-319,0,0,0,-160,1
832,-459,-319,0,0,0,-160,1
833,-459,-319,0,0,0,-160,1
834,-459,-319,0,0,0,-160,1
835,-459,-319,0,0,0,-160,1
836,-459,-319,0,0,0,-160,1
837,-459,-319,0,0,0,-160,1
838,-459,-319,0,0,0,-160,1
839,-459,-319,0,0,0,-160,1
840,-459,-319,0,0,0,-160,1
841,-459,-319,0,0,0,-160,1
842,-459,-319,0,0,0,-160,1
843,-459,-319,0,0,0,-160,1
844,-459,-319,0,0,0,-160,1
845,-459,-319,0,0,0,-160,1
846,-459,-319,0,0,0,-160,1
847,-459,-319,0,0,0,-160,1
848,-459,-319,0,0,0,-160,1
849,-459,-319,0,0,0,-160,1
850,-459,-319,0,0,0,-160,1
851,-459,-319,0,0,0,-160,1
852,-459,-319,0,0,0,-160,1
853,-459,-319,0,0,0,-160,1
854,-459,-319,0,0,0,-160,1
855,-459,-319,0,0,0,-160,1
856,-459,-319,0,0,0,-160,1
857,-459,-319,0,0,0,-160,1
858,-459,-319,0,0,0,-160,1
859,-459,-319,0,0,0,-160,1
860,-459,-319,0,0,0,-160,1
861,-459,-319,0,0,0,-160,1
862,-459,-319,0,0,0,-160,1
863,-459,-319,0,0,0,-160,1
864,-459,-319,0,0,0,-160,1
865,-459,-319,0,0,0,-160,1
866,-459,-319,0,0,0,-160,1
867,-459,-319,0,0,0,-160,1
868,-459,-319,0,0,0,-160,1
869,-459,-319,0,0,0,-160,1
870,-459,-319,0,0,0,-160,1
871,-459,-319,0,0,0,-160,1
872,-459,-319,0,0,0,-160,1
873,-459,-319,0,0,0,-160,1
874,-459,-319,0,0,0,-160,1
875,-459,-319,0,0,0,-160,1
876,-459,-319,0,0,0,-160,1
877,-459,-319,0,0,0,-160,1
878,-459,-319,0,0,0,-160,1
879,-459,-319,0,0,0,-160,1
880,-459,-319,0,0,0,-160,1
881,-459,-319,0,0,0,-160,1
882,-459,-319,0,0,0,-160,1
883,-459,-319,0,0,0,-160,1
884,-459,-319,0,0,0,-160,1
885,-459,-319,0,0,0,-160,1
886,-459,-319,0,0,0,-160,1
887,-459,-319,0,0,0,-160,1
888,-459,-319,0,0,0,-160,1
889,-459,-319,0,0,0,-160,1
890,-459,-319,0,0,0,-160,1
891,-459,-319,0,0,0,-160,1
892,-459,-319,0,0,0,-160,1
893,-459,-319,0,0,0,-160,1
894,-459,-319,0,0,0,-160,1
895,-459,-319,0,0,0,-160,1
896,-459,-319,0,0,0,-160,1
897,-459,-319,0,0,0,-160,1
898,-459,-319,0,0,0,-160,1
899,-459,-319,0,0,0,-160,1
900,-459,-319,0,0,0,-160,1
901,-459,-319,0,0,0,-160,1
902,-459,-319,0,0,0,-160,1
903,-459,-319,0,0,0,-160,1
904,-459,-319,0,0,0,-160,1
905,-459,-319,0,0,0,-160,1
906,-459,-319,0,0,0,-160,1
907,-459,-319,0,0,0,-160,1
908,-459,-319,0,0,0,-160,1
909,-459,-319,0,0,0,-160,1
910,-459,-319,0,0,0,-160,1
911,-459,-319,0,0,0,-160,1
912,-459,-319,0,0,0,-160,1
913,-459,-319,0,0,0,-160,1
914,-459,-319,0,0,0,-160,1
915,-459,-319,0,0,0,-160,1
916,-459,-319,0,0,0,-160,1
917,-459,-319,0,0,0,-160,1
918,-459,-319,0,0,0,-160,1
919,-459,-319,0,0,0,-160,1
920,-459,-319,0,0,0,-160,1
921,-459,-319,0,0,0,-160,1
922,-459,-319,0,0,0,-160,1
923,-459,-319,0,0,0,-160,1
924,-459,-319,0,0,0,-160,1
925,-459,-319,0,0,0,-160,1
926,-459,-319,0,0,0,-160,1
927,-459,-319,0,0,0,-160,1
928,-459,-319,0,0,0,-160,1
929,-459,-319,0,0,0,-160,1
930,-459,-319,0,0,0,-160,1
931,-459,-319,0,0,0,-160,1
932,-459,-319,0,0,0,-160,1
933,-459,-319,0,0,0,-160,1
934,-459,-319,0,0,0,-160,1
935,-459,-319,0,0,0,-160,1
936,-459,-319,0,0,0,-160,1
937,-459,-319,0,0,0,-160,1
938,-459,-319,0,0,0,-160,1
939,-459,-319,0,0,0,-160,1
940,-459,-319,0,0,0,-160,1
941,-459,-319,0,0,0,-160,1
942,-459,-319,0,0,0,-160,1
943,-459,-319,0,0,0,-160,1
944,-459,-319,0,0,0,-160,1
945,-459,-319,0,0,0,-160,1
946,-459,-319,0,0,0,-160,1
947,-459,-319,0,0,0,-160,1
948,-459,-319,0,0,0,-160,1
949,-459,-319,0,0,0,-160,1
950,-459,-319,0,0,0,-160,1
951,-459,-319,0,0,0,-160,1
952,-459,-319,0,0,0,-160,1
953,-459,-319,0,0,0,-160,1
954,-459,-319,0,0,0,-160,1
955,-459,-319,0,0,0,-160,1
956,-459,-319,0,0,0,-160,1
957,-459,-319,0,0,0,-160,1
958,-459,-319,0,0,0,-160,1
959,-459,-319,0,0,0,-160,1
960,-459,-319,0,0,0,-160,1
961,-459,-319,0,0,0,-160,1
962,-459,-319,0,0,0,-160,1
963,-459,-319,0,0,0,-160,1
964,-459,-319,0,0,0,-160,1
965,-459,-319,0,0,0,-160,1
966,-459,-319,0,0,0,-160,1
967,-459,-319,0,0,0,-160,1
968,-459,-319,0,0,0,-160,1
969,-459,-319,0,0,0,-160,1
970,-459,-319,0,0,0,-160,1
971,-459,-319,0,0,0,-160,1
972,-459,-319,0,0,0,-160,1
973,-459,-319,0,0,0,-160,1
974,-459,-319,0,0,0,-160,1
975,-459,-319,0,0,0,-160,1
976,-459,-319,0,0,0,-160,1
977,-459,-319,0,0,0,-160,1
978,-459,-319,0,0,0,-160,1
979,-459,-319,0,0,0,-160,1
980,-459,-319,0,0,0,-160,1
981,-459,-319,0,0,0,-160,1
982,-459,-319,0,0,0,-160,1
983,-459,-319,0,0,0,-160,1
984,-459,-319,0,0,0,-160,1
985,-459,-319,0,0,0,-160,1
986,-459,-319,0,0,0,-160,1
987,-459,-319,0,0,0,-160,1
988,-459,-319,0,0,0,-160,1
989,-459,-319,0,0,0,-160,1
990,-459,-319,0,0,0,-160,1
991,-459,-319,0,0,0,-160,1
992,-459,-319,0,0,0,-160,1
993,-459,-319,0,0,0,-160,1
994,-459,-319,0,0,0,-160,1
995,-459,-319,0,0,0,-160,1
996,-459,-319,0,0,0,-160,1
997,-459,-319,0,0,0,-160,1
998,-459,-319,0,0,0,-160,1
999,-459,-319,0,0,0,-160,1
1000,-459,-319,0,0,0,-160,1
1001,-459,-319,0,0,0,-160,1
1002,-459,-319,0,0,0,-160,1
1003,-459,-319,0,0,0,-160,1
1004,-459,-319,0,0,0,-160,1
1005,-459,-319,0,0,0,-160,1
1006,-459,-319,0,0,0,-160,1
1007,-459,-319,0,0,0,-160,1
1008,-459,-319,0,0,0,-160,1
1009,-459,-319,0,0,0,-160,1
1010,-459,-319,0,0,0,-160,1
1011,-459,-319,0,0,0,-160,1
1012,-459,-319,0,0,0,-160,1
1013,-459,-319,0,0,0,-160,1
1014,-459,-319,0,0,0,-160,1
1015,-459,-319,0,0,0,-160,1
1016,-459,-319,0,0,0,-160,1
1017,-459,-319,0,0,0,-160,1
1018,-459,-319,0,0,0,-160,1
1019,-459,-319,0,0,0,-160,1
1020,-459,-319,0,0,0,-160,1
1021,-459,-319,0,0,0,-160,1
1022,-459,-319,0,0,0,-160,1
1023,-459,-319,0,0,0,-160,1
1024,-459,-319,0,0,0,-160,1
1025,-459,-319,0,0,0,-160,1
1026,-459,-319,0,0,0,-160,1
1027,-459,-319,0,0,0,-160,1
1028,-459,-319,0,0,0,-160,1
1029,-459,-319,0,0,0,-160,1
1030,-459,-319,0,0,0,-160,1
1031,-459,-319,0,0,0,-160,1
1032,-459,-319,0,0,0,-160,1
1033,-459,-319,0,0,0,-160,1
1034,-459,-319,0,0,0,-160,1
1035,-459,-319,0,0,0,-160,1
1036,-459,-319,0,0,0,-160,1
1037,-459,-319,0,0,0,-160,1
1038,-459,-319,0,0,0,-160,1
1039,-459,-319,0,0,0,-160,1
1040,-459,-319,0,0,0,-160,1
1041,-459,-319,0,0,0,-160,1
1042,-459,-319,0,0,0,-160,1
1043,-459,-319,0,0,0,-160,1
1044,-459,-319,0,0,0,-160,1
1045,-459,-319,0,0,0,-160,1
1046,-459,-319,0,0,0,-160,1
1047,-459,-319,0,0,0,-160,1
1048,-459,-319,0,0,0,-160,1
1049,-459,-319,0,0,0,-160,1
1050,-459,-319,0,0,0,-160,1
1051,-459,-319,0,0,0,-160,1
1052,-459,-319,0,0,0,-160,1
1053,-459,-319,0,0,0,-160,1
1054,-459,-319,0,0,0,-160,1
1055,-459,-319,0,0,0,-160,1
1056,-459,-319,0,0,0,-160,1
1057,-459,-319,0,0,0,-160,1
1058,-459,-319,0,0,0,-160,1
1059,-459,-319,0,0,0,-160,1
1060,-459,-319,0,0,0,-160,1
1061,-459,-319,0,0,0,-160,1
1062,-459,-319,0,0,0,-160,1
1063,-459,-319,0,0,0,-160,1
1064,-459,-319,0,0,0,-160,1
1065,-459,-319,0,0,0,-160,1
1066,-459,-319,0,0,0,-160,1
1067,-459,-319,0,0,0,-160,1
1068,-459,-319,0,0,0,-160,1
1069,-459,-319,0,0,0,-160,1
1070,-459,-319,0,0,0,-160,1
1071,-459,-319,0,0,0,-160,1
1072,-459,-319,0,0,0,-160,1
1073,-459,-319,0,0,0,-160,1
1074,-459,-319,0,0,0,-160,1
1075,-459,-319,0,0,0,-160,1
1076,-459,-319,0,0,0,-160,1
1077,-459,-319,0,0,0,-160,1
1078,-459,-319,0,0,0,-160,1
1079,-459,-319,0,0,0,-160,1
1080,-459,-319,0,0,0,-160,1
1081,-459,-319,0,0,0,-160,1
1082,-459,-319,0,0,0,-160,1
1083,-459,-319,0,0,0,-160,1
1084,-459,-319,0,0,0,-160,1
1085,-459,-319,0,0,0,-160,1
1086,-459,-319,0,0,0,-160,1
1087,-459,-319,0,0,0,-160,1
1088,-459,-319,0,0,0,-160,1
1089,-459,-319,0,0,0,-160,1
1090,-459,-319,0,0,0,-160,1
1091,-459,-319,0,0,0,-160,1
1092,-459,-319,0,0,0,-160,1
1093,-459,-319,0,0,0,-160,1
1094,-459,-319,0,0,0,-160,1
1095,-459,-319,0,0,0,-160,1
1096,-459,-319,0,0,0,-160,1
1097,-459,-319,0,0,0,-160,1
1098,-459,-319,0,0,0,-160,1
1099,-459,-319,0,0,0,-160,1
1100,-459,-319,0,0,0,-160,1
1101,-459,-319,0,0,0,-160,1
1102,-459,-319,0,0,0,-160,1
1103,-459,-319,0,0,0,-160,1
1104,-459,-319,0,0,0,-160,1
1105,-459,-319,0,0,0,-160,1
1106,-459,-319,0,0,0,-160,1
1107,-459,-319,0,0,0,-160,1
1108,-459,-319,0,0,0,-160,1
1109,-459,-319,0,0,0,-160,1
1110,-459,-319,0,0,0,-160,1
1111,-459,-319,0,0,0,-160,1
1112,-459,-319,0,0,0,-160,1
1113,-459,-319,0,0,0,-160,1
1114,-459,-319,0,0,0,-160,1
1115,-459,-319,0,0,0,-160,1
1116,-459,-319,0,0,0,-160,1
1117,-459,-319,0,0,0,-160,1
1118,-459,-319,0,0,0,-160,1
1119,-459,-319,0,0,0,-160,1
1120,-459,-319,0,0,0,-160,1
1121,-459,-319,0,0,0,-160,1
1122,-459,-319,0,0,0,-160,1
1123,-459,-319,0,0,0,-160,1
1124,-459,-319,0,0,0,-160,1
1125,-459,-319,0,0,0,-160,1
1126,-459,-319,0,0,0,-160,1
1127,-459,-319,0,0,0,-160,1
1128,-459,-319,0,0,0,-160,1
1129,-459,-319,0,0,0,-160,1
1130,-459,-319,0,0,0,-160,1
1131,-459,-319,0,0,0,-160,1
1132,-459,-319,0,0,0,-160,1
1133,-459,-319,0,0,0,-160,1
1134,-459,-319,0,0,0,-160,1
1135,-459,-319,0,0,0,-160,1
1136,-459,-319,0,0,0,-160,1
1137,-459,-319,0,0,0,-160,1
1138,-459,-319,0,0,0,-160,1
1139,-459,-319,0,0,0,-160,1
1140,-459,-319,0,0,0,-160,1
1141,-459,-319,0,0,0,-160,1
1142,-459,-319,0,0,0,-160,1
1143,-459,-319,0,0,0,-160,1
1144,-459,-319,0,0,0,-160,1
1145,-459,-319,0,0,0,-160,1
1146,-459,-319,0,0,0,-160,1
1147,-459,-319,0,0,0,-160,1
1148,-459,-319,0,0,0,-160,1
1149,-459,-319,0,0,0,-160,1
1150,-459,-319,0,0,0,-160,1
1151,-459,-319,0,0,0,-160,1
1152,-459,-319,0,0,0,-160,1
1153,-459,-319,0,0,0,-160,1
1154,-459,-319,0,0,0,-160,1
1155,-459,-319,0,0,0,-160,1
1156,-459,-319,0,0,0,-160,1
1157,-459,-319,0,0,0,-160,1
1158,-459,-319,0,0,0,-160,1
1159,-459,-319,0,0,0,-160,1
1160,-459,-319,0,0,0,-160,1
1161,-459,-319,0,0,0,-160,1
1162,-459,-319,0,0,0,-160,1
1163,-459,-319,0,0,0,-160,1
1164,-459,-319,0,0,0,-160,1
1165,-459,-319,0,0,0,-160,1
1166,-459,-319,0,0,0,-160,1
1167,-459,-319,0,0,0,-160,1
1168,-459,-319,0,0,0,-160,1
1169,-459,-319,0,0,0,-160,1
1170,-459,-319,0,0,0,-160,1
1171,-459,-319,0,0,0,-160,1
1172,-459,-319,0,0,0,-160,1
1173,-459,-319,0,0,0,-160,1
1174,-459,-319,0,0,0,-160,1
1175,-459,-319,0,0,0,-160,1
1176,-459,-319,0,0,0,-160,1
1177,-459,-319,0,0,0,-160,1
1178,-459,-319,0,0,0,-160,1
1179,-459,-319,0,0,0,-160,1
1180,-459,-319,0,0,0,-160,1
1181,-459,-319,0,0,0,-160,1
1182,-459,-319,0,0,0,-160,1
1183,-459,-319,0,0,0,-160,1
1184,-459,-319,0,0,0,-160,1
1185,-459,-319,0,0,0,-160,1
1186,-459,-319,0,0,0,-160,1
1187,-459,-319,0,0,0,-160,1
1188,-459,-319,0,0,0,-160,1
1189,-459,-319,0,0,0,-160,1
1190,-459,-319,0,0,0,-160,1
1191,-459,-319,0,0,0,-160,1
1192,-459,-319,0,0,0,-160,1
1193,-459,-319,0,0,0,-160,1
1194,-459,-319,0,0,0,-160,1
1195,-459,-319,0,0,0,-160,1
1196,-459,-319,0,0,0,-160,1
1197,-459,-319,0,0,0,-160,1
1198,-459,-319,0,0,0,-160,1
1199,-459,-319,0,0,0,-160,1
1200,-459,-319,0,0,0,-160,1
1201,-459,-319,0,0,0,-160,1
1202,-459,-319,0,0,0,-160,1
1203,-459,-319,0,0,0,-160,1
1204,-459,-319,0,0,0,-160,1
1205,-459,-319,0,0,0,-160,1
1206,-459,-319,0,0,0,-160,1
1207,-459,-319,0,0,0,-160,1
1208,-459,-319,0,0,0,-160,1
1209,-459,-319,0,0,0,-160,1
1210,-459,-319,0,0,0,-160,1
1211,-459,-319,0,0,0,-160,1
1212,-459,-319,0,0,0,-160,1
1213,-459,-319,0,0,0,-160,1
1214,-459,-319,0,0,0,-160,1
1215,-459,-319,0,0,0,-160,1
1216,-459,-319,0,0,0,-160,1
1217,-459,-319,0,0,0,-160,1
1218,-459,-319,0,0,0,-160,1
1219,-459,-319,0,0,0,-160,1
1220,-459,-319,0,0,0,-160,1
1221,-459,-319,0,0,0,-160,1
1222,-459,-319,0,0,0,-160,1
1223,-459,-319,0,0,0,-160,1
1224,-459,-319,0,0,0,-160,1
1225,-459,-319,0,0,0,-160,1
1226,-459,-319,0,0,0,-160,1
1227,-459,-319,0,0,0,-160,1
1228,-459,-319,0,0,0,-160,1
1229,-459,-319,0,0,0,-160,1
1230,-459,-319,0,0,0,-160,1
1231,-459,-319,0,0,0,-160,1
1232,-459,-319,0,0,0,-160,1
1233,-459,-319,0,0,0,-160,1
1234,-459,-319,0,0,0,-160,1
1235,-459,-319,0,0,0,-160,1
1236,-459,-319,0,0,0,-160,1
1237,-459,-319,0,0,0,-160,1
1238,-459,-319,0,0,0,-160,1
1239,-459,-319,0,0,0,-160,1
1240,-459,-319,0,0,0,-160,1
1241,-459,-319,0,0,0,-160,1
1242,-459,-319,0,0,0,-160,1
1243,-459,-319,0,0,0,-160,1
1244,-459,-319,0,0,0,-160,1
1245,-459,-319,0,0,0,-160,1
1246,-459,-319,0,0,0,-160,1
1247,-459,-319,0,0,0,-160,1
1248,-459,-319,0,0,0,-160,1
1249,-459,-319,0,0,0,-160,1
1250,-459,-319,0,0,0,-160,1
1251,-459,-319,0,0,0,-160,1
1252,-459,-319,0,0,0,-160,1
1253,-459,-319,0,0,0,-160,1
1254,-459,-319,0,0,0,-160,1
1255,-459,-319,0,0,0,-160,1
1256,-459,-319,0,0,0,-160,1
1257,-459,-319,0,0,0,-160,1
1258,-459,-319,0,0,0,-160,1
1259,-459,-319,0,0,0,-160,1
1260,-459,-319,0,0,0,-160,1
1261,-459,-319,0,0,0,-160,1
1262,-459,-319,0,0,0,-160,1
1263,-459,-319,0,0,0,-160,1
1264,-459,-319,0,0,0,-160,1
1265,-459,-319,0,0,0,-160,1
1266,-459,-319,0,0,0,-160,1
1267,-459,-319,0,0,0,-160,1
1268,-459,-319,0,0,0,-160,1
1269,-459,-319,0,0,0,-160,1
1270,-459,-319,0,0,0,-160,1
1271,-459,-319,0,0,0,-160,1
1272,-459,-319,0,0,0,-160,1
1273,-459,-319,0,0,0,-160,1
1274,-459,-319,0,0,0,-160,1
1275,-459,-319,0,0,0,-160,1
1276,-459,-319,0,0,0,-160,1
1277,-459,-319,0,0,0,-160,1
1278,-459,-319,0,0,0,-160,1
1279,-459,-319,0,0,0,-160,1
1280,-459,-319,0,0,0,-160,1
1281,-459,-319,0,0,0,-160,1
1282,-459,-319,0,0,0,-160,1
1283,-459,-319,0,0,0,-160,1
1284,-459,-319,0,0,0,-160,1
1285,-459,-319,0,0,0,-160,1
1286,-459,-319,0,0,0,-160,1
1287,-459,-319,0,0,0,-160,1
1288,-459,-319,0,0,0,-160,1
1289,-459,-319,0,0,0,-160,1
1290,-459,-319,0,0,0,-160,1
1291,-459,-319,0,0,0,-160,1
1292,-459,-319,0,0,0,-160,1
1293,-459,-319,0,0,0,-160,1
1294,-459,-319,0,0,0,-160,1
1295,-459,-319,0,0,0,-160,1
1296,-459,-319,0,0,0,-160,1
1297,-459,-319,0,0,0,-160,1
1298,-459,-319,0,0,0,-160,1
1299,-459,-319,0,0,0,-160,1
1300,-459,-319,0,0,0,-160,1
1301,-459,-319,0,0,0,-160,1
1302,-459,-319,0,0,0,-160,1
1303,-459,-319,0,0,0,-160,1
1304,-459,-319,0,0,0,-160,1
1305,-459,-319,0,0,0,-160,1
1306,-459,-319,0,0,0,-160,1
1307,-459,-319,0,0,0,-160,1
1308,-459,-319,0,0,0,-160,1
1309,-459,-319,0,0,0,-160,1
1310,-459,-319,0,0,0,-160,1
1311,-459,-319,0,0,0,-160,1
1312,-459,-319,0,0,0,-160,1
1313,-459,-319,0,0,0,-160,1
1314,-459,-319,0,0,0,-160,1
1315,-459,-319,0,0,0,-160,1
1316,-459,-319,0,0,0,-160,1
1317,-459,-319,0,0,0,-160,1
1318,-459,-319,0,0,0,-160,1
1319,-459,-319,0,0,0,-160,1
1320,-459,-319,0,0,0,-160,1
1321,-459,-319,0,0,0,-160,1
1322,-459,-319,0,0,0,-160,1
1323,-459,-319,0,0,0,-160,1
1324,-459,-319,0,0,0,-160,1
1325,-459,-319,0,0,0,-160,1
1326,-459,-319,0,0,0,-160,1
1327,-459,-319,0,0,0,-160,1
1328,-459,-319,0,0,0,-160,1
1329,-459,-319,0,0,0,-160,1
1330,-459,-319,0,0,0,-160,1
1331,-459,-319,0,0,0,-160,1
1332,-459,-319,0,0,0,-160,1
1333,-459,-319,0,0,0,-160,1
1334,-459,-319,0,0,0,-160,1
1335,-459,-319,0,0,0,-160,1
1336,-459,-319,0,0,0,-160,1
1337,-459,-319,0,0,0,-160,1
1338,-459,-319,0,0,0,-160,1
1339,-459,-319,0,0,0,-160,1
1340,-459,-319,0,0,0,-160,1
1341,-459,-319,0,0,0,-160,1
1342,-459,-319,0,0,0,-160,1
1343,-459,-319,0,0,0,-160,1
1344,-459,-319,0,0,0,-160,1
1345,-459,-319,0,0,0,-160,1
1346,-459,-319,0,0,0,-160,1
1347,-459,-319,0,0,0,-160,1
1348,-459,-319,0,0,0,-160,1
1349,-459,-319,0,0,0,-160,1
1350,-459,-319,0,0,0,-160,1
1351,-459,-319,0,0,0,-160,1
1352,-459,-319,0,0,0,-160,1
1353,-459,-319,0,0,0,-160,1
1354,-459,-319,0,0,0,-160,1
1355,-459,-319,0,0,0,-160,1
1356,-459,-319,0,0,0,-160,1
1357,-459,-319,0,0,0,-160,1
1358,-459,-319,0,0,0,-160,1
1359,-459,-319,0,0,0,-160,1
1360,-459,-319,0,0,0,-160,1
1361,-459,-319,0,0,0,-160,1
1362,-459,-319,0,0,0,-160,1
1363,-459,-319,0,0,0,-160,1
1364,-459,-319,0,0,0,-160,1
1365,-459,-319,0,0,0,-160,1
1366,-459,-319,0,0,0,-160,1
1367,-459,-319,0,0,0,-160,1
1368,-459,-319,0,0,0,-160,1
1369,-459,-319,0,0,0,-160,1
1370,-459,-319,0,0,0,-160,1
1371,-459,-319,0,0,0,-160,1
1372,-459,-319,0,0,0,-160,1
1373,-459,-319,0,0,0,-160,1
1374,-459,-319,0,0,0,-160,1
1375,-459,-319,0,0,0,-160,1
1376,-459,-319,0,0,0,-160,1
1377,-459,-319,0,0,0,-160,1
1378,-459,-319,0,0,0,-160,1
1379,-459,-319,0,0,0,-160,1
1380,-459,-319,0,0,0,-160,1
1381,-459,-319,0,0,0,-160,1
1382,-459,-319,0,0,0,-160,1
1383,-459,-319,0,0,0,-160,1
1384,-459,-319,0,0,0,-160,1
1385,-459,-319,0,0,0,-160,1
1386,-459,-319,0,0,0,-160,1
1387,-459,-319,0,0,0,-160,1
1388,-459,-319,0,0,0,-160,1
1389,-459,-319,0,0,0,-160,1
1390,-459,-319,0,0,0,-160,1
1391,-459,-319,0,0,0,-160,1
1392,-459,-319,0,0,0,-160,1
1393,-459,-319,0,0,0,-160,1
1394,-459,-319,0,0,0,-160,1
1395,-459,-319,0,0,0,-160,1
1396,-459,-319,0,0,0,-160,1
1397,-459,-319,0,0,0,-160,1
1398,-459,-319,0,0,0,-160,1
1399,-459,-319,0,0,0,-160,1
1400,-459,-319,0,0,0,-160,1
1401,-459,-319,0,0,0,-160,1
1402,-459,-319,0,0,0,-160,1
1403,-459,-319,0,0,0,-160,1
1404,-459,-319,0,0,0,-160,1
1405,-459,-319,0,0,0,-160,1
1406,-459,-319,0,0,0,-160,1
1407,-459,-319,0,0,0,-160,1
1408,-459,-319,0,0,0,-160,1
1409,-459,-319,0,0,0,-160,1
1410,-459,-319,0,0,0,-160,1
1411,-459,-319,0,0,0,-160,1
1412,-459,-319,0,0,0,-160,1
1413,-459,-319,0,0,0,-160,1
1414,-459,-319,0,0,0,-160,1
1415,-459,-319,0,0,0,-160,1
1416,-459,-319,0,0,0,-160,1
1417,-459,-319,0,0,0,-160,1
1418,-459,-319,0,0,0,-160,1
1419,-459,-319,0,0,0,-160,1
1420,-459,-319,0,0,0,-160,1
1421,-459,-319,0,0,0,-160,1
1422,-459,-319,0,0,0,-160,1
1423,-459,-319,0,0,0,-160,1
1424,-459,-319,0,0,0,-160,1
1425,-459,-319,0,0,0,-160,1
1426,-459,-319,0,0,0,-160,1
1427,-459,-319,0,0,0,-160,1
1428,-459,-319,0,0,0,-160,1
1429,-459,-319,0,0,0,-160,1
1430,-459,-319,0,0,0,-160,1
1431,-459,-319,0,0,0,-160,1
1432,-459,-319,0,0,0,-160,1
1433,-459,-319,0,0,0,-160,1
1434,-459,-319,0,0,0,-160,1
1435,-459,-319,0,0,0,-160,1
1436,-459,-319,0,0,0,-160,1
1437,-459,-319,0,0,0,-160,1
1438,-459,-319,0,0,0,-160,1
1439,-459,-319,0,0,0,-160,1
1440,-459,-319,0,0,0,-160,1
1441,-459,-319,0,0,0,-160,1
1442,-459,-319,0,0,0,-160,1
1443,-459,-319,0,0,0,-160,1
1444,-459,-319,0,0,0,-160,1
1445,-459,-319,0,0,0,-160,1
1446,-459,-319,0,0,0,-160,1
1447,-459,-319,0,0,0,-160,1
1448,-459,-319,0,0,0,-160,1
1449,-459,-319,0,0,0,-160,1
1450,-459,-319,0,0,0,-160,1
1451,-459,-319,0,0,0,-160,1
1452,-459,-319,0,0,0,-160,1
1453,-459,-319,0,0,0,-160,1
1454,-459,-319,0,0,0,-160,1
1455,-459,-319,0,0,0,-160,1
1456,-459,-319,0,0,0,-160,1
1457,-459,-319,0,0,0,-160,1
1458,-459,-319,0,0,0,-160,1
1459,-459,-319,0,0,0,-160,1
1460,-459,-319,0,0,0,-160,1
1461,-459,-319,0,0,0,-160,1
1462,-459,-319,0,0,0,-160,1
1463,-459,-319,0,0,0,-160,1
1464,-459,-319,0,0,0,-160,1
1465,-459,-319,0,0,0,-160,1
1466,-459,-319,0,0,0,-160,1
1467,-459,-319,0,0,0,-160,1
1468,-459,-319,0,0,0,-160,1
1469,-459,-319,0,0,0,-160,1
1470,-459,-319,0,0,0,-160,1
1471,-459,-319,0,0,0,-160,1
1472,-459,-319,0,0,0,-160,1
1473,-459,-319,0,0,0,-160,1
1474,-459,-319,0,0,0,-160,1
1475,-459,-319,0,0,0,-160,1
1476,-459,-319,0,0,0,-160,1
1477,-459,-319,0,0,0,-160,1
1478,-459,-319,0,0,0,-160,1
1479,-459,-319,0,0,0,-160,1
1480,-459,-319,0,0,0,-160,1
1481,-459,-319,0,0,0,-160,1
1482,-459,-319,0,0,0,-160,1
1483,-459,-319,0,0,0,-160,1
1484,-459,-319,0,0,0,-160,1
1485,-459,-319,0,0,0,-160,1
1486,-459,-319,0,0,0,-160,1
1487,-459,-319,0,0,0,-160,1
1488,-459,-319,0,0,0,-160,1
1489,-459,-319,0,0,0,-160,1
1490,-459,-319,0,0,0,-160,1
1491,-459,-319,0,0,0,-160,1
1492,-459,-319,0,0,0,-160,1
1493,-459,-319,0,0,0,-160,1
1494,-459,-319,0,0,0,-160,1
1495,-459,-319,0,0,0,-160,1
1496,-459,-319,0,0,0,-160,1
1497,-459,-319,0,0,0,-160,1
1498,-459,-319,0,0,0,-160,1
1499,-459,-319,0,0,0,-160,1
1500,-459,-319,0,0,0,-160,1
1501,-459,-319,0,0,0,-160,1
1502,-459,-319,0,0,0,-160,1
1503,-459,-319,0,0,0,-160,1
1504,-459,-319,0,0,0,-160,1
1505,-459,-319,0,0,0,-160,1
1506,-459,-319,0,0,0,-160,1
1507,-459,-319,0,0,0,-160,1
1508,-459,-319,0,0,0,-160,1
1509,-459,-319,0,0,0,-160,1
1510,-459,-319,0,0,0,-160,1
1511,-459,-319,0,0,0,-160,1
1512,-459,-319,0,0,0,-160,1
1513,-459,-319,0,0,0,-160,1
1514,-459,-319,0,0,0,-160,1
1515,-459,-319,0,0,0,-160,1
1516,-459,-319,0,0,0,-160,1
1517,-459,-319,0,0,0,-160,1
1518,-459,-319,0,0,0,-160,1
1519,-459,-319,0,0,0,-160,1
1520,-459,-319,0,0,0,-160,1
1521,-459,-319,0,0,0,-160,1
1522,-459,-319,0,0,0,-160,1
1523,-459,-319,0,0,0,-160,1
1524,-459,-319,0,0,0,-160,1
1525,-459,-319,0,0,0,-160,1
1526,-459,-319,0,0,0,-160,1
1527,-459,-319,0,0,0,-160,1
1528,-459,-319,0,0,0,-160,1
1529,-459,-319,0,0,0,-160,1
1530,-459,-319,0,0,0,-160,1
1531,-459,-319,0,0,0,-160,1
1532,-459,-319,0,0,0,-160,1
1533,-459,-319,0,0,0,-160,1
1534,-459,-319,0,0,0,-160,1
1535,-459,-319,0,0,0,-160,1
1536,-459,-319,0,0,0,-160,1
1537,-459,-319,0,0,0,-160,1
1538,-459,-319,0,0,0,-160,1
1539,-459,-319,0,0,0,-160,1
1540,-459,-319,0,0,0,-160,1
1541,-459,-319,0,0,0,-160,1
1542,-459,-319,0,0,0,-160,1
1543,-459,-319,0,0,0,-160,1
1544,-459,-319,0,0,0,-160,1
1545,-459,-319,0,0,0,-160,1
1546,-459,-319,0,0,0,-160,1
1547,-459,-319,0,0,0,-160,1
1548,-459,-319,0,0,0,-160,1
1549,-459,-319,0,0,0,-160,1
1550,-459,-319,0,0,0,-160,1
1551,-459,-319,0,0,0,-160,1
1552,-459,-319,0,0,0,-160,1
1553,-459,-319,0,0,0,-160,1
1554,-459,-319,0,0,0,-160,1
1555,-459,-319,0,0,0,-160,1
1556,-459,-319,0,0,0,-160,1
1557,-459,-319,0,0,0,-160,1
1558,-459,-319,0,0,0,-160,1
1559,-459,-319,0,0,0,-160,1
1560,-459,-319,0,0,0,-160,1
1561,-459,-319,0,0,0,-160,1
1562,-459,-319,0,0,0,-160,1
1563,-459,-319,0,0,0,-160,1
1564,-459,-319,0,0,0,-160,1
1565,-459,-319,0,0,0,-160,1
1566,-459,-319,0,0,0,-160,1
1567,-459,-319,0,0,0,-160,1
1568,-459,-319,0,0,0,-160,1
1569,-459,-319,0,0,0,-160,1
1570,-459,-319,0,0,0,-160,1
1571,-459,-319,0,0,0,-160,1
1572,-459,-319,0,0,0,-160,1
1573,-459,-319,0,0,0,-160,1
1574,-459,-319,0,0,0,-160,1
1575,-459,-319,0,0,0,-160,1
1576,-459,-319,0,0,0,-160,1
1577,-459,-319,0,0,0,-160,1
1578,-459,-319,0,0,0,-160,1
1579,-459,-319,0,0,0,-160,1
1580,-459,-319,0,0,0,-160,1
1581,-459,-319,0,0,0,-160,1
1582,-459,-319,0,0,0,-160,1
1583,-459,-319,0,0,0,-160,1
1584,-459,-319,0,0,0,-160,1
1585,-459,-319,0,0,0,-160,1
1586,-459,-319,0,0,0,-160,1
1587,-459,-319,0,0,0,-160,1
1588,-459,-319,0,0,0,-160,1
1589,-459,-319,0,0,0,-160,1
1590,-459,-319,0,0,0,-160,1
1591,-459,-319,0,0,0,-160,1
1592,-459,-319,0,0,0,-160,1
1593,-459,-319,0,0,0,-160,1
1594,-459,-319,0,0,0,-160,1
1595,-459,-319,0,0,0,-160,1
1596,-459,-319,0,0,0,-160,1
1597,-459,-319,0,0,0,-160,1
1598,-459,-319,0,0,0,-160,1
1599,-459,-319,0,0,0,-160,1
1600,-459,-319,0,0,0,-160,1
1601,-459,-319,0,0,0,-160,1
1602,-459,-319,0,0,0,-160,1
1603,-459,-319,0,0,0,-160,1
1604,-459,-319,0,0,0,-160,1
1605,-459,-319,0,0,0,-160,1
1606,-459,-319,0,0,0,-160,1
1607,-459,-319,0,0,0,-160,1
1608,-459,-319,0,0,0,-160,1
1609,-459,-319,0,0,0,-160,1
1610,-459,-319,0,0,0,-160,1
1611,-459,-319,0,0,0,-160,1
1612,-459,-319,0,0,0,-160,1
1613,-459,-319,0,0,0,-160,1
1614,-459,-319,0,0,0,-160,1
1615,-459,-319,0,0,0,-160,1
1616,-459,-319,0,0,0,-160,1
1617,-459,-319,0,0,0,-160,1
1618,-459,-319,0,0,0,-160,1
1619,-459,-319,0,0,0,-160,1
1620,-459,-319,0,0,0,-160,1
1621,-459,-319,0,0,0,-160,1
1622,-459,-319,0,0,0,-160,1
1623,-459,-319,0,0,0,-160,1
1624,-459,-319,0,0,0,-160,1
1625,-459,-319,0,0,0,-160,1
1626,-459,-319,0,0,0,-160,1
1627,-459,-319,0,0,0,-160,1
1628,-459,-319,0,0,0,-160,1
1629,-459,-319,0,0,0,-160,1
1630,-459,-319,0,0,0,-160,1
1631,-459,-319,0,0,0,-160,1
1632,-459,-319,0,0,0,-160,1
1633,-459,-319,0,0,0,-160,1
1634,-459,-319,0,0,0,-160,1
1635,-459,-319,0,0,0,-160,1
1636,-459,-319,0,0,0,-160,1
1637,-459,-319,0,0,0,-160,1
1638,-459,-319,0,0,0,-160,1
1639,-459,-319,0,0,0,-160,1
1640,-459,-319,0,0,0,-160,1
1641,-459,-319,0,0,0,-160,1
1642,-459,-319,0,0,0,-160,1
1643,-459,-319,0,0,0,-160,1
1644,-459,-319,0,0,0,-160,1
1645,-459,-319,0,0,0,-160,1
1646,-459,-319,0,0,0,-160,1
1647,-459,-319,0,0,0,-160,1
1648,-459,-319,0,0,0,-160,1
1649,-459,-319,0,0,0,-160,1
1650,-459,-319,0,0,0,-160,1
1651,-459,-319,0,0,0,-160,1
1652,-459,-319,0,0,0,-160,1
1653,-459,-319,0,0,0,-160,1
1654,-459,-319,0,0,0,-160,1
1655,-459,-319,0,0,0,-160,1
1656,-459,-319,0,0,0,-160,1
1657,-459,-319,0,0,0,-160,1
1658,-459,-319,0,0,0,-160,1
1659,-459,-319,0,0,0,-160,1
1660,-459,-319,0,0,0,-160,1
1661,-459,-319,0,0,0,-160,1
1662,-459,-319,0,0,0,-160,1
1663,-459,-319,0,0,0,-160,1
1664,-459,-319,0,0,0,-160,1
1665,-459,-319,0,0,0,-160,1
1666,-459,-319,0,0,0,-160,1
1667,-459,-319,0,0,0,-160,1
1668,-459,-319,0,0,0,-160,1
1669,-459,-319,0,0,0,-160,1
1670,-459,-319,0,0,0,-160,1
1671,-459,-319,0,0,0,-160,1
1672,-459,-319,0,0,0,-160,1
1673,-459,-319,0,0,0,-160,1
1674,-459,-319,0,0,0,-160,1
1675,-459,-319,0,0,0,-160,1
1676,-459,-319,0,0,0,-160,1
1677,-459,-319,0,0,0,-160,1
1678,-459,-319,0,0,0,-160,1
1679,-459,-319,0,0,0,-160,1
