t,x,y,fh,fv,r,s,frame:
0,562,-281,0,0,0,-108,0
1,562,-281,0,0,0,-108,0
2,562,-281,0,0,0,-108,0
3,562,-281,0,0,0,-108,0
4,562,-281,0,0,0,-108,0
5,562,-281,0,0,0,-108,0
6,562,-281,0,0,0,-108,0
7,562,-281,0,0,0,-108,0
8,562,-281,0,0,0,-108,0
9,562,-281,0,0,0,-108,0
10,562,-281,0,0,0,-108,0
11,562,-281,0,0,0,-108,0
12,562,-281,0,0,0,-108,0
13,562,-281,0,0,0,-108,0
14,562,-281,0,0,0,-108,0
15,562,-281,0,0,0,-108,0
16,562,-281,0,0,0,-108,0
17,562,-281,0,0,0,-108,0
18,562,-281,0,0,0,-108,0
19,562,-281,0,0,0,-108,0
20,562,-281,0,0,0,-108,0
21,562,-281,0,0,0,-108,0
22,562,-281,0,0,0,-108,0
23,562,-281,0,0,0,-108,0
24,562,-281,0,0,0,-108,0
25,562,-281,0,0,0,-108,0
26,562,-281,0,0,0,-108,0
27,562,-281,0,0,0,-108,0
28,562,-281,0,0,0,-108,0
29,562,-281,0,0,0,-108,0
30,562,-281,0,0,0,-108,0
31,562,-281,0,0,0,-108,0
32,562,-281,0,0,0,-108,0
33,562,-281,0,0,0,-108,0
34,562,-281,0,0,0,-108,0
35,562,-281,0,0,0,-108,0
36,562,-281,0,0,0,-108,0
37,562,-281,0,0,0,-108,0
38,562,-281,0,0,0,-108,0
39,562,-281,0,0,0,-108,0
40,562,-281,0,0,0,-108,0
41,562,-281,0,0,0,-108,0
42,562,-281,0,0,0,-108,0
43,562,-281,0,0,0,-108,0
44,562,-281,0,0,0,-108,0
45,562,-281,0,0,0,-108,0
46,562,-281,0,0,0,-108,0
47,562,-281,0,0,0,-108,0
48,562,-281,0,0,0,-108,0
49,562,-281,0,0,0,-108,0
50,562,-281,0,0,0,-108,0
51,562,-281,0,0,0,-108,0
52,562,-281,0,0,0,-108,0
53,562,-281,0,0,0,-108,0
54,562,-281,0,0,0,-108,0
55,562,-281,0,0,0,-108,0
56,562,-281,0,0,0,-108,0
57,562,-281,0,0,0,-108,0
58,562,-281,0,0,0,-108,0
59,562,-281,0,0,0,-108,0
60,562,-281,0,0,0,-108,0
61,562,-281,0,0,0,-108,0
62,562,-281,0,0,0,-108,0
63,562,-281,0,0,0,-108,0
64,562,-281,0,0,0,-108,0
65,562,-281,0,0,0,-108,0
66,562,-281,0,0,0,-108,0
67,562,-281,0,0,0,-108,0
68,562,-281,0,0,0,-108,0
69,562,-281,0,0,0,-108,0
70,562,-281,0,0,0,-108,0
71,562,-281,0,0,0,-108,0
72,562,-281,0,0,0,-108,0
73,562,-281,0,0,0,-108,0
74,562,-281,0,0,0,-108,0
75,562,-281,0,0,0,-108,0
76,562,-281,0,0,0,-108,0
77,562,-281,0,0,0,-108,0
78,562,-281,0,0,0,-108,0
79,562,-281,0,0,0,-108,0
80,562,-281,0,0,0,-108,0
81,562,-281,0,0,0,-108,0
82,562,-281,0,0,0,-108,0
83,562,-281,0,0,0,-108,0
84,562,-281,0,0,0,-108,0
85,562,-281,0,0,0,-108,0
86,562,-281,0,0,0,-108,0
87,562,-281,0,0,0,-108,0
88,562,-281,0,0,0,-108,0
89,562,-281,0,0,0,-108,0
90,562,-281,0,0,0,-108,0
91,562,-281,0,0,0,-108,0
92,562,-281,0,0,0,-108,0
93,562,-281,0,0,0,-108,0
94,562,-281,0,0,0,-108,0
95,562,-281,0,0,0,-108,0
96,562,-281,0,0,0,-108,0
97,562,-281,0,0,0,-108,0
98,562,-281,0,0,0,-108,0
99,562,-281,0,0,0,-108,0
100,562,-281,0,0,0,-108,0
101,562,-281,0,0,0,-108,0
102,562,-281,0,0,0,-108,0
103,562,-281,0,0,0,-108,0
104,562,-281,0,0,0,-108,0
105,562,-281,0,0,0,-108,0
106,562,-281,0,0,0,-108,0
107,562,-281,0,0,0,-108,0
108,562,-281,0,0,0,-108,0
109,562,-281,0,0,0,-108,0
110,562,-281,0,0,0,-108,0
111,562,-281,0,0,0,-108,0
112,562,-281,0,0,0,-108,0
113,562,-281,0,0,0,-108,0
114,562,-281,0,0,0,-108,0
115,562,-281,0,0,0,-108,0
116,562,-281,0,0,0,-108,0
117,562,-281,0,0,0,-108,0
118,562,-281,0,0,0,-108,0
119,562,-281,0,0,0,-108,0
120,562,-281,0,0,0,-108,0
121,562,-281,0,0,0,-108,0
122,562,-281,0,0,0,-108,0
123,562,-281,0,0,0,-108,0
124,562,-281,0,0,0,-108,0
125,562,-281,0,0,0,-108,0
126,562,-281,0,0,0,-108,0
127,562,-281,0,0,0,-108,0
128,562,-281,0,0,0,-108,0
129,562,-281,0,0,0,-108,0
130,562,-281,0,0,0,-108,0
131,562,-281,0,0,0,-108,0
132,562,-281,0,0,0,-108,0
133,562,-281,0,0,0,-108,0
134,562,-281,0,0,0,-108,0
135,562,-281,0,0,0,-108,0
136,562,-281,0,0,0,-108,0
137,562,-281,0,0,0,-108,0
138,562,-281,0,0,0,-108,0
139,562,-281,0,0,0,-108,0
140,562,-281,0,0,0,-108,0
141,562,-281,0,0,0,-108,0
142,562,-281,0,0,0,-108,0
143,562,-281,0,0,0,-108,0
144,562,-281,0,0,0,-108,0
145,562,-281,0,0,0,-108,0
146,562,-281,0,0,0,-108,0
147,562,-281,0,0,0,-108,0
148,562,-281,0,0,0,-108,0
149,562,-281,0,0,0,-108,0
150,562,-281,0,0,0,-108,0
151,562,-281,0,0,0,-108,0
152,562,-281,0,0,0,-108,0
153,562,-281,0,0,0,-108,0
154,562,-281,0,0,0,-108,0
155,562,-281,0,0,0,-108,0
156,562,-281,0,0,0,-108,0
157,562,-281,0,0,0,-108,0
158,562,-281,0,0,0,-108,0
159,562,-281,0,0,0,-108,0
160,562,-281,0,0,0,-108,0
161,562,-281,0,0,0,-108,0
162,562,-281,0,0,0,-108,0
163,562,-281,0,0,0,-108,0
164,562,-281,0,0,0,-108,0
165,562,-281,0,0,0,-108,0
166,562,-281,0,0,0,-108,0
167,562,-281,0,0,0,-108,0
168,562,-281,0,0,0,-108,0
169,562,-281,0,0,0,-108,0
170,562,-281,0,0,0,-108,0
171,562,-281,0,0,0,-108,0
172,562,-281,0,0,0,-108,0
173,562,-281,0,0,0,-108,0
174,562,-281,0,0,0,-108,0
175,562,-281,0,0,0,-108,0
176,562,-281,0,0,0,-108,0
177,562,-281,0,0,0,-108,0
178,562,-281,0,0,0,-108,0
179,562,-281,0,0,0,-108,0
180,562,-281,0,0,0,-108,0
181,562,-281,0,0,0,-108,0
182,562,-281,0,0,0,-108,0
183,562,-281,0,0,0,-108,0
184,562,-281,0,0,0,-108,0
185,562,-281,0,0,0,-108,0
186,562,-281,0,0,0,-108,0
187,562,-281,0,0,0,-108,0
188,562,-281,0,0,0,-108,0
189,562,-281,0,0,0,-108,0
190,562,-281,0,0,0,-108,0
191,562,-281,0,0,0,-108,0
192,562,-281,0,0,0,-108,0
193,562,-281,0,0,0,-108,0
194,562,-281,0,0,0,-108,0
195,562,-281,0,0,0,-108,0
196,562,-281,0,0,0,-108,0
197,562,-281,0,0,0,-108,0
198,562,-281,0,0,0,-108,0
199,562,-281,0,0,0,-108,0
200,562,-281,0,0,0,-108,0
201,562,-281,0,0,0,-108,0
202,562,-281,0,0,0,-108,0
203,562,-281,0,0,0,-108,0
204,562,-281,0,0,0,-108,0
205,562,-281,0,0,0,-108,0
206,562,-281,0,0,0,-108,0
207,562,-281,0,0,0,-108,0
208,562,-281,0,0,0,-108,0
209,562,-281,0,0,0,-108,0
210,562,-281,0,0,0,-108,0
211,562,-281,0,0,0,-108,0
212,562,-281,0,0,0,-108,0
213,562,-281,0,0,0,-108,0
214,562,-281,0,0,0,-108,0
215,562,-281,0,0,0,-108,0
216,562,-281,0,0,0,-108,0
217,562,-281,0,0,0,-108,0
218,562,-281,0,0,0,-108,0
219,562,-281,0,0,0,-108,0
220,562,-281,0,0,0,-108,0
221,562,-281,0,0,0,-108,0
222,562,-281,0,0,0,-108,0
223,562,-281,0,0,0,-108,0
224,562,-281,0,0,0,-108,0
225,562,-281,0,0,0,-108,0
226,562,-281,0,0,0,-108,0
227,562,-281,0,0,0,-108,0
228,562,-281,0,0,0,-108,0
229,562,-281,0,0,0,-108,0
230,562,-281,0,0,0,-108,0
231,562,-281,0,0,0,-108,0
232,562,-281,0,0,0,-108,0
233,562,-281,0,0,0,-108,0
234,562,-281,0,0,0,-108,0
235,562,-281,0,0,0,-108,0
236,562,-281,0,0,0,-108,0
237,562,-281,0,0,0,-108,0
238,562,-281,0,0,0,-108,0
239,562,-281,0,0,0,-108,0
240,562,-281,0,0,0,-108,0
241,562,-281,0,0,0,-108,0
242,562,-281,0,0,0,-108,0
243,562,-281,0,0,0,-108,0
244,562,-281,0,0,0,-108,0
245,562,-281,0,0,0,-108,0
246,562,-281,0,0,0,-108,0
247,562,-281,0,0,0,-108,0
248,562,-281,0,0,0,-108,0
249,562,-281,0,0,0,-108,0
250,562,-281,0,0,0,-108,0
251,562,-281,0,0,0,-108,0
252,562,-281,0,0,0,-108,0
253,562,-281,0,0,0,-108,0
254,562,-281,0,0,0,-108,0
255,562,-281,0,0,0,-108,0
256,562,-281,0,0,0,-108,0
257,562,-281,0,0,0,-108,0
258,562,-281,0,0,0,-108,0
259,562,-281,0,0,0,-108,0
260,562,-281,0,0,0,-108,0
261,562,-281,0,0,0,-108,0
262,562,-281,0,0,0,-108,0
263,562,-281,0,0,0,-108,0
264,562,-281,0,0,0,-108,0
265,562,-281,0,0,0,-108,0
266,562,-281,0,0,0,-108,0
267,562,-281,0,0,0,-108,0
268,562,-281,0,0,0,-108,0
269,562,-281,0,0,0,-108,0
270,562,-281,0,0,0,-108,0
271,562,-281,0,0,0,-108,0
272,562,-281,0,0,0,-108,0
273,562,-281,0,0,0,-108,0
274,562,-281,0,0,0,-108,0
275,562,-281,0,0,0,-108,0
276,562,-281,0,0,0,-108,0
277,562,-281,0,0,0,-108,0
278,562,-281,0,0,0,-108,0
279,562,-281,0,0,0,-108,0
280,562,-281,0,0,0,-108,0
281,562,-281,0,0,0,-108,0
282,562,-281,0,0,0,-108,0
283,562,-281,0,0,0,-108,0
284,562,-281,0,0,0,-108,0
285,562,-281,0,0,0,-108,0
286,562,-281,0,0,0,-108,0
287,562,-281,0,0,0,-108,0
288,562,-281,0,0,0,-108,0
289,562,-281,0,0,0,-108,0
290,562,-281,0,0,0,-108,0
291,562,-281,0,0,0,-108,0
292,562,-281,0,0,0,-108,0
293,562,-281,0,0,0,-108,0
294,562,-281,0,0,0,-108,0
295,562,-281,0,0,0,-108,0
296,562,-281,0,0,0,-108,0
297,562,-281,0,0,0,-108,0
298,562,-281,0,0,0,-108,0
299,562,-281,0,0,0,-108,0
300,562,-281,0,0,0,-108,0
301,562,-281,0,0,0,-108,0
302,562,-281,0,0,0,-108,0
303,562,-281,0,0,0,-108,0
304,562,-281,0,0,0,-108,0
305,562,-281,0,0,0,-108,0
306,562,-281,0,0,0,-108,0
307,562,-281,0,0,0,-108,0
308,562,-281,0,0,0,-108,0
309,562,-281,0,0,0,-108,0
310,562,-281,0,0,0,-108,0
311,562,-281,0,0,0,-108,0
312,562,-281,0,0,0,-108,0
313,562,-281,0,0,0,-108,0
314,562,-281,0,0,0,-108,0
315,562,-281,0,0,0,-108,0
316,562,-281,0,0,0,-108,0
317,562,-281,0,0,0,-108,0
318,562,-281,0,0,0,-108,0
319,562,-281,0,0,0,-108,0
320,562,-281,0,0,0,-108,0
321,562,-281,0,0,0,-108,0
322,562,-281,0,0,0,-108,0
323,562,-281,0,0,0,-108,0
324,562,-281,0,0,0,-108,0
325,562,-281,0,0,0,-108,0
326,562,-281,0,0,0,-108,0
327,562,-281,0,0,0,-108,0
328,562,-281,0,0,0,-108,0
329,562,-281,0,0,0,-108,0
330,562,-281,0,0,0,-108,0
331,562,-281,0,0,0,-108,0
332,562,-281,0,0,0,-108,0
333,562,-281,0,0,0,-108,0
334,562,-281,0,0,0,-108,0
335,562,-281,0,0,0,-108,0
336,562,-281,0,0,0,-108,0
337,562,-281,0,0,0,-108,0
338,562,-281,0,0,0,-108,0
339,562,-281,0,0,0,-108,0
340,562,-281,0,0,0,-108,0
341,562,-281,0,0,0,-108,0
342,562,-281,0,0,0,-108,0
343,562,-281,0,0,0,-108,0
344,562,-281,0,0,0,-108,0
345,562,-281,0,0,0,-108,0
346,562,-281,0,0,0,-108,0
347,562,-281,0,0,0,-108,0
348,562,-281,0,0,0,-108,0
349,562,-281,0,0,0,-108,0
350,562,-281,0,0,0,-108,0
351,562,-281,0,0,0,-108,0
352,562,-281,0,0,0,-108,0
353,562,-281,0,0,0,-108,0
354,562,-281,0,0,0,-108,0
355,562,-281,0,0,0,-108,0
356,562,-281,0,0,0,-108,0
357,562,-281,0,0,0,-108,0
358,562,-281,0,0,0,-108,0
359,562,-281,0,0,0,-108,0
360,562,-281,0,0,0,-108,0
361,562,-281,0,0,0,-108,0
362,562,-281,0,0,0,-108,0
363,562,-281,0,0,0,-108,0
364,562,-281,0,0,0,-108,0
365,562,-281,0,0,0,-108,0
366,562,-281,0,0,0,-108,0
367,562,-281,0,0,0,-108,0
368,562,-281,0,0,0,-108,0
369,562,-281,0,0,0,-108,0
370,562,-281,0,0,0,-108,0
371,562,-281,0,0,0,-108,0
372,562,-281,0,0,0,-108,0
373,562,-281,0,0,0,-108,0
374,562,-281,0,0,0,-108,0
375,562,-281,0,0,0,-108,0
376,562,-281,0,0,0,-108,0
377,562,-281,0,0,0,-108,0
378,562,-281,0,0,0,-108,0
379,562,-281,0,0,0,-108,0
380,562,-281,0,0,0,-108,0
381,562,-281,0,0,0,-108,0
382,562,-281,0,0,0,-108,0
383,562,-281,0,0,0,-108,0
384,562,-281,0,0,0,-108,0
385,562,-281,0,0,0,-108,0
386,562,-281,0,0,0,-108,0
387,562,-281,0,0,0,-108,0
388,562,-281,0,0,0,-108,0
389,562,-281,0,0,0,-108,0
390,562,-281,0,0,0,-108,0
391,562,-281,0,0,0,-108,0
392,562,-281,0,0,0,-108,0
393,562,-281,0,0,0,-108,0
394,562,-281,0,0,0,-108,0
395,562,-281,0,0,0,-108,0
396,562,-281,0,0,0,-108,0
397,562,-281,0,0,0,-108,0
398,562,-281,0,0,0,-108,0
399,562,-281,0,0,0,-108,0
400,562,-281,0,0,0,-108,0
401,562,-281,0,0,0,-108,0
402,562,-281,0,0,0,-108,0
403,562,-281,0,0,0,-108,0
404,562,-281,0,0,0,-108,0
405,562,-281,0,0,0,-108,0
406,562,-281,0,0,0,-108,0
407,562,-281,0,0,0,-108,0
408,562,-281,0,0,0,-108,0
409,562,-281,0,0,0,-108,0
410,562,-281,0,0,0,-108,0
411,562,-281,0,0,0,-108,0
412,562,-281,0,0,0,-108,0
413,562,-281,0,0,0,-108,0
414,562,-281,0,0,0,-108,0
415,562,-281,0,0,0,-108,0
416,562,-281,0,0,0,-108,0
417,562,-281,0,0,0,-108,0
418,562,-281,0,0,0,-108,0
419,562,-281,0,0,0,-108,0
420,562,-281,0,0,0,-108,0
421,562,-281,0,0,0,-108,0
422,562,-281,0,0,0,-108,0
423,562,-281,0,0,0,-108,0
424,562,-281,0,0,0,-108,0
425,562,-281,0,0,0,-108,0
426,562,-281,0,0,0,-108,0
427,562,-281,0,0,0,-108,0
428,562,-281,0,0,0,-108,0
429,562,-281,0,0,0,-108,0
430,562,-281,0,0,0,-108,0
431,562,-281,0,0,0,-108,0
432,562,-281,0,0,0,-108,0
433,562,-281,0,0,0,-108,0
434,562,-281,0,0,0,-108,0
435,562,-281,0,0,0,-108,0
436,562,-281,0,0,0,-108,0
437,562,-281,0,0,0,-108,0
438,562,-281,0,0,0,-108,0
439,562,-281,0,0,0,-108,0
440,562,-281,0,0,0,-108,0
441,562,-281,0,0,0,-108,0
442,562,-281,0,0,0,-108,0
443,562,-281,0,0,0,-108,0
444,562,-281,0,0,0,-108,0
445,562,-281,0,0,0,-108,0
446,562,-281,0,0,0,-108,0
447,562,-281,0,0,0,-108,0
448,562,-281,0,0,0,-108,0
449,562,-281,0,0,0,-108,0
450,562,-281,0,0,0,-108,0
451,562,-281,0,0,0,-108,0
452,562,-281,0,0,0,-108,0
453,562,-281,0,0,0,-108,0
454,562,-281,0,0,0,-108,0
455,562,-281,0,0,0,-108,0
456,562,-281,0,0,0,-108,0
457,562,-281,0,0,0,-108,0
458,562,-281,0,0,0,-108,0
459,562,-281,0,0,0,-108,0
460,562,-281,0,0,0,-108,0
461,562,-281,0,0,0,-108,0
462,562,-281,0,0,0,-108,0
463,562,-281,0,0,0,-108,0
464,562,-281,0,0,0,-108,0
465,562,-281,0,0,0,-108,0
466,562,-281,0,0,0,-108,0
467,562,-281,0,0,0,-108,0
468,562,-281,0,0,0,-108,0
469,562,-281,0,0,0,-108,0
470,562,-281,0,0,0,-108,0
471,562,-281,0,0,0,-108,0
472,562,-281,0,0,0,-108,0
473,562,-281,0,0,0,-108,0
474,562,-281,0,0,0,-108,0
475,562,-281,0,0,0,-108,0
476,562,-281,0,0,0,-108,0
477,562,-281,0,0,0,-108,0
478,562,-281,0,0,0,-108,0
479,562,-281,0,0,0,-108,0
480,562,-281,0,0,0,-108,0
481,562,-281,0,0,0,-108,0
482,562,-281,0,0,0,-108,0
483,562,-281,0,0,0,-108,0
484,562,-281,0,0,0,-108,0
485,562,-281,0,0,0,-108,0
486,562,-281,0,0,0,-108,0
487,562,-281,0,0,0,-108,0
488,562,-281,0,0,0,-108,0
489,562,-281,0,0,0,-108,0
490,562,-281,0,0,0,-108,0
491,562,-281,0,0,0,-108,0
492,562,-281,0,0,0,-108,0
493,562,-281,0,0,0,-108,0
494,562,-281,0,0,0,-108,0
495,562,-281,0,0,0,-108,0
496,562,-281,0,0,0,-108,0
497,562,-281,0,0,0,-108,0
498,562,-281,0,0,0,-108,0
499,562,-281,0,0,0,-108,0
500,562,-281,0,0,0,-76,2
501,562,-281,0,0,0,-76,2
502,562,-281,0,0,0,-76,2
503,562,-281,0,0,0,-76,2
504,562,-281,0,0,0,-76,2
505,562,-281,0,0,0,-76,2
506,562,-281,0,0,0,-76,2
507,562,-281,0,0,0,-76,2
508,562,-281,0,0,0,-76,2
509,562,-281,0,0,0,-76,2
510,562,-281,0,0,0,-76,2
511,562,-281,0,0,0,-76,2
512,562,-281,0,0,0,-76,2
513,562,-281,0,0,0,-76,2
514,562,-281,0,0,0,-76,2
515,562,-281,0,0,0,-76,2
516,562,-281,0,0,0,-76,2
517,562,-281,0,0,0,-76,2
518,562,-281,0,0,0,-76,2
519,562,-281,0,0,0,-76,2
520,562,-281,0,0,0,-76,2
521,562,-281,0,0,0,-76,2
522,562,-281,0,0,0,-76,2
523,562,-281,0,0,0,-76,2
524,562,-281,0,0,0,-76,2
525,562,-281,0,0,0,-76,2
526,562,-281,0,0,0,-76,2
527,562,-281,0,0,0,-76,2
528,562,-281,0,0,0,-76,2
529,562,-281,0,0,0,-76,2
530,562,-281,0,0,0,-76,2
531,562,-281,0,0,0,-76,2
532,562,-281,0,0,0,-76,2
533,562,-281,0,0,0,-76,2
534,562,-281,0,0,0,-76,2
535,562,-281,0,0,0,-76,2
536,562,-281,0,0,0,-76,2
537,562,-281,0,0,0,-76,2
538,562,-281,0,0,0,-76,2
539,562,-281,0,0,0,-76,2
540,562,-281,0,0,0,-76,2
541,562,-281,0,0,0,-76,1
542,562,-281,0,0,0,-76,1
543,562,-281,0,0,0,-76,1
544,562,-281,0,0,0,-76,1
545,562,-281,0,0,0,-76,1
546,562,-281,0,0,0,-76,1
547,562,-281,0,0,0,-76,1
548,562,-281,0,0,0,-76,1
549,562,-281,0,0,0,-76,1
550,562,-281,0,0,0,-76,1
551,562,-281,0,0,0,-76,1
552,562,-281,0,0,0,-76,1
553,562,-281,0,0,0,-76,1
554,562,-281,0,0,0,-76,1
555,562,-281,0,0,0,-76,1
556,562,-281,0,0,0,-76,1
557,562,-281,0,0,0,-76,1
558,562,-281,0,0,0,-76,1
559,562,-281,0,0,0,-76,1
560,562,-281,0,0,0,-76,1
561,562,-281,0,0,0,-76,1
562,562,-281,0,0,0,-76,1
563,562,-281,0,0,0,-76,1
564,562,-281,0,0,0,-76,1
565,562,-281,0,0,0,-76,1
566,562,-281,0,0,0,-76,1
567,562,-281,0,0,0,-76,1
568,562,-281,0,0,0,-76,1
569,562,-281,0,0,0,-76,1
570,562,-281,0,0,0,-76,1
571,562,-281,0,0,0,-76,1
572,562,-281,0,0,0,-76,1
573,562,-281,0,0,0,-76,1
574,562,-281,0,0,0,-76,1
575,562,-281,0,0,0,-76,1
576,562,-281,0,0,0,-76,1
577,562,-281,0,0,0,-76,1
578,562,-281,0,0,0,-76,1
579,562,-281,0,0,0,-76,1
580,562,-281,0,0,0,-76,1
581,562,-281,0,0,0,-76,1
582,562,-281,0,0,0,-76,1
583,562,-281,0,0,0,-76,1
584,562,-281,0,0,0,-76,1
585,562,-281,0,0,0,-76,1
586,562,-281,0,0,0,-76,1
587,562,-281,0,0,0,-76,1
588,562,-281,0,0,0,-76,1
589,562,-281,0,0,0,-76,1
590,562,-281,0,0,0,-76,1
591,562,-281,0,0,0,-76,1
592,562,-281,0,0,0,-76,1
593,562,-281,0,0,0,-76,1
594,562,-281,0,0,0,-76,1
595,562,-281,0,0,0,-76,1
596,562,-281,0,0,0,-76,1
597,562,-281,0,0,0,-76,1
598,562,-281,0,0,0,-76,1
599,562,-281,0,0,0,-76,1
600,562,-281,0,0,0,-76,1
601,562,-281,0,0,0,-76,1
602,562,-281,0,0,0,-76,1
603,562,-281,0,0,0,-76,1
604,562,-281,0,0,0,-76,1
605,562,-281,0,0,0,-76,1
606,562,-281,0,0,0,-76,1
607,562,-281,0,0,0,-76,1
608,562,-281,0,0,0,-76,1
609,562,-281,0,0,0,-76,1
610,562,-281,0,0,0,-76,1
611,562,-281,0,0,0,-76,1
612,562,-281,0,0,0,-76,1
613,562,-281,0,0,0,-76,1
614,562,-281,0,0,0,-76,1
615,562,-281,0,0,0,-76,1
616,562,-281,0,0,0,-76,1
617,562,-281,0,0,0,-76,1
618,562,-281,0,0,0,-76,1
619,562,-281,0,0,0,-76,1
620,562,-281,0,0,0,-76,1
621,562,-281,0,0,0,-76,1
622,562,-281,0,0,0,-76,1
623,562,-281,0,0,0,-76,1
624,562,-281,0,0,0,-76,1
625,562,-281,0,0,0,-76,1
626,562,-281,0,0,0,-76,1
627,562,-281,0,0,0,-76,1
628,562,-281,0,0,0,-76,1
629,562,-281,0,0,0,-76,1
630,562,-281,0,0,0,-76,1
631,562,-281,0,0,0,-76,1
632,562,-281,0,0,0,-76,1
633,562,-281,0,0,0,-76,1
634,562,-281,0,0,0,-76,1
635,562,-281,0,0,0,-76,1
636,562,-281,0,0,0,-76,1
637,562,-281,0,0,0,-76,1
638,562,-281,0,0,0,-76,1
639,562,-281,0,0,0,-76,1
640,562,-281,0,0,0,-76,1
641,562,-281,0,0,0,-76,1
642,562,-281,0,0,0,-76,1
643,562,-281,0,0,0,-76,1
644,562,-281,0,0,0,-76,1
645,562,-281,0,0,0,-76,1
646,562,-281,0,0,0,-76,1
647,562,-281,0,0,0,-76,1
648,562,-281,0,0,0,-76,1
649,562,-281,0,0,0,-76,1
650,562,-281,0,0,0,-76,1
651,562,-281,0,0,0,-76,1
652,562,-281,0,0,0,-76,1
653,562,-281,0,0,0,-76,1
654,562,-281,0,0,0,-76,1
655,562,-281,0,0,0,-76,1
656,562,-281,0,0,0,-76,1
657,562,-281,0,0,0,-76,1
658,562,-281,0,0,0,-76,1
659,562,-281,0,0,0,-76,1
660,562,-281,0,0,0,-76,1
661,562,-281,0,0,0,-76,1
662,562,-281,0,0,0,-76,1
663,562,-281,0,0,0,-76,1
664,562,-281,0,0,0,-76,1
665,562,-281,0,0,0,-76,1
666,562,-281,0,0,0,-76,1
667,562,-281,0,0,0,-76,1
668,562,-281,0,0,0,-76,1
669,562,-281,0,0,0,-76,1
670,562,-281,0,0,0,-76,1
671,562,-281,0,0,0,-76,1
672,562,-281,0,0,0,-76,1
673,562,-281,0,0,0,-76,1
674,562,-281,0,0,0,-76,1
675,562,-281,0,0,0,-76,1
676,562,-281,0,0,0,-76,1
677,562,-281,0,0,0,-76,1
678,562,-281,0,0,0,-76,1
679,562,-281,0,0,0,-76,1
680,562,-281,0,0,0,-76,1
681,562,-281,0,0,0,-76,1
682,562,-281,0,0,0,-76,1
683,562,-281,0,0,0,-76,1
684,562,-281,0,0,0,-76,1
685,562,-281,0,0,0,-76,1
686,562,-281,0,0,0,-76,1
687,562,-281,0,0,0,-76,1
688,562,-281,0,0,0,-76,1
689,562,-281,0,0,0,-76,1
690,562,-281,0,0,0,-76,1
691,562,-281,0,0,0,-76,1
692,562,-281,0,0,0,-76,1
693,562,-281,0,0,0,-76,1
694,562,-281,0,0,0,-76,1
695,562,-281,0,0,0,-76,1
696,562,-281,0,0,0,-76,1
697,562,-281,0,0,0,-76,1
698,562,-281,0,0,0,-76,1
699,562,-281,0,0,0,-76,1
700,562,-281,0,0,0,-76,1
701,562,-281,0,0,0,-76,1
702,562,-281,0,0,0,-76,1
703,562,-281,0,0,0,-76,1
704,562,-281,0,0,0,-76,1
705,562,-281,0,0,0,-76,1
706,562,-281,0,0,0,-76,1
707,562,-281,0,0,0,-76,1
708,562,-281,0,0,0,-76,1
709,562,-281,0,0,0,-76,1
710,562,-281,0,0,0,-76,1
711,562,-281,0,0,0,-76,1
712,562,-281,0,0,0,-76,1
713,562,-281,0,0,0,-76,1
714,562,-281,0,0,0,-76,1
715,562,-281,0,0,0,-76,1
716,562,-281,0,0,0,-76,1
717,562,-281,0,0,0,-76,1
718,562,-281,0,0,0,-76,1
719,562,-281,0,0,0,-76,1
720,562,-281,0,0,0,-76,1
721,562,-281,0,0,0,-76,1
722,562,-281,0,0,0,-76,1
723,562,-281,0,0,0,-76,1
724,562,-281,0,0,0,-76,1
725,562,-281,0,0,0,-76,1
726,562,-281,0,0,0,-76,1
727,562,-281,0,0,0,-76,1
728,562,-281,0,0,0,-76,1
729,562,-281,0,0,0,-76,1
730,562,-281,0,0,0,-76,1
731,562,-281,0,0,0,-76,1
732,562,-281,0,0,0,-76,1
733,562,-281,0,0,0,-76,1
734,562,-281,0,0,0,-76,1
735,562,-281,0,0,0,-76,1
736,562,-281,0,0,0,-76,1
737,562,-281,0,0,0,-76,1
738,562,-281,0,0,0,-76,1
739,562,-281,0,0,0,-76,1
740,562,-281,0,0,0,-76,1
741,562,-281,0,0,0,-76,1
742,562,-281,0,0,0,-76,1
743,562,-281,0,0,0,-76,1
744,562,-281,0,0,0,-76,1
745,562,-281,0,0,0,-76,1
746,562,-281,0,0,0,-76,1
747,562,-281,0,0,0,-76,1
748,562,-281,0,0,0,-76,1
749,562,-281,0,0,0,-76,1
750,562,-281,0,0,0,-76,1
751,562,-281,0,0,0,-76,1
752,562,-281,0,0,0,-76,1
753,562,-281,0,0,0,-76,1
754,562,-281,0,0,0,-76,1
755,562,-281,0,0,0,-76,1
756,562,-281,0,0,0,-76,1
757,562,-281,0,0,0,-76,1
758,562,-281,0,0,0,-76,1
759,562,-281,0,0,0,-76,1
760,562,-281,0,0,0,-76,1
761,562,-281,0,0,0,-76,1
762,562,-281,0,0,0,-76,1
763,562,-281,0,0,0,-76,1
764,562,-281,0,0,0,-76,1
765,562,-281,0,0,0,-76,1
766,562,-281,0,0,0,-76,1
767,562,-281,0,0,0,-76,1
768,562,-281,0,0,0,-76,1
769,562,-281,0,0,0,-76,1
770,562,-281,0,0,0,-76,1
771,562,-281,0,0,0,-76,1
772,562,-281,0,0,0,-76,1
773,562,-281,0,0,0,-76,1
774,562,-281,0,0,0,-76,1
775,562,-281,0,0,0,-76,1
776,562,-281,0,0,0,-76,1
777,562,-281,0,0,0,-76,1
778,562,-281,0,0,0,-76,1
779,562,-281,0,0,0,-76,1
780,562,-281,0,0,0,-76,1
781,562,-281,0,0,0,-76,1
782,562,-281,0,0,0,-76,1
783,562,-281,0,0,0,-76,1
784,562,-281,0,0,0,-76,1
785,562,-281,0,0,0,-76,1
786,562,-281,0,0,0,-76,1
787,562,-281,0,0,0,-76,1
788,562,-281,0,0,0,-76,1
789,562,-281,0,0,0,-76,1
790,562,-281,0,0,0,-76,1
791,562,-281,0,0,0,-76,1
792,562,-281,0,0,0,-76,1
793,562,-281,0,0,0,-76,1
794,562,-281,0,0,0,-76,1
795,562,-281,0,0,0,-76,1
796,562,-281,0,0,0,-76,1
797,562,-281,0,0,0,-76,1
798,562,-281,0,0,0,-76,1
799,562,-281,0,0,0,-76,1
800,562,-281,0,0,0,-76,1
801,562,-281,0,0,0,-76,1
802,562,-281,0,0,0,-76,1
803,562,-281,0,0,0,-76,1
804,562,-281,0,0,0,-76,1
805,562,-281,0,0,0,-76,1
806,562,-281,0,0,0,-76,1
807,562,-281,0,0,0,-76,1
808,562,-281,0,0,0,-76,1
809,562,-281,0,0,0,-76,1
810,562,-281,0,0,0,-76,1
811,562,-281,0,0,0,-76,1
812,562,-281,0,0,0,-76,1
813,562,-281,0,0,0,-76,1
814,562,-281,0,0,0,-76,1
815,562,-281,0,0,0,-76,1
816,562,-281,0,0,0,-76,1
817,562,-281,0,0,0,-76,1
818,562,-281,0,0,0,-76,1
819,562,-281,0,0,0,-76,1
820,562,-281,0,0,0,-76,1
821,562,-281,0,0,0,-76,1
822,562,-281,0,0,0,-76,1
823,562,-281,0,0,0,-76,1
824,562,-281,0,0,0,-76,1
825,562,-281,0,0,0,-76,1
826,562,-281,0,0,0,-76,1
827,562,-281,0,0,0,-76,1
828,562,-281,0,0,0,-76,1
829,562,-281,0,0,0,-76,1
830,562,-281,0,0,0,-76,1
831,562,-281,0,0,0,-76,1
832,562,-281,0,0,0,-76,1
833,562,-281,0,0,0,-76,1
834,562,-281,0,0,0,-76,1
835,562,-281,0,0,0,-76,1
836,562,-281,0,0,0,-76,1
837,562,-281,0,0,0,-76,1
838,562,-281,0,0,0,-76,1
839,562,-281,0,0,0,-76,1
840,562,-281,0,0,0,-76,1
841,562,-281,0,0,0,-76,1
842,562,-281,0,0,0,-76,1
843,562,-281,0,0,0,-76,1
844,562,-281,0,0,0,-76,1
845,562,-281,0,0,0,-76,1
846,562,-281,0,0,0,-76,1
847,562,-281,0,0,0,-76,1
848,562,-281,0,0,0,-76,1
849,562,-281,0,0,0,-76,1
850,562,-281,0,0,0,-76,1
851,562,-281,0,0,0,-76,1
852,562,-281,0,0,0,-76,1
853,562,-281,0,0,0,-76,1
854,562,-281,0,0,0,-76,1
855,562,-281,0,0,0,-76,1
856,562,-281,0,0,0,-76,1
857,562,-281,0,0,0,-76,1
858,562,-281,0,0,0,-76,1
859,562,-281,0,0,0,-76,1
860,562,-281,0,0,0,-76,1
861,562,-281,0,0,0,-76,1
862,562,-281,0,0,0,-76,1
863,562,-281,0,0,0,-76,1
864,562,-281,0,0,0,-76,1
865,562,-281,0,0,0,-76,1
866,562,-281,0,0,0,-76,1
867,562,-281,0,0,0,-76,1
868,562,-281,0,0,0,-76,1
869,562,-281,0,0,0,-76,1
870,562,-281,0,0,0,-76,1
871,562,-281,0,0,0,-76,1
872,562,-281,0,0,0,-76,1
873,562,-281,0,0,0,-76,1
874,562,-281,0,0,0,-76,1
875,562,-281,0,0,0,-76,1
876,562,-281,0,0,0,-76,1
877,562,-281,0,0,0,-76,1
878,562,-281,0,0,0,-76,1
879,562,-281,0,0,0,-76,1
880,562,-281,0,0,0,-76,1
881,562,-281,0,0,0,-76,1
882,562,-281,0,0,0,-76,1
883,562,-281,0,0,0,-76,1
884,562,-281,0,0,0,-76,1
885,562,-281,0,0,0,-76,1
886,562,-281,0,0,0,-76,1
887,562,-281,0,0,0,-76,1
888,562,-281,0,0,0,-76,1
889,562,-281,0,0,0,-76,1
890,562,-281,0,0,0,-76,1
891,562,-281,0,0,0,-76,1
892,562,-281,0,0,0,-76,1
893,562,-281,0,0,0,-76,1
894,562,-281,0,0,0,-76,1
895,562,-281,0,0,0,-76,1
896,562,-281,0,0,0,-76,1
897,562,-281,0,0,0,-76,1
898,562,-281,0,0,0,-76,1
899,562,-281,0,0,0,-76,1
900,562,-281,0,0,0,-76,1
901,562,-281,0,0,0,-76,1
902,562,-281,0,0,0,-76,1
903,562,-281,0,0,0,-76,1
904,562,-281,0,0,0,-76,1
905,562,-281,0,0,0,-76,1
906,562,-281,0,0,0,-76,1
907,562,-281,0,0,0,-76,1
908,562,-281,0,0,0,-76,1
909,562,-281,0,0,0,-76,1
910,562,-281,0,0,0,-76,1
911,562,-281,0,0,0,-76,1
912,562,-281,0,0,0,-76,1
913,562,-281,0,0,0,-76,1
914,562,-281,0,0,0,-76,1
915,562,-281,0,0,0,-76,1
916,562,-281,0,0,0,-76,1
917,562,-281,0,0,0,-76,1
918,562,-281,0,0,0,-76,1
919,562,-281,0,0,0,-76,1
920,562,-281,0,0,0,-76,1
921,562,-281,0,0,0,-76,1
922,562,-281,0,0,0,-76,1
923,562,-281,0,0,0,-76,1
924,562,-281,0,0,0,-76,1
925,562,-281,0,0,0,-76,1
926,562,-281,0,0,0,-76,1
927,562,-281,0,0,0,-76,1
928,562,-281,0,0,0,-76,1
929,562,-281,0,0,0,-76,1
930,562,-281,0,0,0,-76,1
931,562,-281,0,0,0,-76,1
932,562,-281,0,0,0,-76,1
933,562,-281,0,0,0,-76,1
934,562,-281,0,0,0,-76,1
935,562,-281,0,0,0,-76,1
936,562,-281,0,0,0,-76,1
937,562,-281,0,0,0,-76,1
938,562,-281,0,0,0,-76,1
939,562,-281,0,0,0,-76,1
940,562,-281,0,0,0,-76,1
941,562,-281,0,0,0,-76,1
942,562,-281,0,0,0,-76,1
943,562,-281,0,0,0,-76,1
944,562,-281,0,0,0,-76,1
945,562,-281,0,0,0,-76,1
946,562,-281,0,0,0,-76,1
947,562,-281,0,0,0,-76,1
948,562,-281,0,0,0,-76,1
949,562,-281,0,0,0,-76,1
950,562,-281,0,0,0,-76,1
951,562,-281,0,0,0,-76,1
952,562,-281,0,0,0,-76,1
953,562,-281,0,0,0,-76,1
954,562,-281,0,0,0,-76,1
955,562,-281,0,0,0,-76,1
956,562,-281,0,0,0,-76,1
957,562,-281,0,0,0,-76,1
958,562,-281,0,0,0,-76,1
959,562,-281,0,0,0,-76,1
960,562,-281,0,0,0,-76,1
961,562,-281,0,0,0,-76,1
962,562,-281,0,0,0,-76,1
963,562,-281,0,0,0,-76,1
964,562,-281,0,0,0,-76,1
965,562,-281,0,0,0,-76,1
966,562,-281,0,0,0,-76,1
967,562,-281,0,0,0,-76,1
968,562,-281,0,0,0,-76,1
969,562,-281,0,0,0,-76,1
970,562,-281,0,0,0,-76,1
971,562,-281,0,0,0,-76,1
972,562,-281,0,0,0,-76,1
973,562,-281,0,0,0,-76,1
974,562,-281,0,0,0,-76,1
975,562,-281,0,0,0,-76,1
976,562,-281,0,0,0,-76,1
977,562,-281,0,0,0,-76,1
978,562,-281,0,0,0,-76,1
979,562,-281,0,0,0,-76,1
980,562,-281,0,0,0,-76,1
981,562,-281,0,0,0,-76,1
982,562,-281,0,0,0,-76,1
983,562,-281,0,0,0,-76,1
984,562,-281,0,0,0,-76,1
985,562,-281,0,0,0,-76,1
986,562,-281,0,0,0,-76,1
987,562,-281,0,0,0,-76,1
988,562,-281,0,0,0,-76,1
989,562,-281,0,0,0,-76,1
990,562,-281,0,0,0,-76,1
991,562,-281,0,0,0,-76,1
992,562,-281,0,0,0,-76,1
993,562,-281,0,0,0,-76,1
994,562,-281,0,0,0,-76,1
995,562,-281,0,0,0,-76,1
996,562,-281,0,0,0,-76,1
997,562,-281,0,0,0,-76,1
998,562,-281,0,0,0,-76,1
999,562,-281,0,0,0,-76,1
1000,562,-281,0,0,0,-76,1
1001,562,-281,0,0,0,-76,1
1002,562,-281,0,0,0,-76,1
1003,562,-281,0,0,0,-76,1
1004,562,-281,0,0,0,-76,1
1005,562,-281,0,0,0,-76,1
1006,562,-281,0,0,0,-76,1
1007,562,-281,0,0,0,-76,1
1008,562,-281,0,0,0,-76,1
1009,562,-281,0,0,0,-76,1
1010,562,-281,0,0,0,-76,1
1011,562,-281,0,0,0,-76,1
1012,562,-281,0,0,0,-76,1
1013,562,-281,0,0,0,-76,1
1014,562,-281,0,0,0,-76,1
1015,562,-281,0,0,0,-76,1
1016,562,-281,0,0,0,-76,1
1017,562,-281,0,0,0,-76,1
1018,562,-281,0,0,0,-76,1
1019,562,-281,0,0,0,-76,1
1020,562,-281,0,0,0,-76,1
1021,562,-281,0,0,0,-76,1
1022,562,-281,0,0,0,-76,1
1023,562,-281,0,0,0,-76,1
1024,562,-281,0,0,0,-76,1
1025,562,-281,0,0,0,-76,1
1026,562,-281,0,0,0,-76,1
1027,562,-281,0,0,0,-76,1
1028,562,-281,0,0,0,-76,1
1029,562,-281,0,0,0,-76,1
1030,562,-281,0,0,0,-76,1
1031,562,-281,0,0,0,-76,1
1032,562,-281,0,0,0,-76,1
1033,562,-281,0,0,0,-76,1
1034,562,-281,0,0,0,-76,1
1035,562,-281,0,0,0,-76,1
1036,562,-281,0,0,0,-76,1
1037,562,-281,0,0,0,-76,1
1038,562,-281,0,0,0,-76,1
1039,562,-281,0,0,0,-76,1
1040,562,-281,0,0,0,-76,1
1041,562,-281,0,0,0,-76,1
1042,562,-281,0,0,0,-76,1
1043,562,-281,0,0,0,-76,1
1044,562,-281,0,0,0,-76,1
1045,562,-281,0,0,0,-76,1
1046,562,-281,0,0,0,-76,1
1047,562,-281,0,0,0,-76,1
1048,562,-281,0,0,0,-76,1
1049,562,-281,0,0,0,-76,1
1050,562,-281,0,0,0,-76,1
1051,562,-281,0,0,0,-76,1
1052,562,-281,0,0,0,-76,1
1053,562,-281,0,0,0,-76,1
1054,562,-281,0,0,0,-76,1
1055,562,-281,0,0,0,-76,1
1056,562,-281,0,0,0,-76,1
1057,562,-281,0,0,0,-76,1
1058,562,-281,0,0,0,-76,1
1059,562,-281,0,0,0,-76,1
1060,562,-281,0,0,0,-76,1
1061,562,-281,0,0,0,-76,1
1062,562,-281,0,0,0,-76,1
1063,562,-281,0,0,0,-76,1
1064,562,-281,0,0,0,-76,1
1065,562,-281,0,0,0,-76,1
1066,562,-281,0,0,0,-76,1
1067,562,-281,0,0,0,-76,1
1068,562,-281,0,0,0,-76,1
1069,562,-281,0,0,0,-76,1
1070,562,-281,0,0,0,-76,1
1071,562,-281,0,0,0,-76,1
1072,562,-281,0,0,0,-76,1
1073,562,-281,0,0,0,-76,1
1074,562,-281,0,0,0,-76,1
1075,562,-281,0,0,0,-76,1
1076,562,-281,0,0,0,-76,1
1077,562,-281,0,0,0,-76,1
1078,562,-281,0,0,0,-76,1
1079,562,-281,0,0,0,-76,1
1080,562,-281,0,0,0,-76,1
1081,562,-281,0,0,0,-76,1
1082,562,-281,0,0,0,-76,1
1083,562,-281,0,0,0,-76,1
1084,562,-281,0,0,0,-76,1
1085,562,-281,0,0,0,-76,1
1086,562,-281,0,0,0,-76,1
1087,562,-281,0,0,0,-76,1
1088,562,-281,0,0,0,-76,1
1089,562,-281,0,0,0,-76,1
1090,562,-281,0,0,0,-76,1
1091,562,-281,0,0,0,-76,1
1092,562,-281,0,0,0,-76,1
1093,562,-281,0,0,0,-76,1
1094,562,-281,0,0,0,-76,1
1095,562,-281,0,0,0,-76,1
1096,562,-281,0,0,0,-76,1
1097,562,-281,0,0,0,-76,1
1098,562,-281,0,0,0,-76,1
1099,562,-281,0,0,0,-76,1
1100,562,-281,0,0,0,-76,1
1101,562,-281,0,0,0,-76,1
1102,562,-281,0,0,0,-76,1
1103,562,-281,0,0,0,-76,1
1104,562,-281,0,0,0,-76,1
1105,562,-281,0,0,0,-76,1
1106,562,-281,0,0,0,-76,1
1107,562,-281,0,0,0,-76,1
1108,562,-281,0,0,0,-76,1
1109,562,-281,0,0,0,-76,1
1110,562,-281,0,0,0,-76,1
1111,562,-281,0,0,0,-76,1
1112,562,-281,0,0,0,-76,1
1113,562,-281,0,0,0,-76,1
1114,562,-281,0,0,0,-76,1
1115,562,-281,0,0,0,-76,1
1116,562,-281,0,0,0,-76,1
1117,562,-281,0,0,0,-76,1
1118,562,-281,0,0,0,-76,1
1119,562,-281,0,0,0,-76,1
1120,562,-281,0,0,0,-76,1
1121,562,-281,0,0,0,-76,1
1122,562,-281,0,0,0,-76,1
1123,562,-281,0,0,0,-76,1
1124,562,-281,0,0,0,-76,1
1125,562,-281,0,0,0,-76,1
1126,562,-281,0,0,0,-76,1
1127,562,-281,0,0,0,-76,1
1128,562,-281,0,0,0,-76,1
1129,562,-281,0,0,0,-76,1
1130,562,-281,0,0,0,-76,1
1131,562,-281,0,0,0,-76,1
1132,562,-281,0,0,0,-76,1
1133,562,-281,0,0,0,-76,1
1134,562,-281,0,0,0,-76,1
1135,562,-281,0,0,0,-76,1
1136,562,-281,0,0,0,-76,1
1137,562,-281,0,0,0,-76,1
1138,562,-281,0,0,0,-76,1
1139,562,-281,0,0,0,-76,1
1140,562,-281,0,0,0,-76,1
1141,562,-281,0,0,0,-76,1
1142,562,-281,0,0,0,-76,1
1143,562,-281,0,0,0,-76,1
1144,562,-281,0,0,0,-76,1
1145,562,-281,0,0,0,-76,1
1146,562,-281,0,0,0,-76,1
1147,562,-281,0,0,0,-76,1
1148,562,-281,0,0,0,-76,1
1149,562,-281,0,0,0,-76,1
1150,562,-281,0,0,0,-76,1
1151,562,-281,0,0,0,-76,1
1152,562,-281,0,0,0,-76,1
1153,562,-281,0,0,0,-76,1
1154,562,-281,0,0,0,-76,1
1155,562,-281,0,0,0,-76,1
1156,562,-281,0,0,0,-76,1
1157,562,-281,0,0,0,-76,1
1158,562,-281,0,0,0,-76,1
1159,562,-281,0,0,0,-76,1
1160,562,-281,0,0,0,-76,1
1161,562,-281,0,0,0,-76,1
1162,562,-281,0,0,0,-76,1
1163,562,-281,0,0,0,-76,1
1164,562,-281,0,0,0,-76,1
1165,562,-281,0,0,0,-76,1
1166,562,-281,0,0,0,-76,1
1167,562,-281,0,0,0,-76,1
1168,562,-281,0,0,0,-76,1
1169,562,-281,0,0,0,-76,1
1170,562,-281,0,0,0,-76,1
1171,562,-281,0,0,0,-76,1
1172,562,-281,0,0,0,-76,1
1173,562,-281,0,0,0,-76,1
1174,562,-281,0,0,0,-76,1
1175,562,-281,0,0,0,-76,1
1176,562,-281,0,0,0,-76,1
1177,562,-281,0,0,0,-76,1
1178,562,-281,0,0,0,-76,1
1179,562,-281,0,0,0,-76,1
1180,562,-281,0,0,0,-76,1
1181,562,-281,0,0,0,-76,1
1182,562,-281,0,0,0,-76,1
1183,562,-281,0,0,0,-76,1
1184,562,-281,0,0,0,-76,1
1185,562,-281,0,0,0,-76,1
1186,562,-281,0,0,0,-76,1
1187,562,-281,0,0,0,-76,1
1188,562,-281,0,0,0,-76,1
1189,562,-281,0,0,0,-76,1
1190,562,-281,0,0,0,-76,1
1191,562,-281,0,0,0,-76,1
1192,562,-281,0,0,0,-76,1
1193,562,-281,0,0,0,-76,1
1194,562,-281,0,0,0,-76,1
1195,562,-281,0,0,0,-76,1
1196,562,-281,0,0,0,-76,1
1197,562,-281,0,0,0,-76,1
1198,562,-281,0,0,0,-76,1
1199,562,-281,0,0,0,-76,1
1200,562,-281,0,0,0,-76,1
1201,562,-281,0,0,0,-76,1
1202,562,-281,0,0,0,-76,1
1203,562,-281,0,0,0,-76,1
1204,562,-281,0,0,0,-76,1
1205,562,-281,0,0,0,-76,1
1206,562,-281,0,0,0,-76,1
1207,562,-281,0,0,0,-76,1
1208,562,-281,0,0,0,-76,1
1209,562,-281,0,0,0,-76,1
1210,562,-281,0,0,0,-76,1
1211,562,-281,0,0,0,-76,1
1212,562,-281,0,0,0,-76,1
1213,562,-281,0,0,0,-76,1
1214,562,-281,0,0,0,-76,1
1215,562,-281,0,0,0,-76,1
1216,562,-281,0,0,0,-76,1
1217,562,-281,0,0,0,-76,1
1218,562,-281,0,0,0,-76,1
1219,562,-281,0,0,0,-76,1
1220,562,-281,0,0,0,-76,1
1221,562,-281,0,0,0,-76,1
1222,562,-281,0,0,0,-76,1
1223,562,-281,0,0,0,-76,1
1224,562,-281,0,0,0,-76,1
1225,562,-281,0,0,0,-76,1
1226,562,-281,0,0,0,-76,1
1227,562,-281,0,0,0,-76,1
1228,562,-281,0,0,0,-76,1
1229,562,-281,0,0,0,-76,1
1230,562,-281,0,0,0,-76,1
1231,562,-281,0,0,0,-76,1
1232,562,-281,0,0,0,-76,1
1233,562,-281,0,0,0,-76,1
1234,562,-281,0,0,0,-76,1
1235,562,-281,0,0,0,-76,1
1236,562,-281,0,0,0,-76,1
1237,562,-281,0,0,0,-76,1
1238,562,-281,0,0,0,-76,1
1239,562,-281,0,0,0,-76,1
1240,562,-281,0,0,0,-76,1
1241,562,-281,0,0,0,-76,1
1242,562,-281,0,0,0,-76,1
1243,562,-281,0,0,0,-76,1
1244,562,-281,0,0,0,-76,1
1245,562,-281,0,0,0,-76,1
1246,562,-281,0,0,0,-76,1
1247,562,-281,0,0,0,-76,1
1248,562,-281,0,0,0,-76,1
1249,562,-281,0,0,0,-76,1
1250,562,-281,0,0,0,-76,1
1251,562,-281,0,0,0,-76,1
1252,562,-281,0,0,0,-76,1
1253,562,-281,0,0,0,-76,1
1254,562,-281,0,0,0,-76,1
1255,562,-281,0,0,0,-76,1
1256,562,-281,0,0,0,-76,1
1257,562,-281,0,0,0,-76,1
1258,562,-281,0,0,0,-76,1
1259,562,-281,0,0,0,-76,1
1260,562,-281,0,0,0,-76,1
1261,562,-281,0,0,0,-76,1
1262,562,-281,0,0,0,-76,1
1263,562,-281,0,0,0,-76,1
1264,562,-281,0,0,0,-76,1
1265,562,-281,0,0,0,-76,1
1266,562,-281,0,0,0,-76,1
1267,562,-281,0,0,0,-76,1
1268,562,-281,0,0,0,-76,1
1269,562,-281,0,0,0,-76,1
1270,562,-281,0,0,0,-76,1
1271,562,-281,0,0,0,-76,1
1272,562,-281,0,0,0,-76,1
