t,x,y,fh,fv,r,s,frame:
0,-549,-187,0,0,0,-90,0
1,-549,-187,0,0,0,-90,0
2,-549,-187,0,0,0,-90,0
3,-549,-187,0,0,0,-90,0
4,-549,-187,0,0,0,-90,0
5,-549,-187,0,0,0,-90,0
6,-549,-187,0,0,0,-90,0
7,-549,-187,0,0,0,-90,0
8,-549,-187,0,0,0,-90,0
9,-549,-187,0,0,0,-90,0
10,-549,-187,0,0,0,-90,0
11,-549,-187,0,0,0,-90,0
12,-549,-187,0,0,0,-90,0
13,-549,-187,0,0,0,-90,0
14,-549,-187,0,0,0,-90,0
15,-549,-187,0,0,0,-90,0
16,-549,-187,0,0,0,-90,0
17,-549,-187,0,0,0,-90,0
18,-549,-187,0,0,0,-90,0
19,-549,-187,0,0,0,-90,0
20,-549,-187,0,0,0,-90,0
21,-549,-187,0,0,0,-90,0
22,-549,-187,0,0,0,-90,0
23,-549,-187,0,0,0,-90,0
24,-549,-187,0,0,0,-90,0
25,-549,-187,0,0,0,-90,0
26,-549,-187,0,0,0,-90,0
27,-549,-187,0,0,0,-90,0
28,-549,-187,0,0,0,-90,0
29,-549,-187,0,0,0,-90,0
30,-549,-187,0,0,0,-90,0
31,-549,-187,0,0,0,-90,0
32,-549,-187,0,0,0,-90,0
33,-549,-187,0,0,0,-90,0
34,-549,-187,0,0,0,-90,0
35,-549,-187,0,0,0,-90,0
36,-549,-187,0,0,0,-90,0
37,-549,-187,0,0,0,-90,0
38,-549,-187,0,0,0,-90,0
39,-549,-187,0,0,0,-90,0
40,-549,-187,0,0,0,-90,0
41,-549,-187,0,0,0,-90,0
42,-549,-187,0,0,0,-90,0
43,-549,-187,0,0,0,-90,0
44,-549,-187,0,0,0,-90,0
45,-549,-187,0,0,0,-90,0
46,-549,-187,0,0,0,-90,0
47,-549,-187,0,0,0,-90,0
48,-549,-187,0,0,0,-90,0
49,-549,-187,0,0,0,-90,0
50,-549,-187,0,0,0,-90,0
51,-549,-187,0,0,0,-90,0
52,-549,-187,0,0,0,-90,0
53,-549,-187,0,0,0,-90,0
54,-549,-187,0,0,0,-90,0
55,-549,-187,0,0,0,-90,0
56,-549,-187,0,0,0,-90,0
57,-549,-187,0,0,0,-90,0
58,-549,-187,0,0,0,-90,0
59,-549,-187,0,0,0,-90,0
60,-549,-187,0,0,0,-90,0
61,-549,-187,0,0,0,-90,0
62,-549,-187,0,0,0,-90,0
63,-549,-187,0,0,0,-90,0
64,-549,-187,0,0,0,-90,0
65,-549,-187,0,0,0,-90,0
66,-549,-187,0,0,0,-90,0
67,-549,-187,0,0,0,-90,0
68,-549,-187,0,0,0,-90,0
69,-549,-187,0,0,0,-90,0
70,-549,-187,0,0,0,-90,0
71,-549,-187,0,0,0,-90,0
72,-549,-187,0,0,0,-90,0
73,-549,-187,0,0,0,-90,0
74,-549,-187,0,0,0,-90,0
75,-549,-187,0,0,0,-90,0
76,-549,-187,0,0,0,-90,0
77,-549,-187,0,0,0,-90,0
78,-549,-187,0,0,0,-90,0
79,-549,-187,0,0,0,-90,0
80,-549,-187,0,0,0,-90,0
81,-549,-187,0,0,0,-90,0
82,-549,-187,0,0,0,-90,0
83,-549,-187,0,0,0,-90,0
84,-549,-187,0,0,0,-90,0
85,-549,-187,0,0,0,-90,0
86,-549,-187,0,0,0,-90,0
87,-549,-187,0,0,0,-90,0
88,-549,-187,0,0,0,-90,0
89,-549,-187,0,0,0,-90,0
90,-549,-187,0,0,0,-90,0
91,-549,-187,0,0,0,-90,0
92,-549,-187,0,0,0,-90,0
93,-549,-187,0,0,0,-90,0
94,-549,-187,0,0,0,-90,0
95,-549,-187,0,0,0,-90,0
96,-549,-187,0,0,0,-90,0
97,-549,-187,0,0,0,-90,0
98,-549,-187,0,0,0,-90,0
99,-549,-187,0,0,0,-90,0
100,-549,-187,0,0,0,-90,0
101,-549,-187,0,0,0,-90,0
102,-549,-187,0,0,0,-90,0
103,-549,-187,0,0,0,-90,0
104,-549,-187,0,0,0,-90,0
105,-549,-187,0,0,0,-90,0
106,-549,-187,0,0,0,-90,0
107,-549,-187,0,0,0,-90,0
108,-549,-187,0,0,0,-90,0
109,-549,-187,0,0,0,-90,0
110,-549,-187,0,0,0,-90,0
111,-549,-187,0,0,0,-90,0
112,-549,-187,0,0,0,-90,0
113,-549,-187,0,0,0,-90,0
114,-549,-187,0,0,0,-90,0
115,-549,-187,0,0,0,-90,0
116,-549,-187,0,0,0,-90,0
117,-549,-187,0,0,0,-90,0
118,-549,-187,0,0,0,-90,0
119,-549,-187,0,0,0,-90,0
120,-549,-187,0,0,0,-90,0
121,-549,-187,0,0,0,-90,0
122,-549,-187,0,0,0,-90,0
123,-549,-187,0,0,0,-90,0
124,-549,-187,0,0,0,-90,0
125,-549,-187,0,0,0,-90,0
126,-549,-187,0,0,0,-90,0
127,-549,-187,0,0,0,-90,0
128,-549,-187,0,0,0,-90,0
129,-549,-187,0,0,0,-90,0
130,-549,-187,0,0,0,-90,0
131,-549,-187,0,0,0,-90,0
132,-549,-187,0,0,0,-90,0
133,-549,-187,0,0,0,-90,0
134,-549,-187,0,0,0,-90,0
135,-549,-187,0,0,0,-90,0
136,-549,-187,0,0,0,-90,0
137,-549,-187,0,0,0,-90,0
138,-549,-187,0,0,0,-90,0
139,-549,-187,0,0,0,-90,0
140,-549,-187,0,0,0,-90,0
141,-549,-187,0,0,0,-90,0
142,-549,-187,0,0,0,-90,0
143,-549,-187,0,0,0,-90,0
144,-549,-187,0,0,0,-90,0
145,-549,-187,0,0,0,-90,0
146,-549,-187,0,0,0,-90,0
147,-549,-187,0,0,0,-90,0
148,-549,-187,0,0,0,-90,0
149,-549,-187,0,0,0,-90,0
150,-549,-187,0,0,0,-90,0
151,-549,-187,0,0,0,-90,0
152,-549,-187,0,0,0,-90,0
153,-549,-187,0,0,0,-90,0
154,-549,-187,0,0,0,-90,0
155,-549,-187,0,0,0,-90,0
156,-549,-187,0,0,0,-90,0
157,-549,-187,0,0,0,-90,0
158,-549,-187,0,0,0,-90,0
159,-549,-187,0,0,0,-90,0
160,-549,-187,0,0,0,-90,0
161,-549,-187,0,0,0,-90,0
162,-549,-187,0,0,0,-90,0
163,-549,-187,0,0,0,-90,0
164,-549,-187,0,0,0,-90,0
165,-549,-187,0,0,0,-90,0
166,-549,-187,0,0,0,-90,0
167,-549,-187,0,0,0,-90,0
168,-549,-187,0,0,0,-90,0
169,-549,-187,0,0,0,-90,0
170,-549,-187,0,0,0,-90,0
171,-549,-187,0,0,0,-90,0
172,-549,-187,0,0,0,-90,0
173,-549,-187,0,0,0,-90,0
174,-549,-187,0,0,0,-90,0
175,-549,-187,0,0,0,-90,0
176,-549,-187,0,0,0,-90,0
177,-549,-187,0,0,0,-90,0
178,-549,-187,0,0,0,-90,0
179,-549,-187,0,0,0,-90,0
180,-549,-187,0,0,0,-90,0
181,-549,-187,0,0,0,-90,0
182,-549,-187,0,0,0,-90,0
183,-549,-187,0,0,0,-90,0
184,-549,-187,0,0,0,-90,0
185,-549,-187,0,0,0,-90,0
186,-549,-187,0,0,0,-90,0
187,-549,-187,0,0,0,-90,0
188,-549,-187,0,0,0,-90,0
189,-549,-187,0,0,0,-90,0
190,-549,-187,0,0,0,-90,0
191,-549,-187,0,0,0,-90,0
192,-549,-187,0,0,0,-90,0
193,-549,-187,0,0,0,-90,0
194,-549,-187,0,0,0,-90,0
195,-549,-187,0,0,0,-90,0
196,-549,-187,0,0,0,-90,0
197,-549,-187,0,0,0,-90,0
198,-549,-187,0,0,0,-90,0
199,-549,-187,0,0,0,-90,0
200,-549,-187,0,0,0,-90,0
201,-549,-187,0,0,0,-90,0
202,-549,-187,0,0,0,-90,0
203,-549,-187,0,0,0,-90,0
204,-549,-187,0,0,0,-90,0
205,-549,-187,0,0,0,-90,0
206,-549,-187,0,0,0,-90,0
207,-549,-187,0,0,0,-90,0
208,-549,-187,1,0,0,-90,0
209,-549,-187,1,0,0,-90,0
210,-549,-187,1,0,0,-90,0
211,-549,-187,1,0,0,-90,0
212,-549,-187,1,0,0,-90,0
213,-549,-187,1,0,0,-90,0
214,-549,-187,1,0,0,-90,0
215,-549,-187,1,0,0,-90,0
216,-549,-187,1,0,0,-90,0
217,-549,-187,1,0,0,-90,0
218,-549,-187,1,0,0,-90,0
219,-549,-187,1,0,0,-90,0
220,-549,-187,1,0,0,-90,0
221,-549,-187,1,0,0,-90,0
222,-549,-187,1,0,0,-90,0
223,-549,-187,1,0,0,-90,0
224,-549,-187,1,0,0,-90,0
225,-549,-187,1,0,0,-90,0
226,-549,-187,1,0,0,-90,0
227,-549,-187,1,0,0,-90,0
228,-549,-187,1,0,0,-90,0
229,-549,-187,1,0,0,-90,0
230,-549,-187,1,0,0,-90,0
231,-549,-187,1,0,0,-90,0
232,-549,-187,1,0,0,-90,0
233,-549,-187,1,0,0,-90,0
234,-549,-187,1,0,0,-90,0
235,-549,-187,1,0,0,-90,0
236,-549,-187,1,0,0,-90,0
237,-549,-187,1,0,0,-90,0
238,-549,-187,1,0,0,-90,0
239,-549,-187,1,0,0,-90,0
240,-549,-187,1,0,0,-90,0
241,-549,-187,1,0,0,-90,0
242,-549,-187,1,0,0,-90,0
243,-549,-187,1,0,0,-90,0
244,-549,-187,1,0,0,-90,0
245,-549,-187,1,0,0,-90,0
246,-549,-187,1,0,0,-90,0
247,-549,-187,1,0,0,-90,0
248,-549,-187,1,0,0,-90,0
249,-549,-187,1,0,0,-90,0
250,-549,-187,1,0,0,-90,0
251,-549,-187,1,0,0,-90,0
252,-549,-187,1,0,0,-90,0
253,-549,-187,1,0,0,-90,0
254,-549,-187,1,0,0,-90,0
255,-549,-187,1,0,0,-90,0
256,-549,-187,1,0,0,-90,0
257,-549,-187,1,0,0,-90,0
258,-549,-187,1,0,0,-90,0
259,-549,-187,1,0,0,-90,0
260,-549,-187,1,0,0,-90,0
261,-549,-187,1,0,0,-90,0
262,-549,-187,1,0,0,-90,0
263,-549,-187,1,0,0,-90,0
264,-549,-187,1,0,0,-90,0
265,-549,-187,1,0,0,-90,0
266,-549,-187,1,0,0,-90,0
267,-549,-187,1,0,0,-90,0
268,-549,-187,1,0,0,-90,0
269,-549,-187,1,0,0,-90,0
270,-549,-187,1,0,0,-90,0
271,-549,-187,0,0,0,-90,0
272,-549,-187,0,0,0,-90,0
273,-549,-187,0,0,0,-90,0
274,-549,-187,0,0,0,-90,0
275,-549,-187,0,0,0,-90,0
276,-549,-187,0,0,0,-90,0
277,-549,-187,0,0,0,-90,0
278,-549,-187,0,0,0,-90,0
279,-549,-187,0,0,0,-90,0
280,-549,-187,0,0,0,-90,0
281,-549,-187,0,0,0,-90,0
282,-549,-187,0,0,0,-90,0
283,-549,-187,0,0,0,-90,0
284,-549,-187,0,0,0,-90,0
285,-549,-187,0,0,0,-90,0
286,-549,-187,0,0,0,-90,0
287,-549,-187,0,0,0,-90,0
288,-549,-187,0,0,0,-90,0
289,-549,-187,0,0,0,-90,0
290,-549,-187,0,0,0,-90,0
291,-549,-187,0,0,0,-90,0
292,-549,-187,0,0,0,-90,0
293,-549,-187,0,0,0,-90,0
294,-549,-187,0,0,0,-90,0
295,-549,-187,0,0,0,-90,0
296,-549,-187,0,0,0,-90,0
297,-549,-187,0,0,0,-90,0
298,-549,-187,0,0,0,-90,0
299,-549,-187,0,0,0,-90,0
300,-549,-187,0,0,0,-90,0
301,-549,-187,0,0,0,-90,0
302,-549,-187,0,0,0,-90,0
303,-549,-187,0,0,0,-90,0
304,-549,-187,0,0,0,-90,0
305,-549,-187,0,0,0,-90,0
306,-549,-187,0,0,0,-90,0
307,-549,-187,0,0,0,-90,0
308,-549,-187,0,0,0,-90,0
309,-549,-187,0,0,0,-90,0
310,-549,-187,0,0,0,-90,0
311,-549,-187,0,0,0,-90,0
312,-549,-187,0,0,0,-90,0
313,-549,-187,0,0,0,-90,0
314,-549,-187,0,0,0,-90,0
315,-549,-187,0,0,0,-90,0
316,-549,-187,0,0,0,-90,0
317,-549,-187,0,0,0,-90,0
318,-549,-187,0,0,0,-90,0
319,-549,-187,0,0,0,-90,0
320,-549,-187,0,0,0,-90,0
321,-549,-187,0,0,0,-90,0
322,-549,-187,0,0,0,-90,0
323,-549,-187,0,0,0,-90,0
324,-549,-187,0,0,0,-90,0
325,-549,-187,0,0,0,-90,0
326,-549,-187,0,0,0,-90,0
327,-549,-187,0,0,0,-90,0
328,-549,-187,0,0,0,-90,0
329,-549,-187,0,0,0,-90,0
330,-549,-187,0,0,0,-90,0
331,-549,-187,0,0,0,-90,0
332,-549,-187,0,0,0,-90,0
333,-549,-187,0,0,0,-90,0
334,-549,-187,0,0,0,-90,0
335,-549,-187,0,0,0,-90,0
336,-549,-187,0,0,0,-90,0
337,-548,-187,0,0,0,-90,0
338,-546,-188,0,0,0,-90,0
339,-546,-189,0,0,0,-90,0
340,-544,-189,0,0,0,-90,0
341,-543,-190,0,0,0,-90,0
342,-543,-190,0,0,0,-90,0
343,-543,-190,0,0,0,-90,0
344,-543,-190,0,0,0,-90,0
345,-543,-190,0,0,0,-90,0
346,-543,-190,0,0,0,-90,0
347,-542,-189,0,0,0,-90,0
348,-542,-189,0,0,0,-90,0
349,-541,-188,0,0,0,-90,0
350,-541,-188,0,0,0,-90,0
351,-541,-188,0,0,0,-90,0
352,-541,-187,0,0,0,-90,0
353,-541,-187,0,0,0,-90,0
354,-541,-187,0,0,0,-90,0
355,-541,-187,0,0,0,-90,0
356,-540,-187,0,0,0,-90,0
357,-540,-187,0,0,0,-90,0
358,-539,-187,0,0,0,-90,0
359,-538,-188,0,0,0,-90,0
360,-538,-189,0,0,0,-90,0
361,-537,-189,0,0,0,-90,0
362,-537,-189,0,0,0,-90,0
363,-536,-190,0,0,0,-90,0
364,-535,-190,0,0,0,-90,0
365,-534,-189,0,0,0,-90,0
366,-532,-186,0,0,0,-90,0
367,-531,-185,0,0,0,-90,0
368,-530,-183,0,0,0,-90,0
369,-529,-183,0,0,0,-90,0
370,-529,-183,0,0,0,-90,0
371,-529,-183,0,0,0,-90,0
372,-528,-183,0,0,0,-90,0
373,-527,-184,0,0,0,-90,0
374,-527,-184,0,0,0,-90,0
375,-525,-186,0,0,0,-90,0
376,-524,-187,0,0,0,-90,0
377,-523,-188,0,0,0,-90,0
378,-523,-188,0,0,0,-90,0
379,-523,-188,0,0,0,-90,0
380,-523,-188,0,0,0,-90,0
381,-523,-188,0,0,0,-90,0
382,-523,-188,0,0,0,-90,0
383,-523,-188,0,0,0,-90,0
384,-523,-188,0,0,0,-90,0
385,-523,-188,0,0,0,-90,0
386,-523,-188,0,0,0,-90,0
387,-523,-188,0,0,0,-90,0
388,-523,-188,0,0,0,-90,0
389,-524,-189,0,0,-23,-90,0
390,-524,-189,0,0,-23,-90,0
391,-524,-189,0,0,-23,-90,0
392,-524,-189,0,0,-23,-90,0
393,-524,-189,0,0,-23,-90,0
394,-524,-189,0,0,-23,-90,0
395,-523,-189,0,0,-23,-90,0
396,-522,-190,0,0,-23,-90,0
397,-522,-191,0,0,-23,-90,0
398,-521,-191,0,0,-23,-90,0
399,-520,-193,0,0,-23,-90,0
400,-519,-193,0,0,-23,-90,0
401,-519,-194,0,0,-23,-90,0
402,-518,-195,0,0,-23,-90,0
403,-517,-195,0,0,-23,-90,0
404,-517,-195,0,0,-23,-90,0
405,-516,-195,0,0,-23,-90,0
406,-516,-195,0,0,-23,-90,0
407,-515,-195,0,0,-23,-90,0
408,-515,-195,0,0,-23,-90,0
409,-515,-191,0,0,-23,-90,0
410,-514,-189,0,0,-23,-90,0
411,-514,-186,0,0,-23,-90,0
412,-513,-185,0,0,-23,-90,0
413,-513,-184,0,0,-23,-90,0
414,-513,-184,0,0,-23,-90,0
415,-513,-184,0,0,-23,-90,0
416,-513,-184,0,0,-23,-90,0
417,-513,-184,0,0,-23,-90,0
418,-513,-184,0,0,-23,-90,0
419,-513,-184,0,0,-23,-90,0
420,-512,-186,0,0,-23,-90,0
421,-512,-188,0,0,-23,-90,0
422,-512,-190,0,0,-23,-90,0
423,-511,-195,0,0,-23,-90,0
424,-511,-196,0,0,-23,-90,0
425,-511,-197,0,0,-23,-90,0
426,-511,-197,0,0,-23,-90,0
427,-511,-198,0,0,-23,-90,0
428,-511,-198,0,0,-23,-90,0
429,-511,-197,0,0,-23,-90,0
430,-511,-194,0,0,-23,-90,0
431,-511,-190,0,0,-23,-90,0
432,-511,-187,0,0,-23,-90,0
433,-511,-186,0,0,-23,-90,0
434,-511,-185,0,0,-23,-90,0
435,-511,-184,0,0,-23,-90,0
436,-511,-183,0,0,-23,-90,0
437,-511,-183,0,0,-23,-90,0
438,-511,-183,0,0,-23,-90,0
439,-510,-183,0,0,-23,-90,0
440,-510,-184,0,0,-23,-90,0
441,-509,-187,0,0,-23,-90,0
442,-508,-189,0,0,-23,-90,0
443,-507,-191,0,0,-23,-90,0
444,-506,-193,0,0,-23,-90,0
445,-506,-194,0,0,-23,-90,0
446,-506,-194,0,0,-23,-90,0
447,-506,-194,0,0,-23,-90,0
448,-506,-194,0,0,-23,-90,0
449,-506,-192,0,0,-23,-90,0
450,-506,-188,0,0,-23,-90,0
451,-506,-188,0,0,-23,-90,0
452,-506,-187,0,0,-23,-90,0
453,-507,-186,0,0,-23,-90,0
454,-507,-186,0,0,-23,-90,0
455,-507,-186,0,0,-23,-90,0
456,-507,-186,0,0,-23,-90,0
457,-507,-186,0,0,-23,-90,0
458,-507,-187,0,0,-23,-90,0
459,-508,-189,0,0,-23,-90,0
460,-508,-191,0,0,-23,-90,0
461,-509,-193,0,0,-23,-90,0
462,-509,-194,0,0,-23,-90,0
463,-510,-195,0,0,-23,-90,0
464,-510,-196,0,0,-23,-90,0
465,-510,-196,0,0,-23,-90,0
466,-510,-196,0,0,-23,-90,0
467,-510,-196,0,0,-23,-90,0
468,-511,-195,0,0,-23,-90,0
469,-511,-192,0,0,-23,-90,0
470,-511,-189,0,0,-23,-90,0
471,-511,-186,0,0,-23,-90,0
472,-511,-184,0,0,-23,-90,0
473,-511,-183,0,0,-23,-90,0
474,-511,-183,0,0,-23,-90,0
475,-511,-183,0,0,-23,-90,0
476,-511,-183,0,0,-23,-90,0
477,-511,-184,0,0,-23,-90,0
478,-511,-186,0,0,-23,-90,0
479,-510,-189,0,0,-23,-90,0
480,-509,-191,0,0,-23,-90,0
481,-508,-195,0,0,-23,-90,0
482,-508,-195,0,0,-23,-90,0
483,-508,-197,0,0,-23,-90,0
484,-508,-197,0,0,-23,-90,0
485,-508,-197,0,0,-23,-90,0
486,-508,-197,0,0,-23,-90,0
487,-508,-196,0,0,-23,-90,0
488,-508,-193,0,0,-23,-90,0
489,-508,-191,0,0,-23,-90,0
490,-508,-188,0,0,-23,-90,0
491,-508,-186,0,0,-23,-90,0
492,-508,-185,0,0,-23,-90,0
493,-508,-185,0,0,-23,-90,0
494,-508,-185,0,0,-23,-90,0
495,-508,-185,0,0,-23,-90,0
496,-508,-185,0,0,-23,-90,0
497,-508,-185,0,0,-23,-90,0
498,-507,-189,0,0,-23,-90,0
499,-507,-190,0,0,-23,-90,0
500,-507,-192,0,0,-23,-90,0
501,-507,-194,0,0,-23,-90,0
502,-507,-194,0,0,-23,-90,0
503,-507,-194,0,0,-23,-90,0
504,-507,-194,0,0,-23,-90,0
505,-507,-194,0,0,-23,-90,0
506,-507,-193,0,0,-23,-90,0
507,-507,-190,0,0,-23,-90,0
508,-507,-190,0,0,-23,-90,0
509,-507,-189,0,0,-23,-90,0
510,-507,-188,0,0,-23,-90,0
511,-507,-188,0,0,-23,-90,0
512,-507,-188,0,0,-23,-90,0
513,-507,-188,0,0,-23,-90,0
514,-507,-188,0,0,-23,-90,0
515,-507,-190,0,0,-23,-90,0
516,-506,-191,0,0,-23,-90,0
517,-506,-193,0,0,-23,-90,0
518,-506,-195,0,0,-23,-90,0
519,-506,-196,0,0,-23,-90,0
520,-506,-196,0,0,-23,-90,0
521,-506,-196,0,0,-23,-90,0
522,-506,-196,0,0,-23,-90,0
523,-506,-196,0,0,-23,-90,0
524,-506,-196,0,0,-23,-90,0
525,-506,-194,0,0,-23,-90,0
526,-506,-191,0,0,-23,-90,0
527,-505,-190,0,0,-23,-90,0
528,-505,-188,0,0,-23,-90,0
529,-505,-187,0,0,-23,-90,0
530,-505,-187,0,0,-23,-90,0
531,-505,-187,0,0,-23,-90,0
532,-505,-187,0,0,-23,-90,0
533,-505,-187,0,0,-23,-90,0
534,-505,-189,0,0,-23,-90,0
535,-504,-191,0,0,-23,-90,0
536,-504,-192,0,0,-23,-90,0
537,-504,-193,0,0,-23,-90,0
538,-504,-195,0,0,-23,-90,0
539,-504,-195,0,0,-23,-90,0
540,-504,-195,0,0,-23,-90,0
541,-504,-195,0,0,-23,-90,0
542,-504,-195,0,0,-23,-90,0
543,-504,-194,0,0,-23,-90,0
544,-504,-192,0,0,-23,-90,0
545,-504,-190,0,0,-23,-90,0
546,-504,-189,0,0,-23,-90,0
547,-504,-187,0,0,-23,-90,0
548,-504,-187,0,0,-23,-90,0
549,-504,-187,0,0,-23,-90,0
550,-504,-187,0,0,-23,-90,0
551,-504,-187,0,0,-23,-90,0
552,-504,-187,0,0,-23,-90,0
553,-504,-187,0,0,-23,-90,0
554,-504,-187,0,0,-23,-90,0
555,-504,-187,0,0,-23,-90,0
556,-504,-187,0,0,-23,-90,0
557,-504,-187,0,0,-23,-90,0
558,-504,-187,0,0,-23,-90,0
559,-504,-187,0,0,-23,-90,0
560,-504,-187,0,0,-23,-90,0
561,-504,-187,0,0,-23,-90,0
562,-504,-187,0,0,-23,-90,0
563,-504,-187,0,0,-23,-90,0
564,-504,-187,0,0,-23,-90,0
565,-504,-187,0,0,-23,-90,0
566,-504,-187,0,0,-23,-90,0
567,-504,-187,0,0,-23,-90,0
568,-504,-187,0,0,-23,-90,0
569,-504,-187,0,0,-23,-90,0
570,-504,-187,0,0,-23,-90,0
571,-504,-187,0,0,-23,-90,0
572,-504,-187,0,0,-23,-90,0
573,-504,-187,0,0,-23,-90,0
574,-504,-187,0,0,-23,-90,0
575,-504,-187,0,0,-23,-90,0
576,-504,-188,0,0,-7,-90,0
577,-504,-188,0,0,-7,-90,0
578,-504,-188,0,0,-7,-90,0
579,-504,-189,0,0,-7,-90,0
580,-504,-190,0,0,-7,-90,0
581,-504,-194,0,0,-7,-90,0
582,-504,-196,0,0,-7,-90,0
583,-504,-198,0,0,-7,-90,0
584,-504,-200,0,0,-7,-90,0
585,-504,-201,0,0,-7,-90,0
586,-504,-201,0,0,-7,-90,0
587,-505,-202,0,0,-7,-90,0
588,-505,-202,0,0,-7,-90,0
589,-506,-204,0,0,-7,-90,0
590,-506,-204,0,0,-7,-90,0
591,-506,-205,0,0,-7,-90,0
592,-507,-205,0,0,-7,-90,0
593,-508,-206,0,0,-7,-90,0
594,-509,-207,0,0,-7,-90,0
595,-509,-207,0,0,-7,-90,0
596,-509,-207,0,0,-7,-90,0
597,-510,-207,0,0,-7,-90,0
598,-511,-207,0,0,-7,-90,0
599,-511,-207,0,0,-7,-90,0
600,-511,-207,0,0,-7,-90,0
601,-512,-207,0,0,-7,-90,0
602,-513,-207,0,0,-7,-90,0
603,-513,-207,0,0,-7,-90,0
604,-514,-207,0,0,-6,-90,0
605,-515,-206,0,0,-5,-90,0
606,-515,-206,0,0,-4,-90,0
607,-516,-205,0,0,-3,-90,0
608,-516,-205,0,0,-2,-90,0
609,-516,-205,0,0,-2,-90,0
610,-516,-205,0,0,-2,-90,0
611,-518,-204,0,0,-2,-90,0
612,-518,-204,0,0,-2,-90,0
613,-519,-203,0,0,-2,-90,0
614,-519,-202,0,0,-2,-90,0
615,-519,-202,0,0,-2,-90,0
616,-521,-201,0,0,-2,-90,0
617,-521,-201,0,0,-2,-90,0
618,-523,-200,0,0,-2,-90,0
619,-528,-198,0,0,-2,-90,0
620,-531,-197,0,0,-2,-90,0
621,-534,-195,0,0,-2,-90,0
622,-536,-195,0,0,-2,-90,0
623,-536,-195,0,0,-2,-90,0
624,-536,-195,0,0,-2,-90,0
625,-536,-195,0,0,-2,-90,0
626,-536,-195,0,0,-2,-90,0
627,-536,-195,0,0,-2,-90,0
628,-536,-195,0,0,-2,-90,0
629,-536,-195,0,0,-2,-90,0
630,-536,-195,0,0,-2,-90,0
631,-536,-195,0,0,-2,-90,0
632,-536,-195,0,0,-2,-90,0
633,-536,-195,0,0,-2,-90,0
634,-536,-195,0,0,-2,-90,0
635,-536,-195,0,0,-2,-90,0
636,-535,-195,0,0,-2,-90,0
637,-534,-196,0,0,-2,-90,0
638,-534,-196,0,0,-2,-90,0
639,-533,-197,0,0,-2,-90,0
640,-533,-197,0,0,-2,-90,0
641,-533,-198,0,0,-2,-90,0
642,-532,-198,0,0,-2,-90,0
643,-532,-199,0,0,-2,-90,0
644,-532,-199,0,0,-2,-90,0
645,-532,-199,0,0,-2,-90,0
646,-532,-199,0,0,-2,-90,0
647,-532,-199,0,0,-2,-90,0
648,-532,-199,0,0,-2,-90,0
649,-532,-199,0,0,-2,-90,0
650,-532,-199,0,0,-2,-90,0
651,-532,-199,0,0,-2,-90,0
652,-532,-199,0,0,-2,-90,0
653,-532,-199,0,0,-2,-90,0
654,-532,-199,0,0,-2,-90,0
655,-532,-199,0,0,-2,-90,0
656,-532,-199,0,0,-2,-90,0
657,-532,-199,0,0,-2,-90,0
658,-532,-199,0,0,-2,-90,0
659,-532,-199,0,0,-2,-90,0
660,-532,-199,0,0,-2,-90,0
661,-532,-199,0,0,-2,-90,0
662,-532,-199,0,0,-2,-90,0
663,-532,-199,0,0,-2,-90,0
664,-531,-199,0,0,-1,-90,0
665,-531,-199,0,0,-1,-90,0
666,-531,-199,0,0,-1,-90,0
667,-531,-199,0,0,-1,-90,0
668,-531,-199,0,0,-1,-90,0
669,-531,-199,0,0,-1,-90,0
670,-531,-199,0,0,-1,-90,0
671,-531,-199,0,0,-1,-90,0
672,-531,-200,0,0,-1,-90,0
673,-531,-200,0,0,-1,-90,0
674,-531,-200,0,0,-1,-90,0
675,-531,-201,0,0,-1,-90,0
676,-531,-201,0,0,-1,-90,0
677,-531,-201,0,0,-1,-90,0
678,-531,-201,0,0,-1,-90,0
679,-531,-202,0,0,-1,-90,0
680,-531,-202,0,0,-1,-90,0
681,-531,-202,0,0,-1,-90,0
682,-531,-202,0,0,-1,-90,0
683,-531,-202,0,0,-1,-90,0
684,-531,-202,0,0,-1,-90,0
685,-531,-202,0,0,-1,-90,0
686,-531,-202,0,0,-1,-90,0
687,-531,-203,0,0,-1,-90,0
688,-531,-203,0,0,-1,-90,0
689,-531,-203,0,0,-1,-90,0
690,-531,-203,0,0,-1,-90,0
691,-531,-203,0,0,-1,-90,0
692,-531,-203,0,0,-1,-90,0
693,-531,-203,0,0,-1,-90,0
694,-531,-203,0,0,-1,-90,0
695,-531,-202,0,0,-1,-90,0
696,-531,-202,0,0,-1,-90,0
697,-531,-201,0,0,-1,-90,0
698,-531,-200,0,0,-1,-90,0
699,-531,-199,0,0,-1,-90,0
700,-531,-199,0,0,-1,-90,0
701,-531,-199,0,0,-1,-90,0
702,-531,-199,0,0,-1,-90,0
703,-531,-199,0,0,-1,-90,0
704,-531,-199,0,0,-1,-90,0
705,-531,-199,0,0,-1,-90,0
706,-531,-198,0,0,-1,-90,0
707,-531,-198,0,0,-1,-90,0
708,-531,-197,0,0,-1,-90,0
709,-531,-197,0,0,-1,-90,0
710,-531,-196,0,0,-1,-90,0
711,-531,-196,0,0,-1,-90,0
712,-531,-196,0,0,-1,-90,0
713,-531,-196,0,0,-1,-90,0
714,-531,-196,0,0,-1,-90,0
715,-531,-196,0,0,-1,-90,0
716,-532,-196,0,0,-1,-90,0
717,-532,-196,0,0,-1,-90,0
718,-532,-196,0,0,-1,-90,0
719,-533,-195,0,0,-1,-90,0
720,-535,-195,0,0,-1,-90,0
721,-535,-194,0,0,-1,-90,0
722,-535,-193,0,0,-1,-90,0
723,-535,-193,0,0,-1,-90,0
724,-535,-193,0,0,-1,-90,0
725,-535,-193,0,0,-1,-90,0
726,-536,-193,0,0,-1,-90,0
727,-536,-193,0,0,-1,-90,0
728,-536,-193,0,0,-1,-90,0
729,-536,-193,0,0,-1,-90,0
730,-536,-193,0,0,-1,-90,0
731,-536,-193,0,0,-1,-90,0
732,-536,-193,0,0,-1,-90,0
733,-536,-192,0,0,-1,-90,0
734,-536,-192,0,0,-1,-90,0
735,-537,-191,0,0,-1,-90,0
736,-537,-191,0,0,-1,-90,0
737,-537,-191,0,0,-1,-90,0
738,-537,-191,0,0,-1,-90,0
739,-538,-191,0,0,-1,-90,0
740,-538,-191,0,0,-1,-90,0
741,-538,-191,0,0,-1,-90,0
742,-538,-191,0,0,-1,-90,0
743,-538,-191,0,0,-1,-90,0
744,-538,-191,0,0,-1,-90,0
745,-539,-192,0,0,-1,-90,0
746,-540,-193,0,0,-1,-90,0
747,-540,-194,0,0,-1,-90,0
748,-540,-194,0,0,-1,-90,0
749,-540,-194,0,0,-1,-90,0
750,-540,-194,0,0,-1,-90,0
751,-540,-194,0,0,-1,-90,0
752,-541,-194,0,0,-1,-90,0
753,-542,-193,0,0,-1,-90,0
754,-542,-193,0,0,-1,-90,0
755,-542,-193,0,0,-1,-90,0
756,-542,-191,0,0,-1,-90,0
757,-542,-191,0,0,-1,-90,0
758,-543,-190,0,0,-1,-90,0
759,-544,-189,0,0,-1,-90,0
760,-544,-189,0,0,-1,-90,0
761,-545,-188,0,0,-1,-90,0
762,-545,-188,0,0,-1,-90,0
763,-545,-187,0,0,-1,-90,0
764,-546,-186,0,0,-1,-90,0
765,-547,-185,0,0,-1,-90,0
766,-547,-185,0,0,-1,-90,0
767,-547,-185,0,0,-1,-90,0
768,-547,-185,0,0,-1,-90,0
769,-547,-185,0,0,-1,-90,0
770,-547,-185,0,0,-1,-90,0
771,-547,-185,0,0,-1,-90,0
772,-547,-185,0,0,-1,-90,0
773,-547,-185,0,0,-1,-90,0
774,-547,-185,0,0,-1,-90,0
775,-547,-185,0,0,-1,-90,0
776,-547,-185,0,0,-1,-90,0
777,-547,-185,0,0,-1,-90,0
778,-547,-185,0,0,-1,-90,0
779,-547,-185,0,0,-1,-90,0
780,-547,-185,0,0,-1,-90,0
781,-547,-185,0,0,-1,-90,0
782,-547,-185,0,0,-1,-90,0
783,-547,-185,0,0,-1,-90,0
784,-547,-185,0,0,-1,-90,0
785,-547,-185,0,0,-1,-90,0
786,-547,-185,0,0,-1,-90,0
787,-547,-185,0,0,-1,-90,0
788,-547,-185,0,0,-1,-90,0
789,-547,-185,0,0,-1,-90,0
790,-547,-185,0,0,-1,-90,0
791,-547,-185,0,0,-1,-90,0
792,-547,-185,0,0,-1,-90,0
793,-547,-185,0,0,-1,-90,0
794,-547,-185,0,0,-1,-90,0
795,-547,-185,0,0,-1,-90,0
796,-547,-185,0,0,-1,-90,0
797,-547,-185,0,0,-1,-90,0
798,-547,-185,0,0,-1,-90,0
799,-547,-185,0,0,-1,-90,0
800,-547,-185,0,0,-1,-90,0
801,-547,-185,0,0,-1,-90,0
802,-547,-185,0,0,-1,-90,0
803,-547,-185,0,0,-1,-90,0
804,-547,-185,0,0,-1,-90,0
805,-547,-185,0,0,-1,-90,0
806,-547,-185,0,0,-1,-90,0
807,-547,-185,0,0,-1,-90,0
808,-547,-185,0,0,-1,-90,0
809,-547,-185,0,0,-1,-90,0
810,-547,-185,0,0,-1,-90,0
811,-547,-185,0,0,-1,-90,0
812,-546,-185,1,0,2,-90,0
813,-546,-185,1,0,2,-90,0
814,-546,-185,1,0,2,-90,0
815,-546,-185,1,0,2,-90,0
816,-546,-185,1,0,2,-90,0
817,-546,-185,1,0,2,-90,0
818,-546,-185,1,0,2,-90,0
819,-546,-185,1,0,2,-90,0
820,-546,-185,1,0,2,-90,0
821,-546,-185,1,0,2,-90,0
822,-546,-185,1,0,2,-90,0
823,-546,-185,1,0,2,-90,0
824,-546,-185,1,0,2,-90,0
825,-546,-185,1,0,2,-90,0
826,-546,-185,1,0,3,-90,0
827,-546,-185,1,0,4,-90,0
828,-546,-185,1,0,5,-90,0
829,-546,-185,1,0,6,-90,0
830,-546,-185,1,0,7,-90,0
831,-546,-185,1,0,8,-90,0
832,-546,-185,1,0,9,-90,0
833,-546,-185,1,0,10,-90,0
834,-546,-185,1,0,11,-90,0
835,-546,-185,1,0,11,-90,0
836,-546,-183,1,0,11,-90,0
837,-544,-179,1,0,10,-90,0
838,-543,-177,1,0,9,-90,0
839,-541,-173,1,0,8,-90,0
840,-540,-172,1,0,7,-90,0
841,-540,-169,1,0,6,-90,0
842,-539,-166,1,0,5,-90,0
843,-538,-161,1,0,4,-90,0
844,-538,-159,1,0,3,-90,0
845,-538,-154,1,0,2,-90,0
846,-538,-147,1,0,2,-90,0
847,-538,-144,1,0,2,-90,0
848,-537,-142,1,0,2,-90,0
849,-536,-134,1,0,2,-90,0
850,-536,-132,1,0,2,-90,0
851,-536,-129,1,0,2,-90,0
852,-536,-125,1,0,2,-90,0
853,-536,-121,1,0,2,-90,0
854,-536,-118,1,0,3,-90,0
855,-536,-115,1,0,4,-90,0
856,-537,-114,1,0,5,-90,0
857,-537,-111,1,0,6,-90,0
858,-538,-108,1,0,7,-90,0
859,-539,-107,1,0,8,-90,0
860,-539,-105,1,0,9,-90,0
861,-540,-99,1,0,10,-90,0
862,-540,-98,1,0,11,-90,0
863,-541,-95,1,0,11,-90,0
864,-541,-94,1,0,10,-90,0
865,-542,-91,1,0,9,-90,0
866,-542,-90,1,0,8,-90,0
867,-542,-88,1,0,7,-90,0
868,-542,-87,1,0,6,-90,0
869,-542,-84,1,0,5,-90,0
870,-542,-82,1,0,4,-90,0
871,-542,-78,1,0,3,-90,0
872,-542,-74,1,0,2,-90,0
873,-542,-71,1,0,1,-90,0
874,-542,-67,1,0,0,-90,0
875,-542,-64,1,0,-1,-90,0
876,-542,-59,1,0,-2,-90,0
877,-542,-57,1,0,-3,-90,0
878,-542,-56,1,0,-3,-90,0
879,-542,-54,1,0,-3,-90,0
880,-542,-49,1,0,-2,-90,0
881,-542,-48,1,0,-1,-90,0
882,-542,-44,1,0,0,-90,0
883,-542,-43,1,0,1,-90,0
884,-542,-39,1,0,2,-90,0
885,-542,-37,1,0,3,-90,0
886,-542,-35,1,0,4,-90,0
887,-542,-33,1,0,5,-90,0
888,-542,-29,1,0,4,-90,0
889,-542,-26,1,0,3,-90,0
890,-542,-25,1,0,2,-90,0
891,-542,-22,1,0,1,-90,0
892,-542,-18,1,0,0,-90,0
893,-542,-16,1,0,-1,-90,0
894,-542,-13,1,0,-2,-90,0
895,-542,-10,1,0,-3,-90,0
896,-542,-9,1,0,-3,-90,0
897,-542,-7,1,0,-2,-90,0
898,-542,-5,1,0,-1,-90,0
899,-542,-1,1,0,0,-90,0
900,-542,1,1,0,1,-90,0
901,-542,2,1,0,2,-90,0
902,-542,7,1,0,3,-90,0
903,-542,8,1,0,4,-90,0
904,-542,9,1,0,3,-90,0
905,-542,10,1,0,2,-90,0
906,-542,11,1,0,1,-90,0
907,-542,11,1,0,0,-90,0
908,-542,11,1,0,-1,-90,0
909,-542,12,1,0,-2,-90,0
910,-542,13,1,0,-2,-90,0
911,-542,14,1,0,-2,-90,0
912,-542,15,1,0,-2,-90,0
913,-542,15,1,0,-2,-90,0
914,-542,15,1,0,-2,-90,0
915,-542,15,1,0,-2,-90,0
916,-542,15,1,0,-2,-90,0
917,-542,15,1,0,-2,-90,0
918,-542,15,1,0,-2,-90,0
919,-542,15,1,0,-2,-90,0
920,-542,15,1,0,-2,-90,0
921,-542,15,1,0,-2,-90,0
922,-542,15,0,0,-2,-90,0
923,-542,15,0,0,-2,-90,0
924,-542,15,0,0,-2,-90,0
925,-542,15,0,0,-2,-90,0
926,-542,15,0,0,-2,-90,0
927,-542,15,0,0,-2,-90,0
928,-542,15,0,0,-2,-90,0
929,-542,15,0,0,-1,-90,0
930,-542,15,0,0,0,-90,0
931,-541,12,0,0,1,-90,0
932,-541,9,0,0,2,-90,0
933,-540,6,0,0,3,-90,0
934,-539,2,0,0,3,-90,0
935,-539,-3,0,0,2,-90,0
936,-538,-9,0,0,1,-90,0
937,-536,-16,0,0,0,-90,0
938,-536,-18,0,0,-1,-90,0
939,-535,-21,0,0,-2,-90,0
940,-533,-25,0,0,-3,-90,0
941,-532,-28,0,0,-3,-90,0
942,-531,-29,0,0,-2,-90,0
943,-530,-30,0,0,-1,-90,0
944,-529,-31,0,0,0,-90,0
945,-529,-33,0,0,1,-90,0
946,-528,-33,0,0,2,-90,0
947,-528,-35,0,0,3,-90,0
948,-528,-37,0,0,3,-90,0
949,-528,-38,0,0,2,-90,0
950,-528,-40,0,0,1,-90,0
951,-528,-43,0,0,0,-90,0
952,-528,-47,0,0,-1,-90,0
953,-528,-49,0,0,0,-90,0
954,-528,-52,0,0,1,-90,0
955,-528,-56,0,0,2,-90,0
956,-528,-60,0,0,3,-90,0
957,-528,-66,0,0,4,-90,0
958,-527,-70,0,0,5,-90,0
959,-527,-71,0,0,6,-90,0
960,-527,-74,0,0,6,-90,0
961,-526,-77,0,0,5,-90,0
962,-526,-79,0,0,4,-90,0
963,-526,-81,0,0,3,-90,0
964,-526,-83,0,0,2,-90,0
965,-526,-83,0,0,1,-90,0
966,-525,-87,0,0,0,-90,0
967,-525,-87,0,0,1,-90,0
968,-524,-88,0,0,2,-90,0
969,-524,-88,0,0,3,-90,0
970,-524,-88,0,0,4,-90,0
971,-524,-88,0,0,5,-90,0
972,-524,-88,0,0,6,-90,0
973,-524,-88,0,0,7,-90,0
974,-524,-88,0,0,6,-90,0
975,-524,-88,0,0,5,-90,0
976,-524,-88,0,0,4,-90,0
977,-524,-88,0,0,3,-90,0
978,-524,-88,0,0,2,-90,0
979,-524,-88,0,0,1,-90,0
980,-524,-88,0,0,0,-90,0
981,-524,-86,0,0,1,-90,0
982,-524,-84,0,0,2,-90,0
983,-524,-82,0,0,3,-90,0
984,-524,-76,0,0,4,-90,0
985,-524,-75,0,0,5,-90,0
986,-524,-71,0,0,6,-90,0
987,-524,-66,0,0,7,-90,0
988,-524,-58,0,0,7,-90,0
989,-524,-56,0,0,6,-90,0
990,-524,-52,0,0,5,-90,0
991,-524,-49,0,0,4,-90,0
992,-524,-46,0,0,3,-90,0
993,-524,-43,0,0,2,-90,0
994,-524,-35,0,0,1,-90,0
995,-524,-31,0,0,0,-90,0
996,-524,-28,0,0,1,-90,0
997,-524,-25,0,0,2,-90,0
998,-524,-21,0,0,3,-90,0
999,-524,-17,0,0,4,-90,0
1000,-525,-13,0,0,5,-90,0
1001,-525,-9,0,0,6,-90,0
1002,-525,-7,0,0,7,-90,0
1003,-525,-3,0,0,7,-90,0
1004,-525,-2,0,0,7,-90,0
1005,-525,-1,0,0,7,-90,0
1006,-525,1,0,0,6,-90,0
1007,-525,2,0,0,5,-90,0
1008,-525,3,0,0,4,-90,0
1009,-526,5,0,0,4,-90,0
1010,-526,6,0,0,4,-90,0
1011,-526,7,0,0,4,-90,0
1012,-526,7,0,0,4,-90,0
1013,-526,7,0,0,4,-90,0
1014,-526,7,0,0,4,-90,0
1015,-526,7,0,0,4,-90,0
1016,-526,7,0,0,4,-90,0
1017,-526,7,0,0,4,-90,0
1018,-526,7,0,0,4,-90,0
1019,-526,7,0,0,4,-90,0
1020,-526,7,0,0,4,-90,0
1021,-526,7,0,0,4,-90,0
1022,-526,7,0,0,4,-90,0
1023,-526,7,0,0,4,-90,0
1024,-526,7,0,0,4,-90,0
1025,-526,7,0,0,4,-90,0
1026,-526,7,0,0,4,-90,0
1027,-526,7,0,0,4,-90,0
1028,-526,7,0,0,4,-90,0
1029,-526,7,0,0,4,-90,0
1030,-526,7,0,0,4,-90,0
1031,-526,7,0,0,4,-90,0
1032,-526,7,0,0,4,-90,0
1033,-526,7,0,0,4,-90,0
1034,-526,7,0,0,4,-90,0
1035,-526,7,0,0,4,-90,0
1036,-526,7,0,0,4,-90,0
1037,-526,7,0,0,4,-90,0
1038,-526,7,0,0,4,-90,0
1039,-526,7,0,0,4,-90,0
1040,-526,7,0,0,4,-90,0
1041,-526,7,0,0,4,-90,0
1042,-526,7,0,0,4,-90,0
1043,-527,7,0,0,4,-90,0
1044,-527,7,0,0,4,-90,0
1045,-527,7,0,0,4,-90,0
1046,-527,7,0,0,4,-90,0
1047,-527,7,0,0,4,-90,0
1048,-527,7,0,0,4,-90,0
1049,-527,7,0,0,4,-90,0
1050,-527,7,0,0,4,-90,0
1051,-527,7,0,0,4,-90,0
1052,-527,7,0,0,4,-90,0
1053,-527,7,0,0,4,-90,0
1054,-527,7,0,0,4,-90,0
1055,-527,7,0,0,4,-90,0
1056,-527,7,0,0,4,-90,0
1057,-527,7,0,0,4,-90,0
1058,-527,7,0,0,4,-90,0
1059,-527,7,0,0,4,-90,0
1060,-527,7,0,0,4,-90,0
1061,-527,7,0,0,4,-90,0
1062,-527,7,0,0,4,-90,0
1063,-527,7,0,0,4,-90,0
1064,-527,7,0,0,4,-90,0
1065,-527,7,0,0,4,-90,0
1066,-527,7,0,0,4,-90,0
1067,-527,7,0,0,4,-90,0
1068,-527,7,0,0,4,-90,0
1069,-527,7,0,0,4,-90,0
1070,-527,7,0,0,4,-90,0
1071,-527,7,0,0,4,-90,0
1072,-527,7,0,0,4,-90,0
1073,-527,7,0,0,4,-90,0
1074,-527,7,0,0,4,-90,0
1075,-527,7,0,0,4,-90,0
1076,-527,7,0,0,4,-90,0
1077,-527,7,0,0,4,-90,0
1078,-527,7,0,0,4,-90,0
1079,-527,7,0,0,4,-90,0
1080,-527,7,0,0,4,-90,0
1081,-527,7,0,0,4,-90,0
1082,-527,7,0,0,4,-90,0
1083,-527,7,0,0,4,-90,0
1084,-527,7,0,0,4,-90,0
1085,-527,7,0,0,4,-90,0
1086,-527,7,0,0,4,-90,0
1087,-527,7,0,0,4,-90,0
1088,-527,7,0,0,4,-90,0
1089,-527,7,0,0,4,-90,0
1090,-527,7,0,0,4,-90,0
1091,-527,7,0,0,4,-90,0
1092,-527,7,0,0,4,-90,0
1093,-527,7,0,0,4,-90,0
1094,-527,7,0,0,4,-90,0
1095,-527,7,0,0,4,-90,0
1096,-527,7,0,0,4,-90,0
1097,-527,7,0,0,4,-90,0
1098,-527,7,0,0,4,-90,0
1099,-527,7,0,0,4,-90,0
1100,-527,7,0,0,4,-90,0
1101,-527,7,0,0,4,-90,0
1102,-527,7,0,0,4,-90,0
1103,-527,7,0,0,4,-90,0
1104,-527,7,0,0,4,-90,0
1105,-527,7,0,0,4,-90,0
1106,-527,7,0,0,4,-90,0
1107,-527,7,0,0,4,-90,0
1108,-527,7,0,0,4,-90,0
1109,-527,7,0,0,4,-90,0
1110,-527,7,0,0,4,-90,0
1111,-527,7,0,0,4,-90,0
1112,-527,7,0,0,4,-90,0
1113,-527,7,0,0,4,-90,0
1114,-527,7,0,0,4,-90,0
1115,-527,7,0,0,4,-90,0
1116,-527,7,0,0,4,-90,0
1117,-527,7,0,0,4,-90,0
1118,-527,7,0,0,4,-90,0
1119,-527,7,0,0,4,-90,0
1120,-527,7,0,0,4,-90,0
1121,-527,7,0,0,4,-90,0
1122,-527,7,0,0,4,-90,0
1123,-527,7,0,0,4,-90,0
1124,-527,7,0,0,4,-90,0
1125,-527,7,0,0,4,-90,0
1126,-527,7,0,0,4,-90,0
1127,-527,7,0,0,4,-90,0
1128,-527,7,0,0,4,-90,0
1129,-527,7,0,0,4,-90,0
1130,-527,7,0,0,4,-90,0
1131,-527,7,0,0,4,-90,0
1132,-527,7,0,0,4,-90,0
1133,-527,7,0,0,4,-90,0
1134,-527,7,0,0,4,-90,0
1135,-527,7,0,0,4,-90,0
1136,-527,7,0,0,4,-90,0
1137,-527,7,0,0,4,-90,0
1138,-527,7,0,0,4,-90,0
1139,-527,7,0,0,4,-90,0
1140,-527,7,0,0,3,-90,0
1141,-527,7,0,0,2,-90,0
1142,-527,7,0,0,1,-90,0
1143,-527,7,0,0,0,-90,0
1144,-527,7,0,0,-1,-90,0
1145,-527,7,0,0,-2,-90,0
1146,-527,7,0,0,-3,-90,0
1147,-527,5,0,0,-4,-90,0
1148,-527,2,0,0,-5,-90,0
1149,-527,-3,0,0,-4,-90,0
1150,-527,-11,0,0,-3,-90,0
1151,-528,-17,0,0,-2,-90,0
1152,-528,-21,0,0,-1,-90,0
1153,-528,-25,0,0,0,-90,0
1154,-528,-27,0,0,1,-90,0
1155,-529,-29,0,0,2,-90,0
1156,-529,-30,0,0,3,-90,0
1157,-530,-32,0,0,2,-90,0
1158,-530,-34,0,0,1,-90,0
1159,-531,-35,0,0,0,-90,0
1160,-531,-37,0,0,-1,-90,0
1161,-532,-39,0,0,-2,-90,0
1162,-532,-40,0,0,-3,-90,0
1163,-533,-42,0,0,-3,-90,0
1164,-533,-43,0,0,-2,-90,0
1165,-534,-47,0,0,-1,-90,0
1166,-534,-48,0,0,0,-90,0
1167,-535,-51,0,0,1,-90,0
1168,-535,-55,0,0,2,-90,0
1169,-536,-58,0,0,3,-90,0
1170,-536,-61,0,0,3,-90,0
1171,-537,-64,0,0,3,-90,0
1172,-537,-66,0,0,2,-90,0
1173,-537,-69,0,0,1,-90,0
1174,-537,-74,0,0,0,-90,0
1175,-537,-77,0,0,-1,-90,0
1176,-537,-78,0,0,-2,-90,0
1177,-537,-81,0,0,-3,-90,0
1178,-537,-83,0,0,-4,-90,0
1179,-537,-86,0,0,-5,-90,0
1180,-537,-89,0,0,-6,-90,0
1181,-537,-91,0,0,-6,-90,0
1182,-537,-92,1,0,-6,-90,0
1183,-537,-97,1,0,-6,-90,0
1184,-537,-98,1,0,-6,-90,0
1185,-536,-99,1,0,-6,-90,0
1186,-536,-104,1,0,-6,-90,0
1187,-536,-105,1,0,-6,-90,0
1188,-536,-106,1,0,-6,-90,0
1189,-536,-107,1,0,-6,-90,0
1190,-536,-108,1,0,-7,-90,0
1191,-536,-108,1,0,-8,-90,0
1192,-536,-109,1,0,-9,-90,0
1193,-536,-110,1,0,-10,-90,0
1194,-536,-111,1,0,-11,-90,0
1195,-536,-112,1,0,-12,-90,0
1196,-536,-113,1,0,-13,-90,0
1197,-536,-114,1,0,-14,-90,0
1198,-536,-116,1,0,-14,-90,0
1199,-536,-118,1,0,-14,-90,0
1200,-536,-119,1,0,-13,-90,0
1201,-536,-120,1,0,-12,-90,0
1202,-536,-120,1,0,-11,-90,0
1203,-536,-121,1,0,-10,-90,0
1204,-536,-125,1,0,-9,-90,0
1205,-536,-126,1,0,-8,-90,0
1206,-536,-128,1,0,-7,-90,0
1207,-536,-129,1,0,-6,-90,0
1208,-536,-134,1,0,-5,-90,0
1209,-536,-136,1,0,-6,-90,0
1210,-536,-138,1,0,-7,-90,0
1211,-536,-140,1,0,-8,-90,0
1212,-536,-143,1,0,-9,-90,0
1213,-536,-143,1,0,-10,-90,0
1214,-536,-145,1,0,-11,-90,0
1215,-536,-146,1,0,-12,-90,0
1216,-536,-147,1,0,-11,-90,0
1217,-536,-148,1,0,-10,-90,0
1218,-536,-149,1,0,-9,-90,0
1219,-536,-150,1,0,-8,-90,0
1220,-536,-151,1,0,-7,-90,0
1221,-536,-153,1,0,-6,-90,0
1222,-536,-155,1,0,-5,-90,0
1223,-536,-157,1,0,-4,-90,0
1224,-536,-161,1,0,-4,-90,0
1225,-536,-164,1,0,-5,-90,0
1226,-536,-167,1,0,-6,-90,0
1227,-536,-168,1,0,-7,-90,0
1228,-536,-169,1,0,-8,-90,0
1229,-536,-170,1,0,-9,-90,0
1230,-536,-171,1,0,-10,-90,0
1231,-536,-173,1,0,-11,-90,0
1232,-536,-178,1,0,-10,-90,0
1233,-536,-181,1,0,-9,-90,0
1234,-536,-183,1,0,-8,-90,0
1235,-536,-184,1,0,-7,-90,0
1236,-536,-185,1,0,-6,-90,0
1237,-536,-186,1,0,-5,-90,0
1238,-536,-188,1,0,-4,-90,0
1239,-536,-189,1,0,-3,-90,0
1240,-536,-189,1,0,-2,-90,0
1241,-536,-190,1,0,-1,-90,0
1242,-536,-191,1,0,0,-90,0
1243,-536,-191,1,0,1,-90,0
1244,-536,-192,1,0,2,-90,0
1245,-536,-192,1,0,3,-90,0
1246,-536,-193,1,0,3,-90,0
1247,-536,-193,1,0,3,-90,0
1248,-536,-194,1,0,3,-90,0
1249,-536,-194,1,0,3,-90,0
1250,-536,-195,1,0,2,-90,0
1251,-536,-195,1,0,1,-90,0
1252,-536,-196,1,0,0,-90,0
1253,-536,-197,1,0,0,-90,0
1254,-536,-197,1,0,0,-90,0
1255,-536,-197,1,0,0,-90,0
1256,-536,-197,1,0,0,-90,0
1257,-536,-197,1,0,0,-90,0
1258,-536,-197,1,0,0,-90,0
1259,-536,-197,1,0,0,-90,0
1260,-536,-197,1,0,0,-90,0
1261,-536,-197,1,0,0,-90,0
1262,-536,-197,1,0,0,-90,0
1263,-536,-197,1,0,0,-90,0
1264,-536,-197,1,0,0,-90,0
1265,-536,-197,1,0,0,-90,0
1266,-536,-197,0,0,0,-90,0
1267,-536,-197,0,0,0,-90,0
1268,-536,-197,0,0,0,-90,0
1269,-536,-197,0,0,0,-90,0
1270,-536,-197,0,0,0,-90,0
1271,-536,-197,0,0,0,-90,0
1272,-536,-197,0,0,0,-90,0
1273,-536,-197,0,0,0,-90,0
1274,-536,-197,0,0,0,-90,0
1275,-536,-197,0,0,0,-90,0
1276,-536,-197,0,0,0,-90,0
1277,-536,-197,0,0,0,-90,0
1278,-536,-197,0,0,0,-90,0
1279,-536,-197,0,0,0,-90,0
1280,-536,-197,0,0,0,-90,0
1281,-536,-197,0,0,0,-90,0
1282,-535,-197,0,0,0,-90,0
1283,-535,-197,0,0,0,-90,0
1284,-535,-197,0,0,0,-90,0
1285,-535,-197,0,0,0,-90,0
1286,-535,-197,0,0,0,-90,0
1287,-534,-197,0,0,0,-90,0
1288,-534,-197,0,0,0,-90,0
1289,-534,-197,0,0,0,-90,0
1290,-534,-197,0,0,0,-90,0
1291,-534,-197,0,0,0,-90,0
1292,-534,-197,0,0,0,-90,0
1293,-533,-197,0,0,0,-90,0
1294,-533,-197,0,0,0,-90,0
1295,-533,-197,0,0,0,-90,0
1296,-533,-197,0,0,0,-90,0
1297,-533,-197,0,0,0,-90,0
1298,-533,-197,0,0,0,-90,0
1299,-533,-197,0,0,0,-90,0
1300,-533,-197,0,0,0,-90,0
1301,-533,-197,0,0,0,-90,0
1302,-533,-197,0,0,0,-90,0
1303,-533,-197,0,0,0,-90,0
1304,-533,-197,0,0,0,-90,0
1305,-533,-197,0,0,0,-90,0
1306,-532,-198,0,0,0,-90,0
1307,-532,-198,0,0,0,-90,0
1308,-532,-198,0,0,0,-90,0
1309,-532,-198,0,0,0,-90,0
1310,-532,-198,0,0,0,-90,0
1311,-532,-198,0,0,0,-90,0
1312,-532,-198,0,0,0,-90,0
1313,-532,-198,0,0,0,-90,0
1314,-532,-198,0,0,0,-90,0
1315,-532,-198,0,0,0,-90,0
1316,-532,-198,0,0,0,-90,0
1317,-532,-198,0,0,0,-90,0
1318,-532,-198,0,0,0,-90,0
1319,-532,-198,0,0,0,-90,0
1320,-532,-198,0,0,0,-90,0
1321,-532,-198,0,0,0,-90,0
1322,-532,-198,0,0,0,-90,0
1323,-532,-198,0,0,0,-90,0
1324,-532,-198,0,0,0,-90,0
1325,-532,-198,0,0,0,-90,0
1326,-532,-198,0,0,0,-90,0
1327,-532,-198,0,0,0,-90,0
1328,-532,-198,0,0,0,-90,0
1329,-532,-198,0,0,0,-90,0
1330,-532,-198,0,0,0,-90,0
1331,-532,-198,0,0,0,-90,0
1332,-532,-198,0,0,0,-90,0
1333,-532,-198,0,0,0,-90,0
1334,-532,-198,0,0,0,-90,0
1335,-532,-198,0,0,0,-90,0
1336,-532,-198,0,0,0,-90,0
1337,-532,-198,0,0,0,-90,0
1338,-532,-198,0,0,0,-90,0
1339,-532,-198,0,0,0,-90,0
1340,-532,-198,0,0,0,-90,0
1341,-532,-198,0,0,0,-90,0
1342,-532,-198,0,0,0,-90,0
1343,-532,-198,0,0,0,-90,0
1344,-532,-198,0,0,0,-90,0
1345,-532,-198,0,0,0,-90,0
1346,-532,-198,0,0,0,-90,0
1347,-532,-198,0,0,0,-90,0
1348,-532,-198,0,0,0,-90,0
1349,-532,-198,0,0,0,-90,0
1350,-532,-198,0,0,0,-90,0
1351,-532,-198,0,0,0,-90,0
1352,-532,-198,0,0,0,-90,0
1353,-532,-198,0,0,0,-90,0
1354,-532,-198,0,0,0,-90,0
1355,-532,-198,0,0,0,-90,0
1356,-532,-198,0,0,0,-90,0
1357,-532,-198,0,0,0,-90,0
1358,-532,-198,0,0,0,-90,0
1359,-532,-198,0,0,0,-90,0
1360,-532,-198,0,0,0,-90,0
1361,-532,-198,0,0,0,-90,0
1362,-532,-198,0,0,0,-90,0
1363,-532,-198,0,0,0,-90,0
1364,-532,-198,0,0,0,-90,0
1365,-532,-198,0,0,0,-90,0
1366,-532,-198,0,0,0,-90,0
1367,-532,-198,0,0,0,-90,0
1368,-532,-198,0,0,0,-90,0
1369,-532,-198,0,0,0,-90,0
1370,-532,-198,0,0,0,-90,0
1371,-532,-198,0,0,0,-90,0
1372,-532,-198,0,0,0,-90,0
1373,-532,-198,0,0,0,-90,0
1374,-532,-198,0,0,0,-90,0
1375,-532,-198,0,0,0,-90,0
1376,-532,-198,0,0,0,-90,0
1377,-532,-198,0,0,0,-90,0
1378,-532,-198,0,0,0,-90,0
1379,-532,-198,0,0,0,-90,0
1380,-532,-198,0,0,0,-90,0
1381,-532,-198,0,0,0,-90,0
1382,-532,-198,0,0,0,-90,0
1383,-532,-198,0,0,0,-90,0
1384,-532,-198,0,0,0,-90,0
1385,-532,-198,0,0,0,-90,0
1386,-532,-198,0,0,0,-90,0
1387,-532,-198,0,0,0,-90,0
1388,-532,-198,0,0,0,-90,0
1389,-532,-198,0,0,0,-90,0
1390,-532,-198,0,0,0,-90,0
1391,-532,-198,0,0,0,-90,0
1392,-532,-198,0,0,0,-90,0
1393,-532,-198,0,0,0,-90,0
1394,-532,-198,0,0,0,-90,0
1395,-532,-198,0,0,0,-90,0
1396,-532,-198,0,0,0,-90,0
1397,-532,-198,0,0,0,-90,0
1398,-532,-198,0,0,0,-90,0
1399,-532,-198,0,0,0,-90,0
1400,-532,-198,0,0,0,-90,0
1401,-532,-198,0,0,0,-90,0
1402,-532,-198,0,0,0,-90,0
1403,-532,-198,0,0,0,-90,0
1404,-532,-198,0,0,0,-90,0
1405,-532,-198,0,0,0,-90,0
1406,-532,-198,0,0,0,-90,0
1407,-532,-198,0,0,0,-90,0
1408,-532,-198,0,0,0,-90,0
1409,-532,-198,0,0,0,-90,0
1410,-532,-198,0,0,0,-90,0
1411,-532,-198,0,0,0,-90,0
1412,-532,-198,0,0,0,-90,0
1413,-532,-198,0,0,0,-90,0
1414,-532,-198,0,0,0,-90,0
1415,-532,-198,0,0,0,-90,0
1416,-532,-198,0,0,0,-90,0
1417,-532,-198,0,0,0,-90,0
1418,-532,-198,0,0,0,-90,0
1419,-532,-198,0,0,0,-90,0
1420,-532,-198,0,0,0,-90,0
1421,-532,-198,0,0,0,-90,0
1422,-532,-198,0,0,0,-90,0
1423,-532,-198,0,0,0,-90,0
1424,-532,-198,0,0,0,-90,0
1425,-532,-198,0,0,0,-90,0
1426,-532,-198,0,0,0,-90,0
1427,-532,-198,0,0,0,-90,0
1428,-532,-198,0,0,0,-90,0
1429,-532,-198,0,0,0,-90,0
1430,-532,-198,0,0,0,-90,0
1431,-532,-198,0,0,0,-90,0
1432,-532,-198,0,0,0,-90,0
1433,-532,-198,0,0,0,-90,0
1434,-532,-198,0,0,0,-90,0
1435,-532,-198,0,0,0,-90,0
1436,-532,-198,0,0,0,-90,0
1437,-532,-198,0,0,0,-90,0
1438,-532,-198,0,0,0,-90,0
1439,-532,-198,0,0,0,-90,0
1440,-532,-198,0,0,0,-90,0
1441,-532,-198,0,0,0,-90,0
1442,-532,-198,0,0,0,-90,0
1443,-532,-198,0,0,0,-90,0
1444,-532,-198,0,0,0,-90,0
1445,-532,-198,0,0,0,-90,0
1446,-532,-198,0,0,0,-90,0
1447,-532,-198,0,0,0,-90,0
1448,-532,-198,0,0,0,-90,0
1449,-532,-198,0,0,0,-90,0
1450,-532,-198,0,0,0,-90,0
1451,-532,-198,0,0,0,-90,0
1452,-532,-198,0,0,0,-90,0
1453,-532,-198,0,0,0,-90,0
1454,-532,-198,0,0,0,-90,0
1455,-532,-198,0,0,0,-90,0
1456,-532,-198,0,0,0,-90,0
1457,-532,-198,0,0,0,-90,0
1458,-532,-198,0,0,0,-90,0
1459,-532,-198,0,0,0,-90,0
1460,-532,-198,0,0,0,-90,0
1461,-532,-198,0,0,0,-90,0
1462,-532,-198,0,0,0,-90,0
1463,-532,-198,0,0,0,-90,0
1464,-532,-198,0,0,0,-90,0
1465,-532,-198,0,0,0,-90,0
1466,-532,-198,0,0,0,-90,0
1467,-532,-198,0,0,0,-90,0
1468,-532,-198,0,0,0,-90,0
1469,-532,-198,0,0,0,-90,0
1470,-532,-198,0,0,0,-90,0
1471,-532,-198,0,0,0,-90,0
1472,-532,-198,0,0,0,-90,0
1473,-532,-198,0,0,0,-90,0
1474,-532,-198,0,0,0,-90,0
1475,-532,-198,0,0,0,-90,0
1476,-532,-198,0,0,0,-90,0
1477,-532,-198,0,0,0,-90,0
1478,-532,-198,0,0,0,-90,0
1479,-532,-198,0,0,0,-90,0
1480,-532,-198,0,0,0,-90,0
1481,-532,-198,0,0,0,-90,0
1482,-532,-198,0,0,0,-90,0
1483,-532,-198,0,0,0,-90,0
1484,-532,-198,0,0,0,-90,0
1485,-532,-198,0,0,0,-90,0
1486,-532,-198,0,0,0,-90,0
1487,-532,-198,0,0,0,-90,0
1488,-532,-198,0,0,0,-90,0
1489,-532,-198,0,0,0,-90,0
1490,-532,-198,0,0,0,-90,0
1491,-532,-198,0,0,0,-90,0
1492,-532,-198,0,0,0,-90,0
1493,-532,-198,0,0,0,-90,0
1494,-532,-198,0,0,0,-90,0
1495,-532,-198,0,0,0,-90,0
1496,-532,-198,0,0,0,-90,0
1497,-532,-198,0,0,0,-90,0
1498,-532,-198,0,0,0,-90,0
1499,-532,-198,0,0,0,-90,0
1500,-532,-198,0,0,0,-90,0
1501,-532,-198,0,0,0,-90,0
1502,-532,-198,0,0,0,-90,0
1503,-532,-198,0,0,0,-90,0
1504,-532,-198,0,0,0,-90,0
1505,-532,-198,0,0,0,-90,0
1506,-532,-198,0,0,0,-90,0
1507,-532,-198,0,0,0,-90,0
1508,-532,-198,0,0,0,-90,0
1509,-532,-198,0,0,0,-90,0
1510,-532,-198,0,0,0,-90,0
1511,-532,-198,0,0,0,-90,0
1512,-532,-198,0,0,0,-90,0
1513,-532,-198,0,0,0,-90,0
1514,-532,-198,0,0,0,-90,0
1515,-532,-198,0,0,0,-90,0
1516,-532,-198,0,0,0,-90,0
1517,-532,-198,0,0,0,-90,0
1518,-532,-198,0,0,0,-90,0
1519,-532,-198,0,0,0,-90,0
1520,-532,-198,0,0,0,-90,0
1521,-532,-198,0,0,0,-90,0
1522,-532,-198,0,0,0,-90,0
1523,-532,-198,0,0,0,-90,0
1524,-532,-198,0,0,0,-90,0
1525,-532,-198,0,0,0,-90,0
1526,-532,-198,0,0,0,-90,0
1527,-532,-198,0,0,0,-90,0
1528,-532,-198,0,0,0,-90,0
1529,-532,-198,0,0,0,-90,0
1530,-532,-198,0,0,0,-90,0
1531,-532,-198,0,0,0,-90,0
1532,-532,-198,0,0,0,-90,0
1533,-532,-198,0,0,0,-90,0
1534,-532,-198,0,0,0,-90,0
1535,-532,-198,0,0,0,-90,0
1536,-532,-198,0,0,0,-90,0
1537,-532,-198,0,0,0,-90,0
1538,-532,-198,0,0,0,-90,0
1539,-532,-198,0,0,0,-90,0
1540,-532,-198,0,0,0,-90,0
1541,-532,-198,0,0,0,-90,0
1542,-532,-198,0,0,0,-90,0
1543,-532,-198,0,0,0,-90,0
1544,-532,-198,0,0,0,-90,0
1545,-532,-198,0,0,0,-90,0
1546,-532,-198,0,0,0,-90,0
1547,-532,-198,0,0,0,-90,0
1548,-532,-198,0,0,0,-90,0
1549,-532,-198,0,0,0,-90,0
1550,-532,-198,0,0,0,-90,0
1551,-532,-198,0,0,0,-90,0
1552,-532,-198,0,0,0,-90,0
1553,-532,-198,0,0,0,-90,0
1554,-532,-198,0,0,0,-90,0
1555,-532,-198,0,0,0,-90,0
1556,-532,-198,0,0,0,-90,0
1557,-532,-198,0,0,0,-90,0
1558,-532,-198,0,0,0,-90,0
1559,-532,-198,0,0,0,-90,0
1560,-532,-198,0,0,0,-90,0
1561,-532,-198,0,0,0,-90,0
1562,-532,-198,0,0,0,-90,0
1563,-532,-198,0,0,0,-90,0
1564,-532,-198,0,0,0,-90,0
1565,-532,-198,0,0,0,-90,0
1566,-532,-198,0,0,0,-90,0
1567,-532,-198,0,0,0,-90,0
1568,-532,-198,0,0,0,-90,0
1569,-532,-198,0,0,0,-90,0
1570,-532,-198,0,0,0,-90,0
1571,-532,-198,0,0,0,-90,0
1572,-532,-198,0,0,0,-90,0
1573,-532,-198,0,0,0,-90,0
1574,-532,-198,0,0,0,-90,0
1575,-532,-198,0,0,0,-90,0
1576,-532,-198,0,0,0,-90,0
1577,-532,-198,0,0,0,-90,0
1578,-532,-198,0,0,0,-90,0
1579,-532,-198,0,0,0,-90,0
1580,-532,-198,0,0,0,-90,0
1581,-532,-198,0,0,0,-90,0
1582,-532,-198,0,0,0,-90,0
1583,-532,-198,0,0,0,-90,0
1584,-532,-198,0,0,0,-90,0
1585,-532,-198,0,0,0,-90,0
1586,-532,-198,0,0,0,-90,0
1587,-532,-198,0,0,0,-90,0
1588,-532,-198,0,0,0,-90,0
1589,-532,-198,0,0,0,-90,0
1590,-532,-198,0,0,0,-90,0
1591,-532,-198,0,0,0,-90,0
1592,-532,-198,0,0,0,-90,0
1593,-532,-198,0,0,0,-90,0
1594,-532,-198,0,0,0,-90,0
1595,-532,-198,0,0,0,-90,0
1596,-532,-198,0,0,0,-90,0
1597,-532,-198,0,0,0,-90,0
1598,-532,-198,0,0,0,-90,0
1599,-532,-198,0,0,0,-90,0
1600,-532,-198,0,0,0,-90,0
1601,-532,-198,0,0,0,-90,0
1602,-532,-198,0,0,0,-90,0
1603,-532,-198,0,0,0,-90,0
1604,-532,-198,0,0,0,-90,0
1605,-532,-198,0,0,0,-90,0
1606,-532,-198,0,0,0,-90,0
1607,-532,-198,0,0,0,-90,0
1608,-532,-198,0,0,0,-90,0
1609,-532,-198,0,0,0,-90,0
1610,-532,-198,0,0,0,-90,0
1611,-532,-198,0,0,0,-90,0
1612,-532,-198,0,0,0,-90,0
1613,-532,-198,0,0,0,-90,0
1614,-532,-198,0,0,0,-90,0
1615,-532,-198,0,0,0,-90,0
1616,-532,-198,0,0,0,-90,0
1617,-532,-198,0,0,0,-90,0
1618,-532,-198,0,0,0,-90,0
1619,-532,-198,0,0,0,-90,0
1620,-532,-198,0,0,0,-90,0
1621,-532,-198,0,0,0,-90,0
1622,-532,-198,0,0,0,-90,0
1623,-532,-198,0,0,0,-90,0
1624,-532,-198,0,0,0,-90,0
1625,-532,-198,0,0,0,-90,0
1626,-532,-198,0,0,0,-90,0
1627,-532,-198,0,0,0,-90,0
1628,-532,-198,0,0,0,-90,0
1629,-532,-198,0,0,0,-90,0
1630,-532,-198,0,0,0,-90,0
1631,-532,-198,0,0,0,-90,0
1632,-532,-198,0,0,0,-90,0
1633,-532,-198,0,0,0,-90,0
1634,-532,-198,0,0,0,-90,0
1635,-532,-198,0,0,0,-90,0
1636,-532,-198,0,0,0,-90,0
1637,-532,-198,0,0,0,-90,0
1638,-532,-198,0,0,0,-90,0
1639,-532,-198,0,0,0,-90,0
1640,-532,-198,0,0,0,-90,0
1641,-532,-198,0,0,0,-90,0
1642,-532,-198,0,0,0,-90,0
1643,-532,-198,0,0,0,-90,0
1644,-532,-198,0,0,0,-90,0
1645,-532,-198,0,0,0,-90,0
1646,-532,-198,0,0,0,-90,0
1647,-532,-198,0,0,0,-90,0
1648,-532,-198,0,0,0,-90,0
1649,-532,-198,0,0,0,-90,0
1650,-532,-198,0,0,0,-90,0
1651,-532,-198,0,0,0,-90,0
1652,-532,-198,0,0,0,-90,0
1653,-532,-198,0,0,0,-90,0
1654,-532,-198,0,0,0,-90,0
1655,-532,-198,0,0,0,-90,0
1656,-532,-198,0,0,0,-90,0
1657,-532,-198,0,0,0,-90,0
1658,-532,-198,0,0,0,-90,0
1659,-532,-198,0,0,0,-90,0
1660,-532,-198,0,0,0,-90,0
1661,-532,-198,0,0,0,-90,0
1662,-532,-198,0,0,0,-90,0
1663,-532,-198,0,0,0,-90,0
1664,-532,-198,0,0,0,-90,0
1665,-532,-198,0,0,0,-90,0
1666,-532,-198,0,0,0,-90,0
1667,-532,-198,0,0,0,-90,0
1668,-532,-198,0,0,0,-90,0
1669,-532,-198,0,0,0,-90,0
1670,-532,-198,0,0,0,-90,0
1671,-532,-198,0,0,0,-90,0
1672,-532,-198,0,0,0,-90,0
1673,-532,-198,0,0,0,-90,0
1674,-532,-198,0,0,0,-90,0
1675,-532,-198,0,0,0,-90,0
1676,-532,-198,0,0,0,-90,0
1677,-532,-198,0,0,0,-90,0
1678,-532,-198,0,0,0,-90,0
1679,-532,-198,0,0,0,-90,0
