t,x,y,fh,fv,r,s,frame:
0,320,41,0,0,0,-63,0
1,320,41,0,0,0,-63,0
2,320,41,0,0,0,-63,0
3,320,41,0,0,0,-63,0
4,320,41,0,0,0,-63,0
5,320,41,0,0,0,-63,0
6,320,41,0,0,0,-63,0
7,320,41,0,0,0,-63,0
8,320,41,0,0,0,-63,0
9,320,41,0,0,0,-63,0
10,320,41,0,0,0,-63,0
11,320,41,0,0,0,-63,0
12,320,41,0,0,0,-63,0
13,320,41,0,0,0,-63,0
14,320,41,0,0,0,-63,0
15,320,41,0,0,0,-63,0
16,320,41,0,0,0,-63,0
17,320,41,0,0,0,-63,0
18,320,41,0,0,0,-63,0
19,320,41,0,0,0,-63,0
20,320,41,0,0,0,-63,0
21,320,41,0,0,0,-63,0
22,320,41,0,0,0,-63,0
23,320,41,0,0,0,-63,0
24,320,41,0,0,0,-63,0
25,320,41,0,0,0,-63,0
26,320,41,0,0,0,-63,0
27,320,41,0,0,0,-63,0
28,320,41,0,0,0,-63,0
29,320,41,0,0,0,-63,0
30,320,41,0,0,0,-63,0
31,320,41,0,0,0,-63,0
32,320,41,0,0,0,-63,0
33,320,41,0,0,0,-63,0
34,320,41,0,0,0,-63,0
35,320,41,0,0,0,-63,0
36,320,41,0,0,0,-63,0
37,320,41,0,0,0,-63,0
38,320,41,0,0,0,-63,0
39,320,41,0,0,0,-63,0
40,320,41,0,0,0,-63,0
41,320,41,0,0,0,-63,0
42,320,41,0,0,0,-63,0
43,320,41,0,0,0,-63,0
44,320,41,0,0,0,-63,0
45,320,41,0,0,0,-63,0
46,320,41,0,0,0,-63,0
47,320,41,0,0,0,-63,0
48,320,41,0,0,0,-63,0
49,320,41,0,0,0,-63,0
50,320,41,0,0,0,-63,0
51,320,41,0,0,0,-63,0
52,320,41,0,0,0,-63,0
53,320,41,0,0,0,-63,0
54,320,41,0,0,0,-63,0
55,320,41,0,0,0,-63,0
56,320,41,0,0,0,-63,0
57,320,41,0,0,0,-63,0
58,320,41,0,0,0,-63,0
59,320,41,0,0,0,-63,0
60,320,41,0,0,0,-63,0
61,320,41,0,0,0,-63,0
62,320,41,0,0,0,-63,0
63,320,41,0,0,0,-63,0
64,320,41,0,0,0,-63,0
65,320,41,0,0,0,-63,0
66,320,41,0,0,0,-63,0
67,320,41,0,0,0,-63,0
68,320,41,0,0,0,-63,0
69,320,41,0,0,0,-63,0
70,320,41,0,0,0,-63,0
71,320,41,0,0,0,-63,0
72,320,41,0,0,0,-63,0
73,320,41,0,0,0,-63,0
74,320,41,0,0,0,-63,0
75,320,41,0,0,0,-63,0
76,320,41,0,0,0,-63,0
77,320,41,0,0,0,-63,0
78,320,41,0,0,0,-63,0
79,320,41,0,0,0,-63,0
80,320,41,0,0,0,-63,0
81,320,41,0,0,0,-63,0
82,320,41,0,0,0,-63,0
83,320,41,0,0,0,-63,0
84,320,41,0,0,0,-63,0
85,320,41,0,0,0,-63,0
86,320,41,0,0,0,-63,0
87,320,41,0,0,0,-63,0
88,320,41,0,0,0,-63,0
89,320,41,0,0,0,-63,0
90,320,41,0,0,0,-63,0
91,320,41,0,0,0,-63,0
92,320,41,0,0,0,-63,0
93,320,41,0,0,0,-63,0
94,320,41,0,0,0,-63,0
95,320,41,0,0,0,-63,0
96,320,41,0,0,0,-63,0
97,320,41,0,0,0,-63,0
98,320,41,0,0,0,-63,0
99,320,41,0,0,0,-63,0
100,320,41,0,0,0,-63,0
101,320,41,0,0,0,-63,0
102,320,41,0,0,0,-63,0
103,320,41,0,0,0,-63,0
104,320,41,0,0,0,-63,0
105,320,41,0,0,0,-63,0
106,320,41,0,0,0,-63,0
107,320,41,0,0,0,-63,0
108,320,41,0,0,0,-63,0
109,320,41,0,0,0,-63,0
110,320,41,0,0,0,-63,0
111,320,41,0,0,0,-63,0
112,320,41,0,0,0,-63,0
113,320,41,0,0,0,-63,0
114,320,41,0,0,0,-63,0
115,320,41,0,0,0,-63,0
116,320,41,0,0,0,-63,0
117,320,41,0,0,0,-63,0
118,320,41,0,0,0,-63,0
119,320,41,0,0,0,-63,0
120,320,41,0,0,0,-63,0
121,320,41,0,0,0,-63,0
122,320,41,0,0,0,-63,0
123,320,41,0,0,0,-63,0
124,320,41,0,0,0,-63,0
125,320,41,0,0,0,-63,0
126,320,41,0,0,0,-63,0
127,320,41,0,0,0,-63,0
128,320,41,0,0,0,-63,0
129,320,41,0,0,0,-63,0
130,320,41,0,0,0,-63,0
131,320,41,0,0,0,-63,0
132,320,41,0,0,0,-63,0
133,320,41,0,0,0,-63,0
134,320,41,0,0,0,-63,0
135,320,41,0,0,0,-63,0
136,320,41,0,0,0,-63,0
137,320,41,0,0,0,-63,0
138,320,41,0,0,0,-63,0
139,320,41,0,0,0,-63,0
140,320,41,0,0,0,-63,0
141,320,41,0,0,0,-63,0
142,320,41,0,0,0,-63,0
143,320,41,0,0,0,-63,0
144,320,41,0,0,0,-63,0
145,320,41,0,0,0,-63,0
146,320,41,0,0,0,-63,0
147,320,41,0,0,0,-63,0
148,320,41,0,0,0,-63,0
149,320,41,0,0,0,-63,0
150,320,41,0,0,0,-63,0
151,320,41,0,0,0,-63,0
152,320,41,0,0,0,-63,0
153,320,41,0,0,0,-63,0
154,320,41,0,0,0,-63,0
155,320,41,0,0,0,-63,0
156,320,41,0,0,0,-63,0
157,320,41,0,0,0,-63,0
158,320,41,0,0,0,-63,0
159,320,41,0,0,0,-63,0
160,320,41,0,0,0,-63,0
161,320,41,0,0,0,-63,0
162,320,41,0,0,0,-63,0
163,320,41,0,0,0,-63,0
164,320,41,0,0,0,-63,0
165,320,41,0,0,0,-63,0
166,320,41,0,0,0,-63,0
167,320,41,0,0,0,-63,0
168,320,41,0,0,0,-63,0
169,320,41,0,0,0,-63,0
170,320,41,0,0,0,-63,0
171,320,41,0,0,0,-63,0
172,320,41,0,0,0,-63,0
173,320,41,0,0,0,-63,0
174,320,41,0,0,0,-63,0
175,320,41,0,0,0,-63,0
176,320,41,0,0,0,-63,0
177,320,41,0,0,0,-63,0
178,320,41,0,0,0,-63,0
179,320,41,0,0,0,-63,0
180,320,41,0,0,0,-63,0
181,320,41,0,0,0,-63,0
182,320,41,0,0,0,-63,0
183,320,41,0,0,0,-63,0
184,320,41,0,0,0,-63,0
185,320,41,0,0,0,-63,0
186,320,41,0,0,0,-63,0
187,320,41,0,0,0,-63,0
188,320,41,0,0,0,-63,0
189,320,41,0,0,0,-63,0
190,320,41,0,0,0,-63,0
191,320,41,0,0,0,-63,0
192,320,41,0,0,0,-63,0
193,320,41,0,0,0,-63,0
194,320,41,0,0,0,-63,0
195,320,41,0,0,0,-63,0
196,320,41,0,0,0,-63,0
197,320,41,0,0,0,-63,0
198,320,41,0,0,0,-63,0
199,320,41,0,0,0,-63,0
200,320,41,0,0,0,-63,0
201,320,41,0,0,0,-63,0
202,320,41,0,0,0,-63,0
203,320,41,0,0,0,-63,0
204,320,41,0,0,0,-63,0
205,320,41,0,0,0,-63,0
206,320,41,0,0,0,-63,0
207,320,41,0,0,0,-63,0
208,320,41,0,0,0,-63,0
209,320,41,0,0,0,-63,0
210,320,41,0,0,0,-63,0
211,320,41,0,0,0,-63,0
212,320,41,0,0,0,-63,0
213,320,41,0,0,0,-63,0
214,320,41,0,0,0,-63,0
215,320,41,0,0,0,-63,0
216,320,41,0,0,0,-63,0
217,320,41,0,0,0,-63,0
218,320,41,0,0,0,-63,0
219,320,41,0,0,0,-63,0
220,320,41,0,0,0,-63,0
221,320,41,0,0,0,-63,0
222,320,41,0,0,0,-63,0
223,320,41,0,0,0,-63,0
224,320,41,0,0,0,-63,0
225,320,41,0,0,0,-63,0
226,320,41,0,0,0,-63,0
227,320,41,0,0,0,-63,0
228,320,41,0,0,0,-63,0
229,320,41,0,0,0,-63,0
230,320,41,0,0,0,-63,0
231,320,41,0,0,0,-63,0
232,320,41,0,0,0,-63,0
233,320,41,0,0,0,-63,0
234,320,41,0,0,0,-63,0
235,320,41,0,0,0,-63,0
236,320,41,0,0,0,-63,0
237,320,41,0,0,0,-63,0
238,320,41,0,0,0,-63,0
239,320,41,0,0,0,-63,0
240,320,41,0,0,0,-63,0
241,320,41,0,0,0,-63,0
242,320,41,0,0,0,-63,0
243,320,41,0,0,0,-63,0
244,320,41,0,0,0,-63,0
245,320,41,0,0,0,-63,0
246,320,41,0,0,0,-63,0
247,320,41,0,0,0,-63,0
248,320,41,0,0,0,-63,0
249,320,41,0,0,0,-63,0
250,320,41,0,0,0,-63,0
251,320,41,0,0,0,-63,0
252,320,41,0,0,0,-63,0
253,320,41,0,0,0,-63,0
254,320,41,0,0,0,-63,0
255,320,41,0,0,0,-63,0
256,320,41,0,0,0,-63,0
257,320,41,0,0,0,-63,0
258,320,41,0,0,0,-63,0
259,320,41,0,0,0,-63,0
260,320,41,0,0,0,-63,0
261,320,41,0,0,0,-63,0
262,320,41,0,0,0,-63,0
263,320,41,0,0,0,-63,0
264,320,41,0,0,0,-63,0
265,320,41,0,0,0,-63,0
266,320,41,0,0,0,-63,0
267,320,41,0,0,0,-63,0
268,320,41,0,0,0,-63,0
269,320,41,0,0,0,-63,0
270,320,41,0,0,0,-63,0
271,320,41,0,0,0,-63,0
272,320,41,0,0,0,-63,0
273,320,41,0,0,0,-63,0
274,320,41,0,0,0,-63,0
275,320,41,0,0,0,-63,0
276,320,41,0,0,0,-63,0
277,320,41,0,0,0,-63,0
278,320,41,0,0,0,-63,0
279,320,41,0,0,0,-63,0
280,320,41,0,0,0,-63,0
281,320,41,0,0,0,-63,0
282,320,41,0,0,0,-63,0
283,320,41,0,0,0,-63,0
284,320,41,0,0,0,-63,0
285,320,41,0,0,0,-63,0
286,320,41,0,0,0,-63,0
287,320,41,0,0,0,-63,0
288,320,41,0,0,0,-63,0
289,320,41,0,0,0,-63,0
290,320,41,0,0,0,-63,0
291,320,41,0,0,0,-63,0
292,320,41,0,0,0,-63,0
293,320,41,0,0,0,-63,0
294,320,41,0,0,0,-63,0
295,320,41,0,0,0,-63,0
296,320,41,0,0,0,-63,0
297,320,41,0,0,0,-63,0
298,320,41,0,0,0,-63,0
299,320,41,0,0,0,-63,0
300,320,41,0,0,0,-63,0
301,320,41,0,0,0,-63,0
302,320,41,0,0,0,-63,0
303,320,41,0,0,0,-63,0
304,320,41,0,0,0,-63,0
305,320,41,0,0,0,-63,0
306,320,41,0,0,0,-63,0
307,320,41,0,0,0,-63,0
308,320,41,0,0,0,-63,0
309,320,41,0,0,0,-63,0
310,320,41,0,0,0,-63,0
311,320,41,1,0,0,-63,0
312,320,41,1,0,0,-63,0
313,320,41,1,0,0,-63,0
314,320,41,1,0,0,-63,0
315,320,41,1,0,0,-63,0
316,320,41,1,0,0,-63,0
317,320,41,1,0,0,-63,0
318,320,41,1,0,0,-63,0
319,320,41,1,0,0,-63,0
320,320,41,1,0,0,-63,0
321,320,41,1,0,0,-63,0
322,320,41,1,0,0,-63,0
323,320,41,1,0,0,-63,0
324,320,41,1,0,0,-63,0
325,320,41,1,0,0,-63,0
326,320,41,1,0,0,-63,0
327,320,41,1,0,0,-63,0
328,320,41,1,0,0,-63,0
329,320,41,1,0,0,-63,0
330,320,41,1,0,0,-63,0
331,320,41,1,0,0,-63,0
332,320,41,1,0,0,-63,0
333,320,41,1,0,0,-63,0
334,320,41,1,0,0,-63,0
335,320,41,1,0,0,-63,0
336,320,41,1,0,0,-63,0
337,320,41,1,0,0,-63,0
338,320,41,1,0,0,-63,0
339,320,41,1,0,0,-63,0
340,320,41,1,0,0,-63,0
341,320,41,1,0,0,-63,0
342,320,41,1,0,0,-63,0
343,320,41,1,0,0,-63,0
344,320,41,1,0,0,-63,0
345,320,41,1,0,0,-63,0
346,320,41,1,0,0,-63,0
347,320,41,1,0,0,-63,0
348,320,41,1,0,0,-63,0
349,320,41,1,0,0,-63,0
350,320,41,1,0,0,-63,0
351,320,41,1,0,0,-63,0
352,320,41,1,0,0,-63,0
353,320,41,1,0,0,-63,0
354,320,41,1,0,0,-63,0
355,320,41,1,0,0,-63,0
356,320,41,1,0,0,-63,0
357,320,41,1,0,0,-63,0
358,320,41,1,0,0,-63,0
359,320,41,1,0,0,-63,0
360,320,41,1,0,0,-63,0
361,320,41,1,0,0,-63,0
362,320,41,1,0,0,-63,0
363,320,41,1,0,0,-63,0
364,320,41,1,0,0,-63,0
365,320,41,1,0,0,-63,0
366,320,41,1,0,0,-63,0
367,320,41,1,0,0,-63,0
368,320,41,1,0,0,-63,0
369,320,41,1,0,0,-63,0
370,320,41,1,0,0,-63,0
371,320,41,1,0,0,-63,0
372,320,41,1,0,0,-63,0
373,320,41,1,0,0,-63,0
374,320,41,1,0,0,-63,0
375,320,41,1,0,0,-63,0
376,320,41,1,0,0,-63,0
377,320,41,1,0,0,-63,0
378,320,41,1,0,0,-63,0
379,320,41,1,0,0,-63,0
380,320,41,1,0,0,-63,0
381,320,41,1,0,0,-63,0
382,320,41,1,0,0,-63,0
383,320,41,0,0,0,-63,0
384,320,41,0,0,0,-63,0
385,320,41,0,0,0,-63,0
386,320,41,0,0,0,-63,0
387,320,41,0,0,0,-63,0
388,320,41,0,0,0,-63,0
389,320,41,0,0,0,-63,0
390,320,41,0,0,0,-63,0
391,320,41,0,0,0,-63,0
392,320,41,0,0,0,-63,0
393,320,41,0,0,0,-63,0
394,320,41,0,0,0,-63,0
395,320,41,0,0,0,-63,0
396,320,41,0,0,0,-63,0
397,320,41,0,0,0,-63,0
398,320,41,0,0,0,-63,0
399,320,41,0,0,0,-63,0
400,320,41,0,0,0,-63,0
401,320,41,0,0,0,-63,0
402,320,41,0,0,0,-63,0
403,320,41,0,0,0,-63,0
404,320,41,0,0,0,-63,0
405,320,41,0,0,0,-63,0
406,320,41,0,0,0,-63,0
407,320,41,0,0,0,-63,0
408,320,41,0,0,0,-63,0
409,320,41,0,0,0,-63,0
410,320,41,0,0,0,-63,0
411,320,41,0,0,0,-63,0
412,320,41,0,0,0,-63,0
413,320,41,0,0,0,-63,0
414,320,41,0,0,0,-63,0
415,320,41,0,0,0,-63,0
416,320,41,0,0,0,-63,0
417,320,41,0,0,0,-63,0
418,320,41,0,0,0,-63,0
419,320,41,0,0,0,-63,0
420,320,41,0,0,0,-63,0
421,320,41,0,0,0,-63,0
422,320,41,0,0,0,-63,0
423,320,41,0,0,0,-63,0
424,320,41,0,0,0,-63,0
425,320,41,0,0,0,-63,0
426,320,41,0,0,0,-63,0
427,320,41,0,0,0,-63,0
428,320,41,0,0,0,-63,0
429,320,41,0,0,0,-63,0
430,320,41,0,0,0,-63,0
431,320,41,0,0,0,-63,0
432,320,41,0,0,0,-63,0
433,320,41,0,0,0,-63,0
434,320,41,0,0,0,-63,0
435,320,41,0,0,0,-63,0
436,320,41,0,0,0,-63,0
437,320,41,0,0,0,-63,0
438,320,41,0,0,0,-63,0
439,320,41,0,0,0,-63,0
440,320,41,0,0,0,-63,0
441,320,41,0,0,0,-63,0
442,320,41,0,0,0,-63,0
443,320,41,0,0,0,-63,0
444,320,41,0,0,0,-63,0
445,320,41,0,0,0,-63,0
446,320,41,0,0,0,-63,0
447,320,41,0,0,0,-63,0
448,320,41,0,0,0,-63,0
449,320,41,0,0,0,-63,0
450,320,41,0,0,0,-63,0
451,320,41,0,0,0,-63,0
452,321,42,0,0,0,-63,0
453,321,42,0,0,0,-63,0
454,321,42,0,0,0,-63,0
455,321,42,0,0,0,-63,0
456,324,40,0,0,0,-63,0
457,327,36,0,0,0,-63,0
458,328,33,0,0,0,-63,0
459,329,32,0,0,0,-63,0
460,329,32,0,0,0,-63,0
461,329,32,0,0,0,-63,0
462,329,32,0,0,0,-63,0
463,330,34,0,0,0,-63,0
464,332,38,0,0,0,-63,0
465,333,39,0,0,0,-63,0
466,334,41,0,0,0,-63,0
467,336,45,0,0,0,-63,0
468,337,47,0,0,0,-63,0
469,337,49,0,0,0,-63,0
470,339,50,0,0,0,-63,0
471,339,50,0,0,0,-63,0
472,339,50,0,0,0,-63,0
473,339,50,0,0,0,-63,0
474,343,46,0,0,0,-63,0
475,351,42,0,0,0,-63,0
476,359,39,0,0,0,-63,0
477,370,36,0,0,0,-63,0
478,371,36,0,0,0,-63,0
479,371,36,0,0,0,-63,0
480,371,36,0,0,0,-63,0
481,371,38,0,0,0,-63,0
482,373,43,0,0,0,-63,0
483,375,48,0,0,0,-63,0
484,376,51,0,0,0,-63,0
485,377,52,0,0,0,-63,0
486,377,52,0,0,0,-63,0
487,377,52,0,0,0,-63,0
488,378,52,0,0,0,-63,0
489,382,49,0,0,0,-63,0
490,385,47,0,0,0,-63,0
491,392,42,0,0,0,-63,0
492,394,40,0,0,0,-63,0
493,397,39,0,0,0,-63,0
494,397,39,0,0,0,-63,0
495,397,39,0,0,0,-63,0
496,398,39,0,0,0,-63,0
497,399,41,0,0,0,-63,0
498,402,45,0,0,0,-63,0
499,406,48,0,0,0,-63,0
500,408,50,0,0,0,-63,0
501,410,51,0,0,0,-63,0
502,412,51,0,0,0,-63,0
503,415,50,0,0,0,-63,0
504,421,47,0,0,0,-63,0
505,427,44,0,0,0,-63,0
506,432,42,0,0,0,-63,0
507,437,40,0,0,0,-63,0
508,440,38,0,0,0,-63,0
509,443,37,0,0,0,-63,0
510,443,37,0,0,0,-63,0
511,443,37,0,0,0,-63,0
512,445,39,0,0,0,-63,0
513,446,40,0,0,0,-63,0
514,447,43,0,0,0,-63,0
515,450,46,0,0,0,-63,0
516,451,48,0,0,0,-63,0
517,452,49,0,0,0,-63,0
518,452,49,0,0,0,-63,0
519,453,50,0,0,0,-63,0
520,455,50,0,0,0,-63,0
521,457,51,0,0,0,-63,0
522,464,48,0,0,0,-63,0
523,467,46,0,0,0,-63,0
524,468,45,0,0,0,-63,0
525,468,45,0,0,0,-63,0
526,469,45,0,0,0,-63,0
527,469,45,0,0,0,-63,0
528,470,45,0,0,0,-63,0
529,470,45,0,0,0,-63,0
530,471,45,0,0,0,-63,0
531,472,46,0,0,0,-63,0
532,474,47,0,0,0,-63,0
533,475,48,0,0,0,-63,0
534,475,48,0,0,0,-63,0
535,475,48,0,0,0,-63,0
536,475,49,0,0,0,-63,0
537,475,49,0,0,0,-63,0
538,475,49,0,0,0,-63,0
539,475,49,0,0,0,-63,0
540,475,49,0,0,0,-63,0
541,475,49,0,0,0,-63,0
542,475,49,0,0,0,-63,0
543,475,49,0,0,0,-63,0
544,475,49,0,0,0,-63,0
545,475,49,0,0,0,-63,0
546,475,49,0,0,0,-63,0
547,475,49,0,0,0,-63,0
548,475,49,0,0,0,-63,0
549,475,49,0,0,0,-63,0
550,475,49,0,0,0,-63,0
551,475,49,0,0,0,-63,0
552,475,49,0,0,0,-63,0
553,475,49,0,0,0,-63,0
554,475,49,0,0,0,-63,0
555,475,49,0,0,0,-63,0
556,475,49,0,0,0,-63,0
557,475,49,0,0,0,-63,0
558,475,49,0,0,0,-63,0
559,475,49,0,0,0,-63,0
560,475,49,0,0,0,-63,0
561,493,49,0,0,0,-29,1
562,493,49,0,0,0,-29,1
563,493,49,0,0,0,-29,1
564,493,49,0,0,0,-29,1
565,493,49,0,0,0,-29,1
566,493,49,0,0,0,-29,1
567,493,49,0,0,0,-29,1
568,493,49,0,0,0,-29,1
569,493,49,0,0,0,-29,1
570,493,49,0,0,0,-29,1
571,493,49,0,0,0,-29,1
572,493,49,0,0,0,-29,1
573,493,49,0,0,0,-29,1
574,493,49,0,0,0,-29,1
575,493,49,0,0,0,-29,1
576,493,49,0,0,0,-29,1
577,494,48,0,0,0,-29,1
578,494,46,0,0,0,-29,1
579,493,43,0,0,0,-29,1
580,488,39,0,0,0,-29,1
581,475,32,0,0,0,-29,1
582,462,29,0,0,0,-29,1
583,464,31,0,0,0,-29,1
584,481,37,0,0,0,-29,1
585,490,40,0,0,0,-29,1
586,508,45,0,0,0,-29,1
587,520,40,0,0,0,-29,1
588,520,37,0,0,0,-29,1
589,520,32,0,0,0,-29,1
590,520,26,0,0,0,-29,1
591,521,22,0,0,0,-29,1
592,521,20,0,0,0,-29,1
593,521,20,0,0,0,-29,1
594,521,20,0,0,0,-29,1
595,521,20,0,0,0,-29,1
596,520,20,0,0,0,-29,1
597,520,20,0,0,0,-29,1
598,516,21,0,0,0,-29,1
599,514,21,0,0,0,-29,1
600,512,23,0,0,0,-29,1
601,509,25,0,0,0,-29,1
602,508,26,0,0,0,-29,1
603,508,26,0,0,0,-29,1
604,508,26,0,0,0,-29,1
605,507,26,0,0,0,-29,1
606,507,26,0,0,0,-29,1
607,507,25,0,0,0,-29,1
608,508,24,0,0,0,-29,1
609,508,22,0,0,0,-29,1
610,509,21,0,0,0,-29,1
611,509,19,0,0,0,-29,1
612,511,18,0,0,0,-29,1
613,511,18,0,0,0,-29,1
614,511,18,0,0,0,-29,1
615,511,18,0,0,0,-29,1
616,511,18,0,0,0,-29,1
617,509,20,0,0,0,-29,1
618,507,22,0,0,0,-29,1
619,504,24,0,0,0,-29,1
620,503,26,0,0,0,-29,1
621,501,27,0,0,0,-29,1
622,499,28,0,0,0,-29,1
623,497,28,0,0,0,-29,1
624,497,28,0,0,0,-29,1
625,497,28,0,0,0,-29,1
626,497,28,0,0,0,-29,1
627,497,28,0,0,0,-29,1
628,498,28,0,0,0,-29,1
629,501,28,0,0,0,-29,1
630,502,28,0,0,0,-29,1
631,503,28,0,0,0,-29,1
632,504,28,0,0,0,-29,1
633,505,28,0,0,0,-29,1
634,506,29,0,0,0,-29,1
635,506,31,0,0,0,-29,1
636,506,33,0,0,0,-29,1
637,503,36,0,0,0,-29,1
638,502,37,0,0,0,-29,1
639,499,40,0,0,0,-29,1
640,498,41,0,0,0,-29,1
641,497,42,0,0,0,-29,1
642,496,44,0,0,0,-29,1
643,496,45,0,0,0,-29,1
644,496,45,0,0,0,-29,1
645,496,46,0,0,0,-29,1
646,497,47,0,0,0,-29,1
647,500,48,0,0,0,-29,1
648,502,49,0,0,0,-29,1
649,505,50,0,0,0,-29,1
650,505,50,0,0,0,-29,1
651,506,50,0,0,0,-29,1
652,506,51,0,0,0,-29,1
653,507,51,0,0,0,-29,1
654,507,52,0,0,0,-29,1
655,507,52,0,0,0,-29,1
656,507,52,0,0,0,-29,1
657,506,53,0,0,0,-29,1
658,505,54,0,0,0,-29,1
659,505,54,0,0,0,-29,1
660,504,54,0,0,0,-29,1
661,504,54,0,0,0,-29,1
662,504,54,0,0,0,-29,1
663,504,54,0,0,0,-29,1
664,504,54,0,0,0,-29,1
665,504,54,0,0,0,-29,1
666,504,54,0,0,0,-29,1
667,504,54,0,0,0,-29,1
668,504,54,0,0,0,-29,1
669,504,54,0,0,0,-29,1
670,504,54,0,0,0,-29,1
671,504,54,0,0,0,-29,1
672,504,54,0,0,0,-29,1
673,504,54,0,0,0,-29,1
674,504,54,0,0,0,-29,1
675,504,54,0,0,0,-29,1
676,504,54,0,0,0,-29,1
677,504,54,0,0,0,-29,1
678,504,54,0,0,0,-29,1
679,504,54,0,0,0,-29,1
680,504,54,0,0,0,-29,1
681,504,54,0,0,0,-29,1
682,504,54,0,0,0,-29,1
683,504,54,0,0,0,-29,1
684,504,54,0,0,0,-29,1
685,504,54,0,0,0,-29,1
686,504,54,0,0,0,-29,1
687,504,54,0,0,0,-29,1
688,504,54,0,0,0,-29,1
689,504,54,0,0,0,-29,1
690,504,54,0,0,0,-29,1
691,504,54,0,0,0,-29,1
692,504,54,0,0,0,-29,1
693,504,54,0,0,0,-29,1
694,504,54,0,0,0,-29,1
695,504,54,0,0,0,-29,1
696,504,54,0,0,0,-29,1
697,504,54,0,0,0,-29,1
698,504,54,0,0,0,-29,1
699,504,54,0,0,0,-29,1
700,504,54,0,0,0,-29,1
701,504,54,0,0,0,-29,1
702,504,54,0,0,0,-29,1
703,504,54,0,0,0,-29,1
704,504,54,0,0,0,-29,1
705,504,54,0,0,0,-29,1
706,504,53,0,0,0,-29,1
707,504,53,0,0,0,-29,1
708,504,52,0,0,0,-29,1
709,504,52,0,0,0,-29,1
710,505,52,0,0,0,-29,1
711,507,52,0,0,0,-29,1
712,509,51,0,0,0,-29,1
713,511,49,0,0,0,-29,1
714,514,43,0,0,0,-29,1
715,514,42,0,0,0,-29,1
716,514,40,0,0,0,-29,1
717,514,37,0,0,0,-29,1
718,513,37,0,0,0,-29,1
719,512,36,0,0,0,-29,1
720,511,35,0,0,0,-29,1
721,509,35,0,0,0,-29,1
722,509,35,0,0,0,-29,1
723,508,35,0,0,0,-29,1
724,507,35,0,0,0,-29,1
725,504,34,0,0,0,-29,1
726,502,33,0,0,0,-29,1
727,502,33,0,0,0,-29,1
728,502,28,0,0,0,-29,1
729,502,26,0,0,0,-29,1
730,503,24,0,0,0,-29,1
731,504,22,0,0,0,-29,1
732,505,21,0,0,0,-29,1
733,506,19,0,0,0,-29,1
734,507,19,0,0,0,-29,1
735,507,19,0,0,0,-29,1
736,507,19,0,0,0,-29,1
737,506,19,0,0,0,-29,1
738,506,19,0,0,0,-29,1
739,506,19,0,0,0,-29,1
740,501,18,0,0,0,-29,1
741,497,17,0,0,0,-29,1
742,494,16,0,0,0,-29,1
743,493,16,0,0,0,-29,1
744,493,16,0,0,0,-29,1
745,493,16,0,0,0,-29,1
746,493,15,0,0,0,-29,1
747,493,15,0,0,0,-29,1
748,494,13,0,0,0,-29,1
749,495,12,0,0,0,-29,1
750,496,10,0,0,0,-29,1
751,497,9,0,0,0,-29,1
752,498,9,0,0,0,-29,1
753,499,9,0,0,0,-29,1
754,500,8,0,0,0,-29,1
755,500,8,0,0,0,-29,1
756,500,8,0,0,0,-29,1
757,500,8,0,0,0,-29,1
758,500,8,0,0,0,-29,1
759,499,9,0,0,0,-29,1
760,498,11,0,0,0,-29,1
761,497,12,0,0,0,-29,1
762,496,14,0,0,0,-29,1
763,495,15,0,0,0,-29,1
764,495,16,0,0,0,-29,1
765,495,16,0,0,0,-29,1
766,495,16,0,0,0,-29,1
767,495,16,0,0,0,-29,1
768,496,16,0,0,0,-29,1
769,497,16,0,0,0,-29,1
770,500,16,0,0,0,-29,1
771,502,16,0,0,0,-29,1
772,503,16,0,0,0,-29,1
773,504,15,0,0,0,-29,1
774,504,15,0,0,0,-29,1
775,504,15,0,0,0,-29,1
776,504,15,0,0,0,-29,1
777,504,16,0,0,0,-29,1
778,501,19,0,0,0,-29,1
779,499,22,0,0,0,-29,1
780,496,27,0,0,0,-29,1
781,496,28,0,0,0,-29,1
782,496,30,0,0,0,-29,1
783,496,31,0,0,0,-29,1
784,496,32,0,0,0,-29,1
785,499,34,0,0,0,-29,1
786,500,34,0,0,0,-29,1
787,501,35,0,0,0,-29,1
788,501,35,0,0,0,-29,1
789,502,35,0,0,0,-29,1
790,502,35,0,0,0,-29,1
791,503,36,0,0,0,-29,1
792,505,39,0,0,0,-29,1
793,505,40,0,0,0,-29,1
794,505,41,0,0,0,-29,1
795,505,43,0,0,0,-29,1
796,504,45,0,0,0,-29,1
797,503,47,0,0,0,-29,1
798,502,50,0,0,0,-29,1
799,501,53,0,0,0,-29,1
800,501,53,0,0,0,-29,1
801,501,54,0,0,0,-29,1
802,501,54,0,0,0,-29,1
803,501,54,0,0,0,-29,1
804,501,54,0,0,0,-29,1
805,501,54,0,0,0,-29,1
806,501,53,0,0,0,-29,1
807,501,53,0,0,0,-29,1
808,501,53,0,0,0,-29,1
809,501,53,0,0,0,-29,1
810,501,52,0,0,0,-29,1
811,501,52,0,0,0,-29,1
812,501,52,0,0,0,-29,1
813,501,52,0,0,0,-29,1
814,501,51,0,0,0,-29,1
815,501,51,0,0,0,-29,1
816,502,47,1,0,0,-29,1
817,502,47,1,0,0,-29,1
818,502,47,1,0,0,-29,1
819,502,47,1,0,0,-29,1
820,502,47,1,0,0,-29,1
821,502,47,1,0,0,-29,1
822,502,47,1,0,0,-29,1
823,502,47,1,0,0,-29,1
824,502,47,1,0,0,-29,1
825,502,47,1,0,0,-29,1
826,502,47,1,0,0,-29,1
827,501,47,1,0,0,-29,1
828,501,47,1,0,0,-29,1
829,500,46,1,0,0,-29,1
830,499,46,1,0,0,-29,1
831,498,45,1,0,0,-29,1
832,498,44,1,0,0,-29,1
833,497,44,1,0,0,-29,1
834,497,43,1,0,0,-29,1
835,497,43,1,0,0,-29,1
836,497,43,1,0,0,-29,1
837,495,44,1,0,0,-29,1
838,492,46,1,0,0,-29,1
839,490,47,1,0,0,-29,1
840,488,48,1,0,0,-29,1
841,487,49,1,0,0,-29,1
842,487,50,1,0,0,-29,1
843,484,51,1,0,0,-29,1
844,483,51,1,0,0,-29,1
845,482,51,1,0,0,-29,1
846,480,51,1,0,0,-29,1
847,478,50,1,0,0,-29,1
848,472,47,1,0,0,-29,1
849,470,46,1,0,0,-29,1
850,467,45,1,0,0,-29,1
851,464,43,1,0,0,-29,1
852,461,41,1,0,0,-29,1
853,457,39,1,0,0,-29,1
854,456,39,1,0,0,-29,1
855,454,38,1,0,0,-29,1
856,453,38,1,0,0,-29,1
857,453,38,1,0,0,-29,1
858,453,38,1,0,0,-29,1
859,450,38,1,0,0,-29,1
860,445,40,1,0,0,-29,1
861,435,44,1,0,0,-29,1
862,431,45,1,0,0,-29,1
863,428,45,1,0,0,-29,1
864,424,46,1,0,0,-29,1
865,423,47,1,0,0,-29,1
866,422,47,1,0,0,-29,1
867,420,47,1,0,0,-29,1
868,419,47,1,0,0,-29,1
869,414,43,1,0,0,-29,1
870,411,42,1,0,0,-29,1
871,405,38,1,0,0,-29,1
872,402,35,1,0,0,-29,1
873,400,34,1,0,0,-29,1
874,398,33,1,0,0,-29,1
875,396,32,1,0,0,-29,1
876,394,32,1,0,0,-29,1
877,392,32,1,0,0,-29,1
878,390,32,1,0,0,-29,1
879,389,32,1,0,0,-29,1
880,382,34,1,0,0,-29,1
881,379,35,1,0,0,-29,1
882,377,36,1,0,0,-29,1
883,375,37,1,0,0,-29,1
884,374,38,1,0,0,-29,1
885,373,38,1,0,0,-29,1
886,371,39,1,0,0,-29,1
887,368,40,1,0,0,-29,1
888,365,41,1,0,0,-29,1
889,362,42,1,0,0,-29,1
890,358,42,1,0,0,-29,1
891,356,42,1,0,0,-29,1
892,353,42,1,0,0,-29,1
893,348,39,1,0,0,-29,1
894,345,37,1,0,0,-29,1
895,342,36,1,0,0,-29,1
896,341,35,1,0,0,-29,1
897,339,34,1,0,0,-29,1
898,337,33,1,0,0,-29,1
899,336,33,1,0,0,-29,1
900,336,33,1,0,0,-29,1
901,333,34,1,0,0,-29,1
902,331,36,1,0,0,-29,1
903,327,38,1,0,0,-29,1
904,323,40,1,0,0,-29,1
905,320,41,1,0,0,-29,1
906,318,42,1,0,0,-29,1
907,318,42,1,0,0,-29,1
908,318,42,1,0,0,-29,1
909,317,42,1,0,0,-29,1
910,316,42,1,0,0,-29,1
911,316,42,1,0,0,-29,1
912,313,41,1,0,0,-29,1
913,311,40,1,0,0,-29,1
914,307,38,1,0,0,-29,1
915,305,37,1,0,0,-29,1
916,303,36,1,0,0,-29,1
917,303,36,1,0,0,-29,1
918,303,36,1,0,0,-29,1
919,302,36,1,0,0,-29,1
920,301,36,1,0,0,-29,1
921,298,36,1,0,0,-29,1
922,297,36,1,0,0,-29,1
923,296,36,1,0,0,-29,1
924,295,36,1,0,0,-29,1
925,294,37,1,0,0,-29,1
926,293,38,1,0,0,-29,1
927,292,38,1,0,0,-29,1
928,292,39,1,0,0,-29,1
929,292,39,1,0,0,-29,1
930,292,39,1,0,0,-29,1
931,292,39,1,0,0,-29,1
932,292,39,1,0,0,-29,1
933,292,39,1,0,0,-29,1
934,292,39,1,0,0,-29,1
935,292,39,1,0,0,-29,1
936,292,39,1,0,0,-29,1
937,292,39,1,0,0,-29,1
938,292,39,1,0,0,-29,1
939,292,39,1,0,0,-29,1
940,292,39,1,0,0,-29,1
941,292,39,1,0,0,-29,1
942,292,39,1,0,0,-29,1
943,292,39,1,0,0,-29,1
944,292,39,1,0,0,-29,1
945,292,39,1,0,0,-29,1
946,292,39,1,0,0,-29,1
947,292,39,1,0,0,-29,1
948,292,39,1,0,0,-29,1
949,292,39,1,0,0,-29,1
950,292,39,1,0,0,-29,1
951,292,39,1,0,0,-29,1
952,292,39,1,0,0,-29,1
953,292,39,1,0,0,-29,1
954,292,39,1,0,0,-29,1
955,292,39,1,0,0,-29,1
956,292,39,1,0,0,-29,1
957,292,39,1,0,0,-29,1
958,292,39,1,0,0,-29,1
959,292,39,1,0,0,-29,1
960,292,39,1,0,0,-29,1
961,292,39,1,0,0,-29,1
962,292,39,1,0,0,-29,1
963,292,39,1,0,0,-29,1
964,292,39,1,0,0,-29,1
965,292,39,1,0,0,-29,1
966,292,39,1,0,0,-29,1
967,292,39,1,0,0,-29,1
968,292,39,1,0,0,-29,1
969,292,39,1,0,0,-29,1
970,292,39,1,0,0,-29,1
971,292,39,1,0,0,-29,1
972,292,39,1,0,0,-29,1
973,292,39,1,0,0,-29,1
974,292,39,1,0,0,-29,1
975,292,39,1,0,0,-29,1
976,292,39,1,0,0,-29,1
977,292,39,1,0,0,-29,1
978,292,39,1,0,0,-29,1
979,292,39,1,0,0,-29,1
980,292,39,1,0,0,-29,1
981,292,39,1,0,0,-29,1
982,292,39,1,0,0,-29,1
983,292,39,1,0,0,-29,1
984,292,39,1,0,0,-29,1
985,292,39,1,0,0,-29,1
986,292,39,1,0,0,-29,1
987,292,39,1,0,0,-29,1
988,292,39,1,0,0,-29,1
989,292,39,1,0,0,-29,1
990,292,39,1,0,0,-29,1
991,292,39,1,0,0,-29,1
992,292,39,1,0,0,-29,1
993,292,39,1,0,0,-29,1
994,292,39,1,0,0,-29,1
995,292,39,1,0,0,-29,1
996,292,39,1,0,0,-29,1
997,292,39,1,0,0,-29,1
998,292,39,1,0,0,-29,1
999,292,39,1,0,0,-29,1
1000,292,39,1,0,0,-29,1
1001,292,39,1,0,0,-29,1
1002,292,39,1,0,0,-29,1
1003,292,39,1,0,0,-29,1
1004,291,39,1,0,0,-29,1
1005,290,39,1,0,0,-29,1
1006,290,39,1,0,0,-29,1
1007,290,39,1,0,0,-29,1
1008,290,39,1,0,0,-29,1
1009,290,39,1,0,0,-29,1
1010,290,39,1,0,0,-29,1
1011,290,39,1,0,0,-29,1
1012,290,39,1,0,0,-29,1
1013,290,39,1,0,0,-29,1
1014,290,39,1,0,0,-29,1
1015,290,39,1,0,0,-29,1
1016,290,39,1,0,0,-29,1
1017,290,39,1,0,0,-29,1
1018,290,39,1,0,0,-29,1
1019,290,39,1,0,0,-29,1
1020,290,39,1,0,0,-29,1
1021,290,38,1,0,0,-29,1
1022,290,38,1,0,0,-29,1
1023,289,37,1,0,0,-29,1
1024,289,37,1,0,0,-29,1
1025,287,36,1,0,0,-29,1
1026,286,36,1,0,0,-29,1
1027,285,36,1,0,0,-29,1
1028,285,36,1,0,0,-29,1
1029,285,36,1,0,0,-29,1
1030,285,36,1,0,0,-29,1
1031,285,36,1,0,0,-29,1
1032,285,36,1,0,0,-29,1
1033,284,36,1,0,0,-29,1
1034,284,36,1,0,0,-29,1
1035,283,36,1,0,0,-29,1
1036,283,36,1,0,0,-29,1
1037,283,36,1,0,0,-29,1
1038,283,36,1,0,0,-29,1
1039,283,36,1,0,0,-29,1
1040,283,36,1,0,0,-29,1
1041,283,36,1,0,0,-29,1
1042,283,36,1,0,0,-29,1
1043,283,36,1,0,0,-29,1
1044,283,36,1,0,0,-29,1
1045,283,36,1,0,0,-29,1
1046,283,36,1,0,0,-29,1
1047,313,35,0,0,0,-68,0
1048,313,35,0,0,0,-68,0
1049,313,35,0,0,0,-68,0
1050,313,35,0,0,0,-68,0
1051,313,35,0,0,0,-68,0
1052,313,35,0,0,0,-68,0
1053,313,35,0,0,0,-68,0
1054,314,38,0,0,0,-68,0
1055,315,43,0,0,0,-68,0
1056,316,46,0,0,0,-68,0
1057,316,47,0,0,0,-68,0
1058,316,48,0,0,0,-68,0
1059,316,48,0,0,0,-68,0
1060,316,46,0,0,0,-68,0
1061,315,41,0,0,0,-68,0
1062,315,40,0,0,0,-68,0
1063,315,39,0,0,0,-68,0
1064,315,35,0,0,0,-68,0
1065,316,33,0,0,0,-68,0
1066,316,32,0,0,0,-68,0
1067,316,32,0,0,0,-68,0
1068,316,34,0,0,0,-68,0
1069,316,37,0,0,0,-68,0
1070,316,41,0,0,0,-68,0
1071,316,43,0,0,0,-68,0
1072,316,43,0,0,0,-68,0
1073,316,43,0,0,0,-68,0
1074,316,43,0,0,0,-68,0
1075,316,43,0,0,0,-68,0
1076,316,40,0,0,0,-68,0
1077,315,37,0,0,0,-68,0
1078,315,34,0,0,0,-68,0
1079,315,34,0,0,0,-68,0
1080,315,34,0,0,0,-68,0
1081,315,36,0,0,0,-68,0
1082,315,39,0,0,0,-68,0
1083,315,45,0,0,0,-68,0
1084,315,48,0,0,0,-68,0
1085,315,48,0,0,0,-68,0
1086,315,49,0,0,0,-68,0
1087,315,49,0,0,0,-68,0
1088,315,49,0,0,0,-68,0
1089,315,49,0,0,0,-68,0
1090,315,46,0,0,0,-68,0
1091,316,43,0,0,0,-68,0
1092,316,42,0,0,0,-68,0
1093,316,40,0,0,0,-68,0
1094,316,39,0,0,0,-68,0
1095,316,41,0,0,0,-68,0
1096,316,42,0,0,0,-68,0
1097,316,47,0,0,0,-68,0
1098,316,47,0,0,0,-68,0
1099,316,48,0,0,0,-68,0
1100,316,48,0,0,0,-68,0
1101,315,48,0,0,0,-68,0
1102,315,47,0,0,0,-68,0
1103,315,47,0,0,0,-68,0
1104,315,46,0,0,0,-68,0
1105,315,45,0,0,0,-68,0
1106,315,45,0,0,0,-68,0
1107,315,44,0,0,0,-68,0
1108,315,44,0,0,0,-68,0
1109,315,44,0,0,0,-68,0
1110,315,44,0,0,0,-68,0
1111,315,44,0,0,0,-68,0
1112,315,44,0,0,0,-68,0
1113,315,44,0,0,0,-68,0
1114,315,44,0,0,0,-68,0
1115,315,44,0,0,0,-68,0
1116,315,44,0,0,0,-68,0
1117,315,44,0,0,0,-68,0
1118,315,44,0,0,0,-68,0
1119,315,44,0,0,0,-68,0
1120,315,44,0,0,0,-68,0
1121,315,44,0,0,0,-68,0
1122,315,44,0,0,0,-68,0
1123,315,44,0,0,0,-68,0
1124,315,44,0,0,0,-68,0
1125,315,44,0,0,0,-68,0
1126,315,44,0,0,0,-68,0
1127,315,44,0,0,0,-68,0
1128,315,44,0,0,0,-68,0
1129,315,44,0,0,0,-68,0
1130,315,44,0,0,0,-68,0
1131,315,44,0,0,0,-68,0
1132,315,44,0,0,0,-68,0
1133,315,44,0,0,0,-68,0
1134,315,44,0,0,0,-68,0
1135,315,44,0,0,0,-68,0
1136,315,44,0,0,0,-68,0
1137,315,44,0,0,0,-68,0
1138,315,44,0,0,0,-68,0
1139,315,44,0,0,0,-68,0
1140,315,44,0,0,0,-68,0
1141,315,44,0,0,0,-68,0
1142,315,44,0,0,0,-68,0
1143,315,44,0,0,0,-68,0
1144,315,44,0,0,0,-68,0
1145,315,44,0,0,0,-68,0
1146,315,44,0,0,0,-68,0
1147,315,44,0,0,0,-68,0
1148,315,44,0,0,0,-68,0
1149,315,44,0,0,0,-68,0
1150,315,44,0,0,0,-68,0
1151,315,44,0,0,0,-68,0
1152,315,44,0,0,0,-68,0
1153,315,44,0,0,0,-68,0
1154,315,44,0,0,0,-68,0
1155,315,44,0,0,0,-68,0
1156,315,44,0,0,0,-68,0
1157,315,44,0,0,0,-68,0
1158,315,44,0,0,0,-68,0
1159,315,44,0,0,0,-68,0
1160,315,44,0,0,0,-68,0
1161,315,44,0,0,0,-68,0
1162,315,44,0,0,0,-68,0
1163,315,44,0,0,0,-68,0
1164,315,44,0,0,0,-68,0
1165,315,44,0,0,0,-68,0
1166,315,44,0,0,0,-68,0
1167,315,44,0,0,0,-68,0
1168,315,44,0,0,0,-68,0
1169,315,44,0,0,0,-68,0
1170,315,44,0,0,0,-68,0
1171,315,44,0,0,0,-68,0
1172,315,44,0,0,0,-68,0
1173,315,44,0,0,0,-68,0
1174,315,44,0,0,0,-68,0
1175,315,43,0,0,0,-68,0
1176,315,43,0,0,0,-68,0
1177,315,43,0,0,0,-68,0
1178,315,43,0,0,0,-68,0
1179,315,43,0,0,0,-68,0
1180,315,43,0,0,0,-68,0
1181,315,43,0,0,0,-68,0
1182,315,43,0,0,0,-68,0
1183,315,43,0,0,0,-68,0
1184,315,43,0,0,0,-68,0
1185,315,43,0,0,0,-68,0
1186,315,43,0,0,0,-68,0
1187,315,42,0,0,0,-68,0
1188,315,42,0,0,0,-68,0
1189,315,42,0,0,0,-68,0
1190,315,42,0,0,0,-68,0
1191,315,42,0,0,0,-68,0
1192,315,41,0,0,0,-68,0
1193,315,41,0,0,0,-68,0
1194,315,41,0,0,0,-68,0
1195,315,41,0,0,0,-68,0
1196,315,41,0,0,0,-68,0
1197,315,41,0,0,0,-68,0
1198,315,41,0,0,0,-68,0
1199,315,41,0,0,0,-68,0
1200,315,41,0,0,0,-68,0
1201,315,41,0,0,0,-68,0
1202,315,41,0,0,0,-68,0
1203,315,41,0,0,0,-68,0
1204,315,41,0,0,0,-68,0
1205,315,41,0,0,0,-68,0
1206,315,40,0,0,0,-68,0
1207,315,40,0,0,0,-68,0
1208,315,40,0,0,0,-68,0
1209,315,40,0,0,0,-68,0
1210,315,40,0,0,0,-68,0
1211,315,40,0,0,0,-68,0
1212,315,40,0,0,0,-68,0
1213,315,40,0,0,0,-68,0
1214,315,40,0,0,0,-68,0
1215,315,40,0,0,0,-68,0
1216,315,40,0,0,0,-68,0
1217,315,40,0,0,0,-68,0
1218,315,40,0,0,0,-68,0
1219,315,40,0,0,0,-68,0
1220,315,40,0,0,0,-68,0
1221,315,40,0,0,0,-68,0
1222,315,40,0,0,0,-68,0
1223,315,40,0,0,0,-68,0
1224,315,40,0,0,0,-68,0
1225,315,40,0,0,0,-68,0
1226,315,40,0,0,0,-68,0
1227,315,40,0,0,0,-68,0
1228,315,40,0,0,0,-68,0
1229,314,40,0,0,0,-68,0
1230,314,40,0,0,0,-68,0
1231,314,40,0,0,0,-68,0
1232,314,40,0,0,0,-68,0
1233,314,40,0,0,0,-68,0
1234,314,40,0,0,0,-68,0
1235,314,40,0,0,0,-68,0
1236,314,40,0,0,0,-68,0
1237,314,40,0,0,0,-68,0
1238,314,40,0,0,0,-68,0
1239,314,40,0,0,0,-68,0
1240,314,40,0,0,0,-68,0
1241,314,40,0,0,0,-68,0
1242,314,40,0,0,0,-68,0
1243,314,40,0,0,0,-68,0
1244,314,40,0,0,0,-68,0
1245,314,40,0,0,0,-68,0
1246,314,40,0,0,0,-68,0
1247,314,40,0,0,0,-68,0
1248,314,40,0,0,0,-68,0
1249,314,40,0,0,0,-68,0
1250,314,40,0,0,0,-68,0
1251,314,40,0,0,0,-68,0
1252,314,40,0,0,0,-68,0
1253,314,40,0,0,0,-68,0
1254,314,40,0,0,0,-68,0
1255,314,40,0,0,0,-68,0
1256,314,40,0,0,0,-68,0
1257,314,40,0,0,0,-68,0
1258,314,40,0,0,0,-68,0
1259,314,40,0,0,0,-68,0
1260,314,40,0,0,0,-68,0
1261,314,40,0,0,0,-68,0
1262,314,40,0,0,0,-68,0
1263,314,40,0,0,0,-68,0
1264,314,40,0,0,0,-68,0
1265,314,40,0,0,0,-68,0
1266,314,40,0,0,0,-68,0
1267,314,40,0,0,0,-68,0
1268,314,40,0,0,0,-68,0
1269,314,40,0,0,0,-68,0
1270,314,40,0,0,0,-68,0
1271,314,40,0,0,0,-68,0
1272,314,40,0,0,0,-68,0
1273,314,40,0,0,0,-68,0
1274,314,40,0,0,0,-68,0
1275,314,40,0,0,0,-68,0
1276,314,40,0,0,0,-68,0
1277,314,40,0,0,0,-68,0
1278,314,40,0,0,0,-68,0
1279,314,40,0,0,0,-68,0
1280,314,40,0,0,0,-68,0
1281,314,40,0,0,0,-68,0
1282,314,40,0,0,0,-68,0
1283,314,40,0,0,0,-68,0
1284,314,40,0,0,0,-68,0
1285,314,40,0,0,0,-68,0
1286,314,40,0,0,0,-68,0
1287,314,40,0,0,0,-68,0
1288,314,40,0,0,0,-68,0
1289,314,40,0,0,0,-68,0
1290,314,40,0,0,0,-68,0
1291,314,40,0,0,0,-68,0
1292,314,40,0,0,0,-68,0
1293,314,40,0,0,0,-68,0
1294,314,40,0,0,0,-63,0
1295,314,40,0,0,0,-63,0
1296,314,40,0,0,0,-63,0
1297,314,40,0,0,0,-63,0
1298,314,40,0,0,0,-63,0
1299,314,40,0,0,0,-63,0
1300,314,40,0,0,0,-63,0
1301,314,40,0,0,0,-63,0
1302,314,40,0,0,0,-63,0
1303,314,40,0,0,0,-63,0
1304,314,40,0,0,0,-63,0
1305,314,40,0,0,0,-63,0
1306,314,40,0,0,0,-63,0
1307,314,40,0,0,0,-63,0
1308,314,40,0,0,0,-63,0
1309,314,40,0,0,0,-63,0
1310,314,40,0,0,0,-63,0
1311,314,40,0,0,0,-63,0
1312,314,40,0,0,0,-63,0
1313,314,40,0,0,0,-63,0
1314,314,40,0,0,0,-63,0
1315,314,40,0,0,0,-63,0
1316,314,40,0,0,0,-63,0
1317,314,40,0,0,0,-63,0
1318,314,40,0,0,0,-63,0
1319,314,40,0,0,0,-63,0
1320,314,40,0,0,0,-63,0
1321,314,40,0,0,0,-63,0
1322,314,40,0,0,0,-63,0
1323,314,40,0,0,0,-63,0
1324,314,40,0,0,0,-63,0
1325,314,40,0,0,0,-63,0
1326,314,40,0,0,0,-63,0
1327,314,40,0,0,0,-63,0
1328,314,40,0,0,0,-63,0
1329,314,40,0,0,0,-63,0
1330,314,40,0,0,0,-63,0
1331,314,40,0,0,0,-63,0
1332,314,40,0,0,0,-63,0
1333,314,40,0,0,0,-63,0
1334,314,40,0,0,0,-63,0
1335,314,40,0,0,0,-63,0
1336,314,40,0,0,0,-63,0
1337,314,40,0,0,0,-63,0
1338,314,40,0,0,0,-63,0
1339,314,40,0,0,0,-63,0
1340,314,40,0,0,0,-63,0
1341,314,40,0,0,0,-63,0
1342,314,40,0,0,0,-63,0
1343,314,40,0,0,0,-63,0
1344,314,40,0,0,0,-63,0
1345,314,40,0,0,0,-63,0
1346,314,40,0,0,0,-63,0
1347,314,40,0,0,0,-63,0
1348,314,40,0,0,0,-63,0
1349,314,40,0,0,0,-63,0
1350,314,40,0,0,0,-63,0
1351,314,40,0,0,0,-63,0
1352,314,40,0,0,0,-63,0
1353,314,40,0,0,0,-63,0
1354,314,40,0,0,0,-63,0
1355,314,40,0,0,0,-63,0
1356,314,40,0,0,0,-63,0
1357,314,40,0,0,0,-63,0
1358,314,40,0,0,0,-63,0
1359,314,40,0,0,0,-63,0
1360,314,40,0,0,0,-63,0
1361,314,40,0,0,0,-63,0
1362,314,40,0,0,0,-63,0
1363,314,40,0,0,0,-63,0
1364,314,40,0,0,0,-63,0
1365,314,40,0,0,0,-63,0
1366,314,40,0,0,0,-63,0
1367,314,40,0,0,0,-63,0
1368,314,40,0,0,0,-63,0
1369,314,40,0,0,0,-63,0
1370,314,40,0,0,0,-63,0
1371,314,40,0,0,0,-63,0
1372,314,40,0,0,0,-63,0
1373,314,40,0,0,0,-63,0
1374,314,40,0,0,0,-63,0
1375,314,40,0,0,0,-63,0
1376,314,40,0,0,0,-63,0
1377,314,40,0,0,0,-63,0
1378,314,40,0,0,0,-63,0
1379,314,40,0,0,0,-63,0
1380,314,40,0,0,0,-63,0
1381,314,40,0,0,0,-63,0
1382,314,40,0,0,0,-63,0
1383,314,40,0,0,0,-63,0
1384,314,40,0,0,0,-63,0
1385,314,40,0,0,0,-63,0
1386,314,40,0,0,0,-63,0
1387,314,40,0,0,0,-63,0
1388,314,40,0,0,0,-63,0
1389,314,40,0,0,0,-63,0
1390,314,40,0,0,0,-63,0
1391,314,40,0,0,0,-63,0
1392,314,40,0,0,0,-63,0
1393,314,40,0,0,0,-63,0
1394,314,40,0,0,0,-63,0
1395,314,40,0,0,0,-63,0
1396,314,40,0,0,0,-63,0
1397,314,40,0,0,0,-63,0
1398,314,40,0,0,0,-63,0
1399,314,40,0,0,0,-63,0
1400,314,40,0,0,0,-63,0
1401,314,40,0,0,0,-63,0
1402,314,40,0,0,0,-63,0
1403,314,40,0,0,0,-63,0
1404,314,40,0,0,0,-63,0
1405,314,40,0,0,0,-63,0
1406,314,40,0,0,0,-63,0
1407,314,40,0,0,0,-63,0
1408,314,40,0,0,0,-63,0
1409,314,40,0,0,0,-63,0
1410,314,40,0,0,0,-63,0
1411,314,40,0,0,0,-63,0
1412,314,40,0,0,0,-63,0
1413,314,40,0,0,0,-63,0
1414,314,40,0,0,0,-63,0
1415,314,40,0,0,0,-63,0
1416,314,40,0,0,0,-63,0
1417,314,40,0,0,0,-63,0
1418,314,40,0,0,0,-63,0
1419,314,40,0,0,0,-63,0
1420,314,40,0,0,0,-63,0
1421,314,40,0,0,0,-63,0
1422,314,40,0,0,0,-63,0
1423,314,40,0,0,0,-63,0
1424,314,40,0,0,0,-63,0
1425,314,40,0,0,0,-63,0
1426,314,40,0,0,0,-63,0
1427,314,40,0,0,0,-63,0
1428,314,40,0,0,0,-63,0
1429,314,40,0,0,0,-63,0
1430,314,40,0,0,0,-63,0
1431,314,40,0,0,0,-63,0
1432,314,40,0,0,0,-63,0
1433,314,40,0,0,0,-63,0
1434,314,40,0,0,0,-63,0
1435,314,40,0,0,0,-63,0
1436,314,40,0,0,0,-63,0
1437,314,40,0,0,0,-63,0
1438,314,40,0,0,0,-63,0
1439,314,40,0,0,0,-63,0
1440,314,40,0,0,0,-63,0
1441,314,40,0,0,0,-63,0
1442,314,40,0,0,0,-63,0
1443,314,40,0,0,0,-63,0
1444,314,40,0,0,0,-63,0
1445,314,40,0,0,0,-63,0
1446,314,40,0,0,0,-63,0
1447,314,40,0,0,0,-63,0
1448,314,40,0,0,0,-63,0
1449,314,40,0,0,0,-63,0
1450,314,40,0,0,0,-63,0
1451,314,40,0,0,0,-63,0
1452,314,40,0,0,0,-63,0
1453,314,40,0,0,0,-63,0
1454,314,40,0,0,0,-63,0
1455,314,40,0,0,0,-63,0
1456,314,40,0,0,0,-63,0
1457,314,40,0,0,0,-63,0
1458,314,40,0,0,0,-63,0
1459,314,40,0,0,0,-63,0
1460,314,40,0,0,0,-63,0
1461,314,40,0,0,0,-63,0
1462,314,40,0,0,0,-63,0
1463,314,40,0,0,0,-63,0
1464,314,40,0,0,0,-63,0
1465,314,40,0,0,0,-63,0
1466,314,40,0,0,0,-63,0
1467,314,40,0,0,0,-63,0
1468,314,40,0,0,0,-63,0
1469,314,40,0,0,0,-63,0
1470,314,40,0,0,0,-63,0
1471,314,40,0,0,0,-63,0
1472,314,40,0,0,0,-63,0
1473,314,40,0,0,0,-63,0
1474,314,40,0,0,0,-63,0
1475,314,40,0,0,0,-63,0
1476,314,40,0,0,0,-63,0
1477,314,40,0,0,0,-63,0
1478,314,40,0,0,0,-63,0
1479,314,40,0,0,0,-63,0
1480,314,40,0,0,0,-63,0
1481,314,40,0,0,0,-63,0
1482,314,40,0,0,0,-63,0
1483,314,40,0,0,0,-63,0
1484,314,40,0,0,0,-63,0
1485,314,40,0,0,0,-63,0
1486,314,40,0,0,0,-63,0
1487,314,40,0,0,0,-63,0
1488,314,40,0,0,0,-63,0
1489,314,40,0,0,0,-63,0
1490,314,40,0,0,0,-63,0
1491,314,40,0,0,0,-63,0
1492,314,40,0,0,0,-63,0
1493,314,40,0,0,0,-63,0
1494,314,40,0,0,0,-63,0
1495,314,40,0,0,0,-63,0
1496,314,40,0,0,0,-63,0
1497,314,40,0,0,0,-63,0
1498,314,40,0,0,0,-63,0
1499,314,40,0,0,0,-63,0
1500,314,40,0,0,0,-63,0
1501,314,40,0,0,0,-63,0
1502,314,40,0,0,0,-63,0
1503,314,40,0,0,0,-63,0
1504,314,40,0,0,0,-63,0
1505,314,40,0,0,0,-63,0
1506,314,40,0,0,0,-63,0
1507,314,40,0,0,0,-63,0
1508,314,40,0,0,0,-63,0
1509,314,40,0,0,0,-63,0
1510,314,40,0,0,0,-63,0
1511,314,40,0,0,0,-63,0
1512,314,40,0,0,0,-63,0
1513,314,40,0,0,0,-63,0
1514,314,40,0,0,0,-63,0
1515,314,40,0,0,0,-63,0
1516,314,40,0,0,0,-63,0
1517,314,40,0,0,0,-63,0
1518,314,40,0,0,0,-63,0
1519,314,40,0,0,0,-63,0
1520,314,40,0,0,0,-63,0
1521,314,40,0,0,0,-63,0
1522,314,40,0,0,0,-63,0
1523,314,40,0,0,0,-63,0
1524,314,40,0,0,0,-63,0
1525,314,40,0,0,0,-63,0
1526,314,40,0,0,0,-63,0
1527,314,40,0,0,0,-63,0
1528,314,40,0,0,0,-63,0
1529,314,40,0,0,0,-63,0
1530,314,40,0,0,0,-63,0
1531,314,40,0,0,0,-63,0
1532,314,40,0,0,0,-63,0
1533,314,40,0,0,0,-63,0
1534,314,40,0,0,0,-63,0
1535,314,40,0,0,0,-63,0
1536,314,40,0,0,0,-63,0
1537,314,40,0,0,0,-63,0
1538,314,40,0,0,0,-63,0
1539,314,40,0,0,0,-63,0
1540,314,40,0,0,0,-63,0
1541,314,40,0,0,0,-63,0
1542,314,40,0,0,0,-63,0
1543,314,40,0,0,0,-63,0
1544,314,40,0,0,0,-63,0
1545,314,40,0,0,0,-63,0
1546,314,40,0,0,0,-63,0
1547,314,40,0,0,0,-63,0
1548,314,40,0,0,0,-63,0
1549,314,40,0,0,0,-63,0
1550,314,40,0,0,0,-63,0
1551,314,40,0,0,0,-63,0
1552,314,40,0,0,0,-63,0
1553,314,40,0,0,0,-63,0
1554,314,40,0,0,0,-63,0
1555,314,40,0,0,0,-63,0
1556,314,40,0,0,0,-63,0
1557,314,40,0,0,0,-63,0
1558,314,40,0,0,0,-63,0
1559,314,40,0,0,0,-63,0
1560,314,40,0,0,0,-63,0
1561,314,40,0,0,0,-63,0
1562,314,40,0,0,0,-63,0
1563,314,40,0,0,0,-63,0
1564,314,40,0,0,0,-63,0
1565,314,40,0,0,0,-63,0
1566,314,40,0,0,0,-63,0
1567,314,40,0,0,0,-63,0
1568,314,40,0,0,0,-63,0
1569,314,40,0,0,0,-63,0
1570,314,40,0,0,0,-63,0
1571,314,40,0,0,0,-63,0
1572,314,40,0,0,0,-63,0
1573,314,40,0,0,0,-63,0
1574,314,40,0,0,0,-63,0
1575,314,40,0,0,0,-63,0
1576,314,40,0,0,0,-63,0
1577,314,40,0,0,0,-63,0
1578,314,40,0,0,0,-63,0
1579,314,40,0,0,0,-63,0
1580,314,40,0,0,0,-63,0
1581,314,40,0,0,0,-63,0
1582,314,40,0,0,0,-63,0
1583,314,40,0,0,0,-63,0
1584,314,40,0,0,0,-63,0
1585,314,40,0,0,0,-63,0
1586,314,40,0,0,0,-63,0
1587,314,40,0,0,0,-63,0
1588,314,40,0,0,0,-63,0
1589,314,40,0,0,0,-63,0
1590,314,40,0,0,0,-63,0
1591,314,40,0,0,0,-63,0
1592,314,40,0,0,0,-63,0
1593,314,40,0,0,0,-63,0
1594,314,40,0,0,0,-63,0
1595,314,40,0,0,0,-63,0
1596,314,40,0,0,0,-63,0
1597,314,40,0,0,0,-63,0
1598,314,40,0,0,0,-63,0
1599,314,40,0,0,0,-63,0
1600,314,40,0,0,0,-63,0
1601,314,40,0,0,0,-63,0
1602,314,40,0,0,0,-63,0
1603,314,40,0,0,0,-63,0
1604,314,40,0,0,0,-63,0
1605,314,40,0,0,0,-63,0
1606,314,40,0,0,0,-63,0
1607,314,40,0,0,0,-63,0
1608,314,40,0,0,0,-63,0
1609,314,40,0,0,0,-63,0
1610,314,40,0,0,0,-63,0
1611,314,40,0,0,0,-63,0
1612,314,40,0,0,0,-63,0
1613,314,40,0,0,0,-63,0
1614,314,40,0,0,0,-63,0
1615,314,40,0,0,0,-63,0
1616,314,40,0,0,0,-63,0
1617,314,40,0,0,0,-63,0
1618,314,40,0,0,0,-63,0
1619,314,40,0,0,0,-63,0
1620,314,40,0,0,0,-63,0
1621,314,40,0,0,0,-63,0
1622,314,40,0,0,0,-63,0
1623,314,40,0,0,0,-63,0
1624,314,40,0,0,0,-63,0
1625,314,40,0,0,0,-63,0
1626,314,40,0,0,0,-63,0
1627,314,40,0,0,0,-63,0
1628,314,40,0,0,0,-63,0
1629,314,40,0,0,0,-63,0
1630,314,40,0,0,0,-63,0
1631,314,40,0,0,0,-63,0
