t,x,y,fh,fv,r,s,frame:
0,-470,63,0,0,0,-79,0
1,-470,63,0,0,0,-79,0
2,-470,63,0,0,0,-79,0
3,-470,63,0,0,0,-79,0
4,-470,63,0,0,0,-79,0
5,-470,63,0,0,0,-79,0
6,-470,63,0,0,0,-79,0
7,-470,63,0,0,0,-79,0
8,-470,63,0,0,0,-79,0
9,-470,63,0,0,0,-79,0
10,-470,63,0,0,0,-79,0
11,-468,62,0,0,0,-79,0
12,-465,60,0,0,0,-79,0
13,-462,59,0,0,0,-79,0
14,-458,57,0,0,0,-79,0
15,-455,55,0,0,0,-79,0
16,-453,54,0,0,0,-79,0
17,-453,54,0,0,0,-79,0
18,-451,54,0,0,0,-79,0
19,-450,53,0,0,0,-79,0
20,-447,53,0,0,0,-79,0
21,-446,53,0,0,0,-79,0
22,-442,55,0,0,0,-79,0
23,-438,57,0,0,0,-79,0
24,-436,57,0,0,0,-79,0
25,-436,57,0,0,0,-79,0
26,-435,58,0,0,0,-79,0
27,-434,59,0,0,0,-79,0
28,-434,59,0,0,0,-79,0
29,-432,60,0,0,0,-79,0
30,-429,62,0,0,0,-79,0
31,-427,63,0,0,0,-79,0
32,-426,64,0,0,0,-79,0
33,-425,65,0,0,0,-79,0
34,-425,65,0,0,0,-79,0
35,-425,65,0,0,0,-79,0
36,-425,65,0,0,0,-79,0
37,-425,65,0,0,0,-79,0
38,-425,65,0,0,0,-79,0
39,-425,65,0,0,0,-79,0
40,-425,65,0,0,0,-79,0
41,-423,65,0,0,0,-79,0
42,-421,63,0,0,0,-79,0
43,-418,60,0,0,0,-79,0
44,-415,57,0,0,0,-79,0
45,-413,54,0,0,0,-79,0
46,-411,53,0,0,0,-79,0
47,-411,52,0,0,0,-79,0
48,-410,52,0,0,0,-79,0
49,-409,51,0,0,0,-79,0
50,-408,50,0,0,0,-79,0
51,-405,49,0,0,0,-79,0
52,-403,49,0,0,0,-79,0
53,-401,49,0,0,0,-79,0
54,-400,49,0,0,0,-79,0
55,-398,49,0,0,0,-79,0
56,-396,49,0,0,0,-79,0
57,-393,49,0,0,0,-79,0
58,-390,50,0,0,0,-79,0
59,-388,52,0,0,0,-79,0
60,-386,54,0,0,0,-79,0
61,-385,56,0,0,0,-79,0
62,-384,57,0,0,0,-79,0
63,-383,57,0,0,0,-79,0
64,-383,57,0,0,0,-79,0
65,-383,57,0,0,0,-79,0
66,-383,57,0,0,0,-79,0
67,-383,57,0,0,0,-79,0
68,-382,57,0,0,0,-79,0
69,-381,57,0,0,0,-79,0
70,-379,57,0,0,0,-79,0
71,-376,57,0,0,0,-79,0
72,-374,57,0,0,0,-79,0
73,-371,55,0,0,0,-79,0
74,-368,54,0,0,0,-79,0
75,-364,50,0,0,0,-79,0
76,-362,48,0,0,0,-79,0
77,-361,47,0,0,0,-79,0
78,-359,45,0,0,0,-79,0
79,-357,43,0,0,0,-79,0
80,-356,42,0,0,0,-79,0
81,-355,42,0,0,0,-79,0
82,-354,41,0,0,0,-79,0
83,-353,40,0,0,0,-79,0
84,-352,40,0,0,0,-79,0
85,-351,39,0,0,0,-79,0
86,-350,38,0,0,0,-79,0
87,-349,37,0,0,0,-79,0
88,-347,37,0,0,0,-79,0
89,-345,36,0,0,0,-79,0
90,-344,36,0,0,0,-79,0
91,-343,36,0,0,0,-79,0
92,-342,36,0,0,0,-79,0
93,-342,36,0,0,0,-79,0
94,-342,36,0,0,0,-79,0
95,-342,36,0,0,0,-79,0
96,-342,36,0,0,0,-79,0
97,-342,36,0,0,0,-79,0
98,-342,36,0,0,0,-79,0
99,-342,36,0,0,0,-79,0
100,-342,36,0,0,0,-79,0
101,-342,36,0,0,0,-79,0
102,-342,36,0,0,0,-79,0
103,-342,36,0,0,0,-79,0
104,-342,36,0,0,0,-79,0
105,-342,36,0,0,0,-79,0
106,-342,36,0,0,0,-79,0
107,-342,36,0,0,0,-79,0
108,-342,35,0,0,0,-79,0
109,-342,35,0,0,0,-79,0
110,-342,35,0,0,0,-79,0
111,-342,35,0,0,0,-79,0
112,-341,40,1,0,0,-79,0
113,-341,40,1,0,0,-79,0
114,-341,40,1,0,0,-79,0
115,-341,40,1,0,0,-79,0
116,-341,40,1,0,0,-79,0
117,-341,40,1,0,0,-79,0
118,-341,40,1,0,0,-79,0
119,-341,40,1,0,0,-79,0
120,-341,40,1,0,0,-79,0
121,-341,40,1,0,0,-79,0
122,-341,41,1,0,0,-79,0
123,-342,41,1,0,0,-79,0
124,-342,42,1,0,0,-79,0
125,-343,42,1,0,0,-79,0
126,-344,43,1,0,0,-79,0
127,-344,43,1,0,0,-79,0
128,-345,44,1,0,0,-79,0
129,-346,44,1,0,0,-79,0
130,-347,46,1,0,0,-79,0
131,-349,47,1,0,0,-79,0
132,-349,47,1,0,0,-79,0
133,-349,47,1,0,0,-79,0
134,-349,47,1,0,0,-79,0
135,-349,47,1,0,0,-79,0
136,-350,48,1,0,0,-79,0
137,-351,49,1,0,0,-79,0
138,-352,50,1,0,0,-79,0
139,-352,50,1,0,0,-79,0
140,-353,50,1,0,0,-79,0
141,-353,50,1,0,0,-79,0
142,-353,50,1,0,0,-79,0
143,-353,50,1,0,0,-79,0
144,-353,50,1,0,0,-79,0
145,-353,50,1,0,0,-79,0
146,-353,50,1,0,0,-79,0
147,-356,48,1,0,0,-79,0
148,-357,47,1,0,0,-79,0
149,-361,46,1,0,0,-79,0
150,-363,44,1,0,0,-79,0
151,-363,43,1,0,0,-79,0
152,-363,43,1,0,0,-79,0
153,-363,43,1,0,0,-79,0
154,-363,43,1,0,0,-79,0
155,-363,43,1,0,0,-79,0
156,-363,43,1,0,0,-79,0
157,-364,43,1,0,0,-79,0
158,-365,42,1,0,0,-79,0
159,-366,41,1,0,0,-79,0
160,-367,41,1,0,0,-79,0
161,-370,40,1,0,0,-79,0
162,-370,39,1,0,0,-79,0
163,-371,39,1,0,0,-79,0
164,-371,39,1,0,0,-79,0
165,-371,39,1,0,0,-79,0
166,-371,39,1,0,0,-79,0
167,-371,39,1,0,0,-79,0
168,-371,39,1,0,0,-79,0
169,-374,39,1,0,0,-79,0
170,-376,41,1,0,0,-79,0
171,-377,43,1,0,0,-79,0
172,-378,43,1,0,0,-79,0
173,-378,43,1,0,0,-79,0
174,-378,43,1,0,0,-79,0
175,-378,43,1,0,0,-79,0
176,-380,44,1,0,0,-79,0
177,-381,45,1,0,0,-79,0
178,-381,45,1,0,0,-79,0
179,-381,45,1,0,0,-79,0
180,-381,45,1,0,0,-79,0
181,-381,45,1,0,0,-79,0
182,-381,45,1,0,0,-79,0
183,-381,45,1,0,0,-79,0
184,-381,45,1,0,0,-79,0
185,-381,45,1,0,0,-79,0
186,-382,44,1,0,0,-79,0
187,-382,44,1,0,0,-79,0
188,-383,42,1,0,0,-79,0
189,-385,40,1,0,0,-79,0
190,-387,38,1,0,0,-79,0
191,-388,37,1,0,0,-79,0
192,-390,36,1,0,0,-79,0
193,-391,35,1,0,0,-79,0
194,-391,35,1,0,0,-79,0
195,-392,35,1,0,0,-79,0
196,-395,34,1,0,0,-79,0
197,-399,33,1,0,0,-79,0
198,-403,32,1,0,0,-79,0
199,-408,32,1,0,0,-79,0
200,-413,32,1,0,0,-79,0
201,-418,32,1,0,0,-79,0
202,-421,34,1,0,0,-79,0
203,-422,35,1,0,0,-79,0
204,-423,36,1,0,0,-79,0
205,-423,38,1,0,0,-79,0
206,-423,39,1,0,0,-79,0
207,-424,40,1,0,0,-79,0
208,-425,45,1,0,0,-79,0
209,-426,48,1,0,0,-79,0
210,-427,51,1,0,0,-79,0
211,-428,54,1,0,0,-79,0
212,-429,57,1,0,0,-79,0
213,-430,62,1,0,0,-79,0
214,-431,67,1,0,0,-79,0
215,-433,71,1,0,0,-79,0
216,-435,74,1,0,0,-79,0
217,-435,76,1,0,0,-79,0
218,-436,77,1,0,0,-79,0
219,-436,77,1,0,0,-79,0
220,-436,77,1,0,0,-79,0
221,-436,77,1,0,0,-79,0
222,-436,77,1,0,0,-79,0
223,-436,77,1,0,0,-79,0
224,-438,76,1,0,0,-79,0
225,-443,74,1,0,0,-79,0
226,-446,71,1,0,0,-79,0
227,-448,70,1,0,0,-79,0
228,-449,69,1,0,0,-79,0
229,-449,69,1,0,0,-79,0
230,-449,69,1,0,0,-79,0
231,-451,67,1,0,0,-79,0
232,-451,66,1,0,0,-79,0
233,-452,64,1,0,0,-79,0
234,-453,64,1,0,0,-79,0
235,-454,63,1,0,0,-79,0
236,-454,63,1,0,0,-79,0
237,-454,63,1,0,0,-79,0
238,-455,62,1,0,0,-79,0
239,-455,62,1,0,0,-79,0
240,-456,61,1,0,0,-79,0
241,-456,61,1,0,0,-79,0
242,-457,60,1,0,0,-79,0
243,-460,60,1,0,0,-79,0
244,-461,59,1,0,0,-79,0
245,-462,59,1,0,0,-79,0
246,-462,58,1,0,0,-79,0
247,-462,58,1,0,0,-79,0
248,-462,58,1,0,0,-79,0
249,-462,58,1,0,0,-79,0
250,-462,58,1,0,0,-79,0
251,-462,58,1,0,0,-79,0
252,-462,58,1,0,0,-79,0
253,-462,58,1,0,0,-79,0
254,-462,58,1,0,0,-79,0
255,-462,58,1,0,0,-79,0
256,-462,58,1,0,0,-79,0
257,-463,58,1,0,0,-79,0
258,-463,58,1,0,0,-79,0
259,-463,58,1,0,0,-79,0
260,-463,58,1,0,0,-79,0
261,-463,58,1,0,0,-79,0
262,-463,58,1,0,0,-79,0
263,-463,58,1,0,0,-79,0
264,-463,58,1,0,0,-79,0
265,-463,58,1,0,0,-79,0
266,-463,58,1,0,0,-79,0
267,-464,58,1,0,0,-79,0
268,-464,58,1,0,0,-79,0
269,-464,58,1,0,0,-79,0
270,-464,59,1,0,0,-79,0
271,-464,59,1,0,0,-79,0
272,-465,59,1,0,0,-79,0
273,-465,59,1,0,0,-79,0
274,-466,59,1,0,0,-79,0
275,-466,60,1,0,0,-79,0
276,-466,60,1,0,0,-79,0
277,-466,60,1,0,0,-79,0
278,-466,60,1,0,0,-79,0
279,-466,60,1,0,0,-79,0
280,-466,60,1,0,0,-79,0
281,-466,60,1,0,0,-79,0
282,-466,60,1,0,0,-79,0
283,-466,60,1,0,0,-79,0
284,-466,60,1,0,0,-79,0
285,-466,60,1,0,0,-79,0
286,-466,60,1,0,0,-79,0
287,-466,60,1,0,0,-79,0
288,-466,60,1,0,0,-79,0
289,-466,60,1,0,0,-79,0
290,-466,60,1,0,0,-79,0
291,-466,60,1,0,0,-79,0
292,-466,60,1,0,0,-79,0
293,-466,60,1,0,0,-79,0
294,-466,60,1,0,0,-79,0
295,-466,60,1,0,0,-79,0
296,-466,60,1,0,0,-79,0
297,-466,60,1,0,0,-79,0
298,-466,60,1,0,0,-79,0
299,-466,60,1,0,0,-79,0
300,-466,60,1,0,0,-79,0
301,-466,60,1,0,0,-79,0
302,-466,60,1,0,0,-79,0
