t,x,y,fh,fv,r,s,frame:
0,-541,-29,0,0,0,-69,0
1,-541,-29,0,0,0,-69,0
2,-541,-29,0,0,0,-69,0
3,-541,-29,0,0,0,-69,0
4,-541,-29,0,0,0,-69,0
5,-541,-29,0,0,0,-69,0
6,-541,-29,0,0,0,-69,0
7,-541,-29,0,0,0,-69,0
8,-541,-29,0,0,0,-69,0
9,-541,-29,0,0,5,-69,0
10,-541,-29,0,0,10,-69,0
11,-541,-29,0,0,15,-69,0
12,-541,-30,0,0,20,-69,0
13,-541,-36,0,0,25,-69,0
14,-540,-43,0,0,30,-69,0
15,-540,-48,0,0,30,-69,0
16,-540,-55,0,0,30,-69,0
17,-540,-67,0,0,25,-69,0
18,-540,-71,0,0,20,-69,0
19,-540,-74,0,0,15,-69,0
20,-540,-77,0,0,10,-69,0
21,-541,-80,0,0,15,-69,0
22,-541,-83,0,0,20,-69,0
23,-541,-87,0,0,25,-69,0
24,-542,-91,0,0,30,-69,0
25,-543,-94,0,0,35,-69,0
26,-545,-98,0,0,30,-69,0
27,-545,-100,0,0,25,-69,0
28,-545,-102,0,0,20,-69,0
29,-545,-105,0,0,15,-69,0
30,-545,-109,0,0,10,-69,0
31,-546,-115,0,0,5,-69,0
32,-546,-119,0,0,0,-69,0
33,-546,-125,0,0,5,-69,0
34,-546,-126,0,0,10,-69,0
35,-546,-128,0,0,15,-69,0
36,-546,-129,0,0,20,-69,0
37,-546,-132,0,0,25,-69,0
38,-546,-135,0,0,20,-69,0
39,-546,-140,0,0,15,-69,0
40,-546,-147,0,0,10,-69,0
41,-546,-149,0,0,5,-69,0
42,-546,-149,0,0,0,-69,0
43,-546,-149,0,0,-5,-69,0
44,-546,-149,0,0,-10,-69,0
45,-546,-149,0,0,-5,-69,0
46,-546,-149,0,0,0,-69,0
47,-546,-149,0,0,5,-69,0
48,-546,-149,0,0,10,-69,0
49,-546,-149,0,0,15,-69,0
50,-546,-149,0,0,10,-69,0
51,-546,-149,0,0,5,-69,0
52,-546,-147,0,0,0,-69,0
53,-546,-144,0,0,-5,-69,0
54,-545,-142,0,0,-10,-69,0
55,-545,-139,0,0,-15,-69,0
56,-544,-136,0,0,-20,-69,0
57,-543,-132,0,0,-15,-69,0
58,-543,-128,0,0,-10,-69,0
59,-542,-126,0,0,-5,-69,0
60,-542,-124,0,0,0,-69,0
61,-542,-122,0,0,5,-69,0
62,-541,-120,0,0,5,-69,0
63,-540,-116,0,0,5,-69,0
64,-539,-113,0,0,0,-69,0
65,-538,-111,0,0,-5,-69,0
66,-537,-109,0,0,-10,-69,0
67,-537,-108,0,0,-15,-69,0
68,-537,-105,0,0,-20,-69,0
69,-537,-102,0,0,-15,-69,0
70,-536,-98,0,0,-10,-69,0
71,-535,-96,0,0,-5,-69,0
72,-535,-93,0,0,0,-69,0
73,-535,-91,0,0,5,-69,0
74,-535,-89,0,0,10,-69,0
75,-535,-86,0,0,15,-69,0
76,-535,-84,0,0,20,-69,0
77,-535,-82,0,0,15,-69,0
78,-534,-80,0,0,10,-69,0
79,-534,-78,0,0,5,-69,0
80,-534,-76,0,0,0,-69,0
81,-534,-74,0,0,-5,-69,0
82,-534,-71,0,0,-10,-69,0
83,-534,-68,0,0,-15,-69,0
84,-534,-64,0,0,-10,-69,0
85,-534,-60,0,0,-5,-69,0
86,-534,-57,0,0,0,-69,0
87,-534,-55,0,0,5,-69,0
88,-534,-53,0,0,10,-69,0
89,-534,-51,0,0,15,-69,0
90,-535,-49,0,0,15,-69,0
91,-535,-47,0,0,15,-69,0
92,-535,-45,0,0,10,-69,0
93,-535,-44,0,0,5,-69,0
94,-535,-43,0,0,0,-69,0
95,-535,-41,0,0,-5,-69,0
96,-536,-38,0,0,-10,-69,0
97,-537,-34,0,0,-10,-69,0
98,-537,-31,0,0,-10,-69,0
99,-538,-28,0,0,-10,-69,0
100,-539,-23,0,0,-5,-69,0
101,-540,-19,0,0,0,-69,0
102,-541,-15,0,0,5,-69,0
103,-542,-13,0,0,0,-69,0
104,-542,-13,0,0,-5,-69,0
105,-542,-13,0,0,-10,-69,0
106,-542,-13,0,0,-15,-69,0
107,-542,-13,0,0,-15,-69,0
108,-542,-14,0,0,-15,-69,0
109,-541,-29,0,0,0,-69,0
110,-541,-29,0,0,0,-69,0
111,-541,-29,0,0,0,-69,0
112,-541,-29,0,0,0,-69,0
113,-541,-29,0,0,0,-69,0
114,-541,-29,0,0,0,-69,0
115,-541,-29,0,0,0,-69,0
116,-541,-29,0,0,0,-69,0
117,-541,-29,0,0,0,-69,0
118,-541,-29,0,0,0,-69,0
119,-541,-29,0,0,0,-69,0
120,-541,-29,0,0,0,-69,0
121,-541,-29,0,0,0,-69,0
122,-541,-29,0,0,0,-69,0
123,-541,-29,0,0,0,-69,0
124,-541,-29,0,0,0,-69,0
125,-541,-29,0,0,0,-69,0
126,-541,-29,0,0,0,-69,0
127,-541,-29,0,0,0,-69,0
128,-541,-29,0,0,0,-69,0
129,-541,-29,0,0,0,-69,0
130,-541,-29,0,0,0,-69,0
131,-541,-29,0,0,0,-69,0
132,-541,-29,0,0,0,-69,0
133,-541,-29,0,0,0,-69,0
134,-541,-29,0,0,0,-69,0
135,-541,-29,0,0,0,-69,0
136,-541,-29,0,0,0,-69,0
137,-541,-29,0,0,0,-69,0
138,-541,-29,0,0,0,-69,0
139,-541,-29,0,0,0,-69,0
140,-541,-29,0,0,0,-69,0
141,-541,-29,0,0,0,-69,0
142,-541,-29,0,0,0,-69,0
143,-541,-29,0,0,0,-69,0
144,-541,-29,0,0,0,-69,0
145,-541,-29,0,0,0,-69,0
146,-541,-29,0,0,0,-69,0
147,-541,-29,0,0,0,-69,0
148,-541,-29,0,0,0,-69,0
149,-541,-29,0,0,0,-69,0
150,-541,-29,0,0,0,-69,0
151,-541,-29,0,0,0,-69,0
152,-541,-29,0,0,0,-69,0
153,-541,-29,0,0,0,-69,0
154,-541,-29,0,0,0,-69,0
155,-541,-29,0,0,0,-69,0
156,-541,-29,0,0,0,-69,0
157,-541,-29,0,0,0,-69,0
158,-541,-29,0,0,0,-69,0
159,-541,-29,0,0,0,-69,0
160,-541,-29,0,0,0,-69,0
161,-541,-29,0,0,0,-69,0
162,-541,-29,0,0,0,-69,0
163,-541,-29,0,0,0,-69,0
164,-541,-29,0,0,0,-69,0
165,-541,-29,0,0,0,-69,0
166,-541,-29,0,0,0,-69,0
167,-541,-29,0,0,0,-69,0
168,-541,-29,0,0,0,-69,0
169,-541,-29,0,0,0,-69,0
170,-541,-29,0,0,0,-69,0
171,-541,-29,0,0,0,-69,0
172,-541,-29,0,0,0,-69,0
173,-541,-29,0,0,0,-69,0
174,-541,-29,0,0,0,-69,0
175,-541,-29,0,0,0,-69,0
176,-541,-29,0,0,0,-69,0
177,-541,-29,0,0,0,-69,0
178,-541,-29,0,0,0,-69,0
179,-541,-29,0,0,0,-69,0
180,-541,-29,0,0,0,-69,0
181,-541,-29,0,0,0,-69,0
182,-541,-29,0,0,0,-69,0
183,-541,-29,0,0,0,-69,0
184,-541,-29,0,0,0,-69,0
185,-541,-29,0,0,0,-69,0
186,-541,-29,0,0,0,-69,0
187,-541,-29,0,0,0,-69,0
188,-541,-29,0,0,0,-69,0
189,-541,-29,0,0,0,-69,0
190,-541,-29,0,0,0,-69,0
191,-541,-29,0,0,0,-69,0
192,-541,-29,0,0,0,-69,0
193,-541,-29,0,0,0,-69,0
194,-541,-29,0,0,0,-69,0
195,-541,-29,0,0,0,-69,0
196,-541,-29,0,0,0,-69,0
197,-541,-29,0,0,0,-69,0
198,-541,-29,0,0,0,-69,0
199,-541,-29,0,0,0,-69,0
200,-541,-29,0,0,0,-69,0
201,-541,-29,0,0,0,-69,0
202,-541,-29,0,0,0,-69,0
203,-541,-29,0,0,0,-69,0
204,-541,-29,0,0,0,-69,0
205,-541,-29,0,0,0,-69,0
206,-541,-29,0,0,0,-69,0
207,-541,-29,0,0,0,-69,0
208,-541,-29,0,0,0,-69,0
209,-541,-29,0,0,0,-69,0
210,-541,-29,0,0,0,-69,0
211,-541,-29,0,0,0,-69,0
212,-541,-29,0,0,0,-69,0
213,-541,-29,0,0,0,-69,0
214,-541,-29,0,0,0,-69,0
215,-541,-29,0,0,0,-69,0
216,-541,-29,0,0,0,-69,0
217,-541,-29,0,0,0,-69,0
218,-541,-29,0,0,0,-69,0
219,-541,-29,0,0,0,-69,0
220,-541,-29,0,0,0,-69,0
221,-541,-29,0,0,0,-69,0
222,-541,-29,0,0,0,-69,0
223,-541,-29,0,0,0,-69,0
224,-541,-29,0,0,0,-69,0
225,-541,-29,0,0,0,-69,0
226,-541,-29,0,0,0,-69,0
227,-541,-29,0,0,0,-69,0
228,-541,-29,0,0,0,-69,0
229,-541,-29,0,0,0,-69,0
230,-541,-29,0,0,0,-69,0
231,-541,-29,0,0,0,-69,0
232,-541,-29,0,0,0,-69,0
233,-541,-29,0,0,0,-69,0
234,-541,-29,0,0,0,-69,0
235,-541,-29,0,0,0,-69,0
236,-541,-29,0,0,0,-69,0
237,-541,-29,0,0,0,-69,0
238,-541,-29,0,0,0,-69,0
239,-541,-29,0,0,0,-69,0
240,-541,-29,0,0,0,-69,0
241,-541,-29,0,0,0,-69,0
242,-541,-29,0,0,0,-69,0
243,-541,-29,0,0,0,-69,0
